2026-10-08 16:17:14,0.4556751251,9579.0664062500,0.0000000000,0.0000000000,0.0000000000,0.0000000000,0.0000000000,0.0000000000,0.0000000000,0.0000000000,0.0000000000,0.0000000000,0.0000000000,0.0000000000,0.0000000000,0.0000000000,0.0000000000
2026-10-08 16:22:48,0.5933595180,7833.9331054687,0.0000000000,0.0000000000,0.0000000000,0.0000000000,0.0000000000,0.0000000000,0.0000000000,0.0000000000,0.0000000000,0.0000000000,0.0000000000,0.0000000000,0.0000000000,0.0000000000,0.0000000000
2026-10-08 16:28:22,0.5061187267,6955.2001953125,0.0000000000,0.0000000000,0.0000000000,0.0000000000,0.0000000000,0.0000000000,0.0000000000,0.0000000000,0.0000000000,0.0000000000,0.0000000000,0.0000000000,0.0000000000,0.0000000000,0.0000000000
2026-10-08 16:33:55,0.4566210746,13352.5996093750,0.0000000000,0.0000000000,0.0000000000,0.0000000000,0.0000000000,0.0000000000,0.0000000000,0.0000000000,0.0000000000,0.0000000000,0.0000000000,0.0000000000,0.0000000000,0.0000000000,0.0000000000
2026-10-08 16:39:29,0.3840924263,11282.7998046875,0.0000000000,0.0000000000,0.0000000000,0.0000000000,0.0000000000,0.0000000000,0.0000000000,0.0000000000,0.0000000000,0.0000000000,0.0000000000,0.0000000000,0.0000000000,0.0000000000,0.0000000000
2026-10-08 16:45:03,0.3612318038,11623.2666015625,0.0000000000,0.0000000000,0.0000000000,0.0000000000,0.0000000000,0.0000000000,0.0000000000,0.0000000000,0.0000000000,0.0000000000,0.0000000000,0.0000000000,0.0000000000,0.0000000000,0.0000000000
2026-10-08 16:50:38,0.3617923736,5784.0668945312,0.0000000000,0.0000000000,0.0000000000,0.0000000000,0.0000000000,0.0000000000,0.0000000000,0.0000000000,0.0000000000,0.0000000000,0.0000000000,0.0000000000,0.0000000000,0.0000000000,0.0000000000
2026-10-08 16:56:11,0.3614848136,384.0000000000,0.0000000000,0.0000000000,0.0000000000,0.0000000000,0.0000000000,0.0000000000,0.0000000000,0.0000000000,0.0000000000,0.0000000000,0.0000000000,0.0000000000,0.0000000000,0.0000000000,0.0000000000
2026-10-08 17:01:45,0.3611133575,384.0000000000,0.0000000000,0.0000000000,0.0000000000,0.0000000000,0.0000000000,0.0000000000,0.0000000000,0.0000000000,0.0000000000,0.0000000000,0.0000000000,0.0000000000,0.0000000000,0.0000000000,0.0000000000
2026-10-08 17:07:18,0.3609931230,384.0000000000,0.0000000000,0.0000000000,0.0000000000,0.0000000000,0.0000000000,0.0000000000,0.0000000000,0.0000000000,0.0000000000,0.0000000000,0.0000000000,0.0000000000,0.0000000000,0.0000000000,0.0000000000
2026-10-08 17:12:51,0.3610374450,384.0000000000,0.0000000000,0.0000000000,0.0000000000,0.0000000000,0.0000000000,0.0000000000,0.0000000000,0.0000000000,0.0000000000,0.0000000000,0.0000000000,0.0000000000,0.0000000000,0.0000000000,0.0000000000
2026-10-08 17:18:25,0.3610162258,384.0000000000,0.0000000000,0.0000000000,0.0000000000,0.0000000000,0.0000000000,0.0000000000,0.0000000000,0.0000000000,0.0000000000,0.0000000000,0.0000000000,0.0000000000,0.0000000000,0.0000000000,0.0000000000
2026-10-08 17:23:59,0.3609493255,384.0000000000,0.0000000000,0.0000000000,0.0000000000,0.0000000000,0.0000000000,0.0000000000,0.0000000000,0.0000000000,0.0000000000,0.0000000000,0.0000000000,0.0000000000,0.0000000000,0.0000000000,0.0000000000
2026-10-08 17:29:34,0.3609424591,384.0000000000,0.0000000000,0.0000000000,0.0000000000,0.0000000000,0.0000000000,0.0000000000,0.0000000000,0.0000000000,0.0000000000,0.0000000000,0.0000000000,0.0000000000,0.0000000000,0.0000000000,0.0000000000
2026-10-08 17:35:09,0.3609379529,409.0000000000,0.0000000000,0.0000000000,0.0000000000,0.0000000000,0.0000000000,0.0000000000,0.0000000000,0.0000000000,0.0000000000,0.0000000000,0.0000000000,0.0000000000,0.0000000000,0.0000000000,0.0000000000
2026-10-08 17:40:43,0.3610312461,2820.5334472656,0.0000000000,0.0000000000,0.0000000000,0.0000000000,0.0000000000,0.0000000000,0.0000000000,0.0000000000,0.0000000000,0.0000000000,0.0000000000,0.0000000000,0.0000000000,0.0000000000,0.0000000000
2026-10-08 17:46:17,0.3613129615,6165.2001953125,0.0000000000,0.0000000000,0.0000000000,0.0000000000,0.0000000000,0.0000000000,0.0000000000,0.0000000000,0.0000000000,0.0000000000,0.0000000000,0.0000000000,0.0000000000,0.0000000000,0.0000000000
2026-10-08 17:51:52,0.3614441394,4998.2001953125,0.0000000000,0.0000000000,0.0000000000,0.0000000000,0.0000000000,0.0000000000,0.0000000000,0.0000000000,0.0000000000,0.0000000000,0.0000000000,0.0000000000,0.0000000000,0.0000000000,0.0000000000
2026-10-08 17:57:45,0.3612436294,4485.6665039062,0.0000000000,0.0000000000,0.0000000000,0.0000000000,0.0000000000,0.0000000000,0.0000000000,0.0000000000,0.0000000000,0.0000000000,0.0000000000,0.0000000000,0.0000000000,0.0000000000,0.0000000000
2026-10-08 18:03:40,0.3612089633,5185.0668945312,28.7999992370,35.8666648864,0.2873333454,14.1999998092,131.9066619873,131.9066619873,131.9066619873,7.0666666030,2.1933333873,0.9066666603,0.9926666259,0.1600000143,0.0000000000,0.0000000000,0.0000000000
2026-10-08 18:09:35,0.3615589380,3769.6667480468,16.6666660308,20.2000007629,0.2846666526,5.5333333015,65.9599990844,65.9599990844,65.9599990844,3.5333333015,1.0933333587,0.4533333301,0.4960000038,0.0800000095,0.0000000000,0.0000000000,0.0000000000
2026-10-08 18:15:29,0.3617190837,2949.4665527343,28.7999992370,35.8666648864,0.4326666831,3.2666666507,131.9266662597,131.9266662597,131.9266662597,7.1333332061,2.1333334445,0.8800000190,0.9753333091,0.1600000143,0.0000000000,0.0000000000,0.0000000000
2026-10-08 18:21:24,0.3617564678,2472.7333984375,32.4000015258,39.5333328247,0.3233333110,2.5333333015,131.9400024414,131.9400024414,131.9400024414,7.1333332061,2.0800001621,0.8466667175,0.9606666564,0.1600000143,0.0000000000,0.0000000000,0.0000000000
2026-10-08 18:27:18,0.3618515968,2027.1333007812,30.8666667938,38.0000000000,0.3273333311,2.1333334445,131.9666595458,131.9666595458,131.9666595458,7.2666668891,2.0666666030,0.8733333587,0.9753333091,0.1600000143,0.0000000000,0.0000000000,0.0000000000
2026-10-08 18:33:12,0.3619555950,1539.8000488281,20.1333332061,27.2666664123,0.2546666622,1.8666666984,131.9799957275,131.9799957275,131.9799957275,7.4000000953,2.0466666221,0.8800000190,0.9799999237,0.1600000143,0.0000000000,0.0000000000,0.0000000000
2026-10-08 18:39:06,0.3619974136,1040.1333007812,51.0000000000,37.6666679382,0.4286666870,2.0000000000,197.9933319091,197.9933319091,197.9933319091,11.1999998092,3.0399999618,1.3066667318,1.4626666069,0.2400000095,0.0000000000,0.0000000000,0.0000000000
2026-10-08 18:44:59,0.3620271205,583.1333618164,42.9333343505,53.5999984741,0.7479999542,1.0000000000,198.0000000000,198.0000000000,198.0000000000,11.1999998092,3.0266668796,1.3199999332,1.4726665019,0.2400000095,0.0000000000,0.0000000000,0.0000000000
2026-10-08 18:50:52,0.3620703458,279.0666809082,49.5333328247,60.3333320617,0.4306666374,0.6666666984,198.0066680908,198.0066680908,198.0066680908,11.3333330154,3.0200002193,1.3333333730,1.4773333072,0.2400000095,0.0000000000,0.0000000000,0.0000000000
2026-10-08 18:56:44,0.3620570659,136.3999938964,58.0666656494,72.3333358764,0.6646666049,0.4666666507,264.0266723632,264.0266723632,264.0266723632,15.2666664123,4.0266666412,1.8199998855,1.9920000076,0.3200000286,0.0000000000,0.0000000000,0.0000000000
2026-10-08 19:02:39,0.3621315956,76.1999969482,32.6666679382,39.8666648864,0.2593333244,0.1333333373,132.0133361816,132.0133361816,132.0133361816,7.6666665077,2.0066666603,0.9133333206,0.9993332862,0.1600000143,0.0000000000,0.0000000000,0.0000000000
2026-10-08 19:08:33,0.3614815473,30.7333335876,30.3999996185,37.4666671752,0.2053333282,0.0666666698,132.0066680908,132.0066680908,132.0066680908,7.7333331108,2.0000000000,0.9266666412,1.0026665925,0.1600000143,0.0000000000,0.0000000000,0.0000000000
2026-10-08 19:14:28,0.3617044448,8.9333333969,32.4000015258,39.4666671752,0.3480000019,0.0000000000,132.0266723632,132.0266723632,132.0266723632,7.8000001907,1.9800000190,0.9199999809,1.0039999485,0.1600000143,0.0000000000,0.0000000000,0.0000000000
2026-10-08 19:20:21,0.3618833541,2.9333333969,50.7333335876,61.4666671752,0.2893333435,0.0000000000,198.0599975585,198.0599975585,198.0599975585,11.8000001907,2.9466667175,1.3933333206,1.5099999904,0.2400000095,0.0000000000,0.0000000000,0.0000000000
2026-10-08 19:26:13,0.3619629383,0.8000000000,55.7999992370,70.0000000000,0.4526666641,0.0000000000,264.1199951171,264.1199951171,264.1199951171,16.0000000000,3.8866667747,1.8666666984,2.0213332176,0.3200000286,0.0000000000,0.0000000000,0.0000000000
2026-10-08 19:32:04,0.3621409416,0.2000000000,80.9333343505,98.7333297729,0.3486666679,0.0000000000,330.1600036621,330.1600036621,330.1600036621,20.2000007629,4.8266668319,2.3666665554,2.5386664867,0.4000000000,0.0000000000,0.0000000000,0.0000000000
2026-10-08 19:37:55,0.3622660636,0.0000000000,73.8666687011,91.5333328247,0.3826666355,0.0000000000,330.1666564941,330.1666564941,330.1666564941,20.4666671752,4.7800002098,2.3666665554,2.5460000038,0.4000000000,0.0000000000,0.0000000000,0.0000000000
2026-10-08 19:43:47,0.3623711824,0.0000000000,67.5333328247,81.6666641235,0.3653332948,0.0000000000,264.1533508300,264.1533508300,264.1533508300,16.5333328247,3.7799997329,1.8933333396,2.0386664867,0.3200000286,0.0000000000,0.0000000000,0.0000000000
2026-10-08 19:49:39,0.3624394416,0.0000000000,64.8000030517,78.9333343505,0.4680000305,0.0000000000,264.1600036621,264.1600036621,264.1600036621,16.6000003814,3.7400000095,1.8933333396,2.0353333950,0.3200000286,0.0000000000,0.0000000000,0.0000000000
2026-10-08 19:55:31,0.3625029087,0.0000000000,69.9333343505,60.2666664123,0.2560000181,0.0000000000,264.1866760253,264.1866760253,264.1866760253,16.9333324432,3.7066667079,1.9133334159,2.0513334274,0.3200000286,0.0000000000,0.0000000000,0.0000000000
2026-10-08 20:01:24,0.3627751111,0.0000000000,49.2000007629,59.7999992370,0.1793333435,0.0000000000,198.1599884033,198.1599884033,198.1599884033,12.8000001907,2.7333333492,1.4333333015,1.5333333015,0.2400000095,0.0000000000,0.0000000000,0.0000000000
2026-10-08 20:07:16,0.3628211021,0.0000000000,67.0000000000,57.1333351135,0.4426666259,0.2000000000,264.2666625976,264.2666625976,264.2666625976,16.9333324432,3.6066665649,1.8199998855,2.0006666183,0.3200000286,0.0000000000,0.0000000000,0.0000000000
2026-10-08 20:13:08,0.3639158725,0.0000000000,66.4666671752,80.5999984741,0.3319999933,0.0666666698,264.2533264160,264.2533264160,264.2533264160,16.8666667938,3.5800001621,1.7733333110,1.9806666374,0.3200000286,0.0000000000,0.0000000000,0.0000000000
2026-10-08 20:19:00,0.3638579368,0.0000000000,76.4000015258,90.7333297729,0.4433332920,0.1333333373,264.2400207519,264.2400207519,264.2400207519,16.7999992370,3.5266668796,1.7333333492,1.9633333206,0.3200000286,0.0000000000,0.0000000000,0.0000000000
2026-10-08 20:24:54,0.3638175010,0.0000000000,51.8666648864,62.4666671752,0.1879999732,0.0666666698,198.1800079345,198.1800079345,198.1800079345,12.7333335876,2.6333334445,1.3066667318,1.4746665954,0.2400000095,0.0000000000,0.0000000000,0.0000000000
2026-10-08 20:30:47,0.3640294551,0.0000000000,56.5333328247,67.3333358764,0.1266666531,0.0000000000,198.1800079345,198.1800079345,198.1800079345,12.9333333969,2.5800001621,1.2999999523,1.4726666450,0.2400000095,0.0000000000,0.0000000000,0.0000000000
