2026-10-07 10:16:53,0.3638662815,16117.0664062500,0.0000000000,0.0000000000,0.0000000000,0.0000000000,0.0000000000,0.0000000000,0.0000000000,0.0000000000,0.0000000000,0.0000000000,0.0000000000,0.0000000000,0.0000000000,0.0000000000,0.0000000000
2026-10-07 10:22:26,0.3637934923,16260.8662109375,0.0000000000,0.0000000000,0.0000000000,0.0000000000,0.0000000000,0.0000000000,0.0000000000,0.0000000000,0.0000000000,0.0000000000,0.0000000000,0.0000000000,0.0000000000,0.0000000000,0.0000000000
2026-10-07 10:27:59,0.3633296728,11956.2001953125,0.0000000000,0.0000000000,0.0000000000,0.0000000000,0.0000000000,0.0000000000,0.0000000000,0.0000000000,0.0000000000,0.0000000000,0.0000000000,0.0000000000,0.0000000000,0.0000000000,0.0000000000
2026-10-07 10:33:33,0.3632411003,12236.2666015625,0.0000000000,0.0000000000,0.0000000000,0.0000000000,0.0000000000,0.0000000000,0.0000000000,0.0000000000,0.0000000000,0.0000000000,0.0000000000,0.0000000000,0.0000000000,0.0000000000,0.0000000000
2026-10-07 10:39:08,0.3632765054,12653.2666015625,0.0000000000,0.0000000000,0.0000000000,0.0000000000,0.0000000000,0.0000000000,0.0000000000,0.0000000000,0.0000000000,0.0000000000,0.0000000000,0.0000000000,0.0000000000,0.0000000000,0.0000000000
2026-10-07 10:44:42,0.3631937265,14906.6669921875,0.0000000000,0.0000000000,0.0000000000,0.0000000000,0.0000000000,0.0000000000,0.0000000000,0.0000000000,0.0000000000,0.0000000000,0.0000000000,0.0000000000,0.0000000000,0.0000000000,0.0000000000
2026-10-07 10:50:16,0.3629386901,9661.1337890625,0.0000000000,0.0000000000,0.0000000000,0.0000000000,0.0000000000,0.0000000000,0.0000000000,0.0000000000,0.0000000000,0.0000000000,0.0000000000,0.0000000000,0.0000000000,0.0000000000,0.0000000000
2026-10-07 10:55:51,0.3627662420,7968.6000976562,0.0000000000,0.0000000000,0.0000000000,0.0000000000,0.0000000000,0.0000000000,0.0000000000,0.0000000000,0.0000000000,0.0000000000,0.0000000000,0.0000000000,0.0000000000,0.0000000000,0.0000000000
2026-10-07 11:01:25,0.3627418994,7193.6665039062,0.0000000000,0.0000000000,0.0000000000,0.0000000000,0.0000000000,0.0000000000,0.0000000000,0.0000000000,0.0000000000,0.0000000000,0.0000000000,0.0000000000,0.0000000000,0.0000000000,0.0000000000
2026-10-07 11:07:00,0.3623709201,10385.8662109375,0.0000000000,0.0000000000,0.0000000000,0.0000000000,0.0000000000,0.0000000000,0.0000000000,0.0000000000,0.0000000000,0.0000000000,0.0000000000,0.0000000000,0.0000000000,0.0000000000,0.0000000000
2026-10-07 11:12:34,0.3623299837,11978.4003906250,0.0000000000,0.0000000000,0.0000000000,0.0000000000,0.0000000000,0.0000000000,0.0000000000,0.0000000000,0.0000000000,0.0000000000,0.0000000000,0.0000000000,0.0000000000,0.0000000000,0.0000000000
2026-10-07 11:18:09,0.3621375322,12205.7333984375,0.0000000000,0.0000000000,0.0000000000,0.0000000000,0.0000000000,0.0000000000,0.0000000000,0.0000000000,0.0000000000,0.0000000000,0.0000000000,0.0000000000,0.0000000000,0.0000000000,0.0000000000
2026-10-07 11:23:43,0.3623753070,16559.8671875000,0.0000000000,0.0000000000,0.0000000000,0.0000000000,0.0000000000,0.0000000000,0.0000000000,0.0000000000,0.0000000000,0.0000000000,0.0000000000,0.0000000000,0.0000000000,0.0000000000,0.0000000000
2026-10-07 11:29:18,0.3620986461,16520.1328125000,0.0000000000,0.0000000000,0.0000000000,0.0000000000,0.0000000000,0.0000000000,0.0000000000,0.0000000000,0.0000000000,0.0000000000,0.0000000000,0.0000000000,0.0000000000,0.0000000000,0.0000000000
2026-10-07 11:34:51,0.3617158889,17065.4667968750,0.0000000000,0.0000000000,0.0000000000,0.0000000000,0.0000000000,0.0000000000,0.0000000000,0.0000000000,0.0000000000,0.0000000000,0.0000000000,0.0000000000,0.0000000000,0.0000000000,0.0000000000
2026-10-07 11:40:24,0.3615234375,15765.2666015625,0.0000000000,0.0000000000,0.0000000000,0.0000000000,0.0000000000,0.0000000000,0.0000000000,0.0000000000,0.0000000000,0.0000000000,0.0000000000,0.0000000000,0.0000000000,0.0000000000,0.0000000000
2026-10-07 11:45:57,0.3610261678,12936.4003906250,0.0000000000,0.0000000000,0.0000000000,0.0000000000,0.0000000000,0.0000000000,0.0000000000,0.0000000000,0.0000000000,0.0000000000,0.0000000000,0.0000000000,0.0000000000,0.0000000000,0.0000000000
2026-10-07 11:51:32,0.3614280700,12320.7333984375,0.0000000000,0.0000000000,0.0000000000,0.0000000000,0.0000000000,0.0000000000,0.0000000000,0.0000000000,0.0000000000,0.0000000000,0.0000000000,0.0000000000,0.0000000000,0.0000000000,0.0000000000
2026-10-07 11:57:25,0.3612029075,14667.5996093750,0.0000000000,0.0000000000,0.0000000000,0.0000000000,0.0000000000,0.0000000000,0.0000000000,0.0000000000,0.0000000000,0.0000000000,0.0000000000,0.0000000000,0.0000000000,0.0000000000,0.0000000000
2026-10-07 12:03:21,0.3608789205,13565.0664062500,9.5333337783,13.0666666030,0.1819999885,44.2000007629,65.4599990844,65.4599990844,65.4599990844,3.7333333492,1.3200000524,0.7266666889,0.6466666221,0.0800000095,0.0000000000,0.0000000000,0.0000000000
2026-10-07 12:09:16,0.3610341072,898.5999755859,12.4666662216,16.0000000000,0.2059999942,34.6666679382,65.4466705322,65.4466705322,65.4466705322,3.6666667461,1.2999999523,0.6933333873,0.6266666412,0.0800000095,0.0000000000,0.0000000000,0.0000000000
2026-10-07 12:15:12,0.3606157541,435.1333312988,9.4666662216,13.0000000000,0.1913333129,41.1333351135,65.4400024414,65.4400024414,65.4400024414,3.7333333492,1.3266665935,0.7266666889,0.6459999561,0.0800000095,0.0000000000,0.0000000000,0.0000000000
2026-10-07 12:21:07,0.3600210905,384.0000000000,8.1999998092,11.7333335876,0.3126666784,41.0000000000,65.4266662597,65.4266662597,65.4266662597,3.6666667461,1.3333333730,0.7133333206,0.6373332977,0.0800000095,0.0000000000,0.0000000000,0.0000000000
2026-10-07 12:27:02,0.3601817131,384.0000000000,20.3999996185,27.4666671752,0.5146666526,83.2666702270,130.8533325195,130.8533325195,130.8533325195,7.3333334922,2.6666667461,1.4400000572,1.2819999504,0.1600000143,0.0000000000,0.0000000000,0.0000000000
2026-10-07 12:32:57,0.3599424839,384.0000000000,9.9333333969,13.4666662216,0.2113333225,42.1333351135,65.4333343505,65.4333343505,65.4333343505,3.5999999046,1.3666666746,0.7266666889,0.6453332901,0.0800000095,0.0000000000,0.0000000000,0.0000000000
2026-10-07 12:38:53,0.3596071004,384.0000000000,12.9333333969,16.4666671752,0.1526666641,45.6666679382,65.4266662597,65.4266662597,65.4266662597,3.5999999046,1.3799999952,0.7400000095,0.6513332843,0.0800000095,0.0000000000,0.0000000000,0.0000000000
2026-10-07 12:44:48,0.3591058731,384.0000000000,9.3999996185,12.9333333969,0.0793333292,45.7999992370,65.4066696166,65.4066696166,65.4066696166,3.4000000953,1.4266666412,0.7333333492,0.6446666717,0.0800000095,0.0000000000,0.0000000000,0.0000000000
2026-10-07 12:50:44,0.3593605756,441.7999877929,12.2666664123,15.8000001907,0.1846666526,45.6666679382,65.4000015258,65.4000015258,65.4000015258,3.4000000953,1.4066666603,0.7200000286,0.6386666774,0.0800000095,0.0000000000,0.0000000000,0.0000000000
2026-10-07 12:56:39,0.3591699600,599.4666748046,9.8666667938,13.3999996185,0.1033333301,47.2000007629,65.4000015258,65.4000015258,65.4000015258,3.4000000953,1.4333333015,0.7400000095,0.6513332843,0.0800000095,0.0000000000,0.0000000000,0.0000000000
2026-10-07 13:02:35,0.3590700864,3482.9333496093,14.7333335876,18.2666664123,0.1379999995,18.6666660308,65.3933334350,65.3933334350,65.3933334350,3.3333332538,1.4599999427,0.7466666698,0.6546666622,0.0800000095,0.0000000000,0.0000000000,0.0000000000
2026-10-07 13:08:30,0.3596180677,8099.9331054687,17.6000003814,21.1333332061,0.2946666717,16.1333332061,65.3799972534,65.3799972534,65.3799972534,3.3333332538,1.4333333015,0.7200000286,0.6379999637,0.0800000095,0.0000000000,0.0000000000,0.0000000000
2026-10-07 13:14:26,0.3599457502,15528.7998046875,11.0000000000,14.5333337783,0.1879999923,14.5333337783,65.3866653442,65.3866653442,65.3866653442,3.4000000953,1.4266666412,0.7333333492,0.6459999561,0.0800000095,0.0000000000,0.0000000000,0.0000000000
2026-10-07 13:20:21,0.3600329160,5156.9331054687,12.0000000000,15.5333337783,0.2886666774,43.7333335876,65.3733367919,65.3733367919,65.3733367919,3.4000000953,1.4133334159,0.7266666889,0.6406666755,0.0800000095,0.0000000000,0.0000000000,0.0000000000
2026-10-07 13:26:17,0.3593909978,384.0000000000,17.0000000000,20.5333328247,0.1180000066,42.3333320617,65.3733367919,65.3733367919,65.3733367919,3.3333332538,1.4266666412,0.7200000286,0.6386666774,0.0800000095,0.0000000000,0.0000000000,0.0000000000
2026-10-07 13:32:12,0.3589763402,384.0000000000,9.9333333969,13.4666662216,0.3466666698,41.8666648864,65.3733367919,65.3733367919,65.3733367919,3.2666666507,1.4466667175,0.7133333206,0.6346666336,0.0800000095,0.0000000000,0.0000000000,0.0000000000
2026-10-07 13:38:08,0.3588938713,384.0000000000,13.1999998092,16.7333335876,0.1953333091,41.7333335876,65.3533325195,65.3533325195,65.3533325195,3.2000000476,1.4599999427,0.7066667079,0.6300000190,0.0800000095,0.0000000000,0.0000000000,0.0000000000
2026-10-07 13:44:04,0.3603201150,384.0000000000,11.0000000000,14.5333337783,0.3253333330,41.4000015258,65.3533325195,65.3533325195,65.3533325195,3.2000000476,1.4666666984,0.7133333206,0.6306666851,0.0800000095,0.0000000000,0.0000000000,0.0000000000
2026-10-07 13:49:59,0.3599170207,384.0000000000,8.7333335876,12.2666664123,0.0959999942,41.3333320617,65.3400039672,65.3400039672,65.3400039672,3.2000000476,1.4733333587,0.7066667079,0.6266666412,0.0800000095,0.0000000000,0.0000000000,0.0000000000
2026-10-07 13:55:55,0.3598850727,384.0000000000,9.4666662216,13.0000000000,0.1046666622,41.0000000000,65.3333358764,65.3333358764,65.3333358764,3.5333333015,1.4866667747,0.8266667366,0.7053333282,0.0800000095,0.0000000000,0.0000000000,0.0000000000
2026-10-07 14:01:50,0.3598206281,384.0000000000,15.8666667938,19.3999996185,0.1573333263,40.2666664123,65.3199996948,65.3199996948,65.3199996948,3.5333333015,1.4800000190,0.8266667366,0.7060000419,0.0800000095,0.0000000000,0.0000000000,0.0000000000
2026-10-07 14:07:46,0.3595815181,384.0000000000,13.6000003814,17.1333332061,0.2713333129,40.5999984741,65.3199996948,65.3199996948,65.3199996948,3.5333333015,1.4933333396,0.8333333015,0.7099999904,0.0800000095,0.0000000000,0.0000000000,0.0000000000
2026-10-07 14:13:41,0.3594101667,384.0000000000,16.3333339691,19.8666667938,0.0726666688,39.7999992370,65.3133316040,65.3133316040,65.3133316040,3.4000000953,1.5200000762,0.8266667366,0.7039999485,0.0800000095,0.0000000000,0.0000000000,0.0000000000
2026-10-07 14:19:37,0.3592110872,384.0000000000,19.2000007629,22.7333335876,0.0599999952,39.2666664123,65.3133316040,65.3133316040,65.3133316040,3.4000000953,1.5333333015,0.8333333015,0.7106666564,0.0800000095,0.0000000000,0.0000000000,0.0000000000
2026-10-07 14:25:32,0.3593454122,384.0000000000,10.0666666030,13.6000003814,0.1493333339,38.6666679382,65.3133316040,65.3133316040,65.3133316040,3.4000000953,1.5133334159,0.8066666603,0.6906666278,0.0800000095,0.0000000000,0.0000000000,0.0000000000
2026-10-07 14:31:28,0.3592247009,384.0000000000,11.9333333969,15.4666662216,0.1700000047,38.2000007629,65.3133316040,65.3133316040,65.3133316040,3.4000000953,1.5200000762,0.8199999809,0.6986666202,0.0800000095,0.0000000000,0.0000000000,0.0000000000
2026-10-07 14:37:23,0.3591153860,384.0000000000,12.4666662216,16.0000000000,0.1433333301,38.0000000000,65.3000030517,65.3000030517,65.3000030517,3.4000000953,1.5133334159,0.8066666603,0.6940000057,0.0800000095,0.0000000000,0.0000000000,0.0000000000
2026-10-07 14:43:19,0.3589614629,384.0000000000,10.0000000000,13.5333337783,0.1786666488,37.0666656494,65.3000030517,65.3000030517,65.3000030517,3.4000000953,1.5266666412,0.8199999809,0.7006666660,0.0800000095,0.0000000000,0.0000000000,0.0000000000
2026-10-07 14:49:14,0.3588700056,384.0000000000,8.6666669845,12.1999998092,0.0500000000,36.5999984741,65.2933349609,65.2933349609,65.2933349609,3.4000000953,1.5266666412,0.8199999809,0.6986666202,0.0800000095,0.0000000000,0.0000000000,0.0000000000
2026-10-07 14:55:10,0.3586236238,384.0000000000,9.6666669845,13.1999998092,0.1480000019,35.8666648864,65.2866668701,65.2866668701,65.2866668701,3.3333332538,1.5733333587,0.8400000572,0.7106666564,0.0733333349,0.0000000000,0.0000000000,0.0000000000
2026-10-07 15:01:05,0.3587509632,384.0000000000,14.0666666030,17.6000003814,0.1419999837,35.0666656494,65.2866668701,65.2866668701,65.2866668701,3.2666666507,1.5666666984,0.8133333206,0.6946666717,0.0733333349,0.0000000000,0.0000000000,0.0000000000
2026-10-07 15:07:01,0.3587265014,384.0000000000,14.4666662216,18.0000000000,0.1213333368,34.5333328247,65.2799987792,65.2799987792,65.2799987792,3.2666666507,1.5599999427,0.8199999809,0.6966666698,0.0800000095,0.0000000000,0.0000000000,0.0000000000
2026-10-07 15:12:56,0.3586485624,384.0000000000,11.9333333969,15.4666662216,0.1879999923,33.7333335876,65.2799987792,65.2799987792,65.2799987792,3.3333332538,1.5533333778,0.8199999809,0.6986666202,0.0800000095,0.0000000000,0.0000000000,0.0000000000
2026-10-07 15:18:52,0.3585377931,384.0000000000,12.1999998092,15.7333335876,0.1659999942,32.7999992370,65.2733383178,65.2733383178,65.2733383178,3.2666666507,1.5733333587,0.8199999809,0.7006666660,0.0733333349,0.0000000000,0.0000000000,0.0000000000
2026-10-07 15:24:47,0.3586185932,384.0000000000,16.6666660308,20.2000007629,0.1359999895,32.4000015258,65.2666702270,65.2666702270,65.2666702270,3.2666666507,1.5666666984,0.8199999809,0.6986666202,0.0733333349,0.0000000000,0.0000000000,0.0000000000
2026-10-07 15:30:43,0.3585911989,384.0000000000,16.0666675567,19.6000003814,0.0453333330,31.3333339691,65.2600021362,65.2600021362,65.2600021362,3.3333332538,1.5533333778,0.8266667366,0.7033333301,0.0800000095,0.0000000000,0.0000000000,0.0000000000
2026-10-07 15:36:38,0.3585267066,384.0000000000,14.2666664123,17.7999992370,0.3140000104,30.7333335876,65.2600021362,65.2600021362,65.2600021362,3.2666666507,1.5800000190,0.8266667366,0.7046666622,0.0733333349,0.0000000000,0.0000000000,0.0000000000
2026-10-07 15:42:34,0.3586736917,3245.6667480468,10.1999998092,13.7333335876,0.3406666517,27.3999996185,65.2600021362,65.2600021362,65.2600021362,3.2666666507,1.5599999427,0.8133333206,0.6960000038,0.0733333349,0.0000000000,0.0000000000,0.0000000000
2026-10-07 15:48:29,0.3585473299,384.0000000000,13.6000003814,17.1333332061,0.2253333091,29.2000007629,65.2600021362,65.2600021362,65.2600021362,3.2666666507,1.5800000190,0.8266667366,0.7026666641,0.0733333349,0.0000000000,0.0000000000,0.0000000000
2026-10-07 15:54:25,0.3585234165,384.0000000000,14.3999996185,17.9333324432,0.1853333282,28.4666671752,65.2600021362,65.2600021362,65.2600021362,3.2666666507,1.5800000190,0.8333333015,0.7079999923,0.0733333349,0.0000000000,0.0000000000,0.0000000000
2026-10-07 16:00:20,0.3584519624,384.0000000000,10.4666662216,14.0000000000,0.1513333320,27.2000007629,65.2600021362,65.2600021362,65.2600021362,3.2666666507,1.5866666793,0.8333333015,0.7079999923,0.0733333349,0.0000000000,0.0000000000,0.0000000000
2026-10-07 16:06:16,0.3583946228,384.0000000000,11.5333337783,15.0666666030,0.1373333334,26.5333328247,65.2400054931,65.2400054931,65.2400054931,3.2666666507,1.5866666793,0.8333333015,0.7086667060,0.0733333349,0.0000000000,0.0000000000,0.0000000000
