2026-10-07 04:16:50,0.3647794961,0.0000000000,132.7333374023,182.2666625976,1.4453333854,0.6666666984,920.6867065429,920.6867065429,920.6867065429,65.1999969482,11.9466686248,6.9466671943,7.3353333473,1.1200000047,0.0000000000,0.0000000000,0.0000000000
2026-10-07 04:22:25,0.3647819519,0.0000000000,128.7333374023,178.2666625976,1.7500000000,0.2666666746,920.6200561523,920.6200561523,920.6200561523,65.3333358764,11.9466686248,7.0000000000,7.3533325195,1.1200000047,0.0000000000,0.0000000000,0.0000000000
2026-10-07 04:27:59,0.3647886514,0.0000000000,122.8000030517,172.6666717529,1.3473333120,0.2666666746,920.5666503906,920.5666503906,920.5666503906,65.3333358764,11.9466686248,7.0000000000,7.3773336410,1.1200000047,0.0000000000,0.0000000000,0.0000000000
2026-10-07 04:33:33,0.3648009061,0.0000000000,128.4666595458,178.1999969482,1.1753331422,0.6000000000,920.5399780273,920.5399780273,920.5399780273,65.3333358764,11.9466686248,7.0866656303,7.3973326683,1.1200000047,0.0000000000,0.0000000000,0.0000000000
2026-10-07 04:39:08,0.3648357868,0.0000000000,134.0000000000,183.6666717529,1.3413333892,0.5333333492,920.4866943359,920.4866943359,920.4866943359,65.3333358764,11.9466686248,7.0933322906,7.4133324623,1.1200000047,0.0000000000,0.0000000000,0.0000000000
2026-10-07 04:44:42,0.3648168563,0.0000000000,135.3333282470,184.9333343505,1.3439999818,0.6666666984,920.4066162109,920.4066162109,920.4066162109,65.3333358764,11.9733324050,7.1199984550,7.4306669235,1.1200000047,0.0000000000,0.0000000000,0.0000000000
2026-10-07 04:50:16,0.3648197412,0.0000000000,135.9333343505,185.7333374023,1.4693332672,0.2666666746,920.3000488281,920.3000488281,920.3000488281,65.5999984741,11.9733343124,7.1733326911,7.4440002441,1.1200000047,0.0000000000,0.0000000000,0.0000000000
2026-10-07 04:55:51,0.3648495435,0.0000000000,139.5333404541,189.0666656494,1.5413334369,0.2000000000,920.1867675781,920.1867675781,920.1867675781,66.2666702270,11.9466686248,7.1866660118,7.4519991874,1.1200000047,0.0000000000,0.0000000000,0.0000000000
2026-10-07 05:01:25,0.3648408412,0.0000000000,138.1333312988,187.6000061035,2.0386664867,0.3333333492,920.1333618164,920.1333618164,920.1333618164,66.2666702270,11.9466686248,7.1866660118,7.4713339805,1.1200000047,0.0000000000,0.0000000000,0.0000000000
2026-10-07 05:07:00,0.3648477554,0.0000000000,141.2666625976,190.8000030517,1.7213331222,0.0000000000,920.0466918945,920.0466918945,920.0466918945,66.2666702270,11.8933315277,7.2533340454,7.4959998130,1.1200000047,0.0000000000,0.0000000000,0.0000000000
2026-10-07 05:12:34,0.3648857593,0.0000000000,132.0666656494,181.5333404541,1.9206667900,0.2000000000,919.9733276367,919.9733276367,919.9733276367,67.0000000000,11.8533315658,7.2866673469,7.5179991722,1.1200000047,0.0000000000,0.0000000000,0.0000000000
2026-10-07 05:18:08,0.3648945331,0.0000000000,117.2666702270,167.0000000000,1.6159999370,0.4000000000,919.9533081054,919.9533081054,919.9533081054,67.1999969482,11.9133338928,7.3133339881,7.5386667251,1.1200000047,0.0000000000,0.0000000000,0.0000000000
2026-10-07 05:23:42,0.3649104833,0.0000000000,127.1999969482,176.7333374023,1.6553332805,0.2000000000,919.8866577148,919.8866577148,919.8866577148,67.1999969482,11.9000005722,7.3666677474,7.5559997558,1.1200000047,0.0000000000,0.0000000000,0.0000000000
2026-10-07 05:29:17,0.3642750740,0.0000000000,135.7333374023,185.3333282470,1.5306665897,0.0666666698,919.7401123046,919.7401123046,919.7401123046,67.1999969482,11.8533315658,7.3733344078,7.5680003166,1.1200000047,0.0000000000,0.0000000000,0.0000000000
2026-10-07 05:34:51,0.3644368886,0.0000000000,123.1999969482,173.1333312988,1.1906666755,0.1333333373,919.7533569335,919.7533569335,919.7533569335,67.4666671752,11.8200006484,7.3733344078,7.5766677856,1.1200000047,0.0000000000,0.0000000000,0.0000000000
2026-10-07 05:40:25,0.3645763635,0.0000000000,127.1333312988,176.6000061035,1.2079999446,0.3333333492,919.6533203125,919.6533203125,919.6533203125,68.1333312988,11.7600002288,7.4333333969,7.5980000495,1.1200000047,0.0000000000,0.0000000000,0.0000000000
2026-10-07 05:46:00,0.3645524024,0.0000000000,134.3999938964,184.2666625976,1.4526666641,0.3333333492,919.6066284179,919.6066284179,919.6066284179,68.1333312988,11.7600002288,7.4666666984,7.6166658401,1.1200000047,0.0000000000,0.0000000000,0.0000000000
2026-10-07 05:51:34,0.3645303487,0.0000000000,142.2666625976,191.7333374023,1.6653332710,0.9333333015,919.5065917968,919.5065917968,919.5065917968,68.1333312988,11.7600002288,7.4800000190,7.6339993476,1.1200000047,0.0000000000,0.0000000000,0.0000000000
2026-10-07 05:57:25,0.3645387887,0.0000000000,28.7999992370,39.5999984741,0.3433332920,0.2000000000,197.0266723632,197.0266723632,197.0266723632,14.6000003814,2.5266668796,1.6200001239,1.6446666717,0.2400000095,0.0000000000,0.0000000000,0.0000000000
2026-10-07 06:03:17,0.3644936323,0.0000000000,38.7999992370,52.9333343505,0.4546666622,0.2000000000,262.6600036621,262.6600036621,262.6600036621,19.4666671752,3.3800001144,2.1666667461,2.1960000991,0.3200000286,0.0000000000,0.0000000000,0.0000000000
2026-10-07 06:09:09,0.3645292520,0.0000000000,35.0000000000,49.3333320617,0.3800000190,0.1333333373,262.6533508300,262.6533508300,262.6533508300,19.6666660308,3.3866665363,2.1866667270,2.2053332328,0.3200000286,0.0000000000,0.0000000000,0.0000000000
2026-10-07 06:15:01,0.3645704984,0.0000000000,36.8666648864,51.0666656494,0.4419999599,0.0000000000,262.6733398437,262.6733398437,262.6733398437,19.7333335876,3.3866665363,2.1866667270,2.2086665630,0.3200000286,0.0000000000,0.0000000000,0.0000000000
2026-10-07 06:20:53,0.3646062612,0.0000000000,38.1333351135,52.3333320617,0.4206666469,0.1333333373,262.6600036621,262.6600036621,262.6600036621,19.7333335876,3.3866665363,2.2133333683,2.2166666984,0.3200000286,0.0000000000,0.0000000000,0.0000000000
2026-10-07 06:26:44,0.3645969867,0.0000000000,44.0666656494,61.7333335876,0.2706666469,0.2000000000,328.3333435058,328.3333435058,328.3333435058,24.6666660308,4.2333331108,2.7666666507,2.7779998779,0.4000000000,0.0000000000,0.0000000000,0.0000000000
2026-10-07 06:32:36,0.3655186891,0.0000000000,40.0666656494,54.4666671752,0.2339999914,0.0000000000,262.6600036621,262.6600036621,262.6600036621,19.7333335876,3.3866665363,2.2133333683,2.2226667404,0.3200000286,0.0000000000,0.0000000000,0.0000000000
2026-10-07 06:38:28,0.3660927057,0.0000000000,37.8666648864,52.0666656494,0.3993333339,0.2000000000,262.6066589355,262.6066589355,262.6066589355,19.9333324432,3.3866665363,2.2400002479,2.2326667308,0.3200000286,0.0000000000,0.0000000000,0.0000000000
2026-10-07 06:44:22,0.3661168098,0.0000000000,37.4000015258,48.0000000000,0.0866666698,0.0666666698,196.9533386230,196.9533386230,196.9533386230,15.0000000000,2.5399999618,1.6800000667,1.6740000247,0.2400000095,0.0000000000,0.0000000000,0.0000000000
2026-10-07 06:50:14,0.3664410352,0.4000000000,38.5999984741,52.7333335876,0.2766666650,0.0000000000,262.5733337402,262.5733337402,262.5733337402,20.0000000000,3.3600001335,2.2400002479,2.2326664924,0.3200000286,0.0000000000,0.0000000000,0.0000000000
2026-10-07 06:56:05,0.3662861824,1.6000000000,44.0000000000,61.6666679382,0.3733333587,0.3333333492,328.2133483886,328.2133483886,328.2133483886,25.0000000000,4.1999998092,2.8266668319,2.8079998016,0.4000000000,0.0000000000,0.0000000000,0.0000000000
2026-10-07 07:01:56,0.3661293506,4.9333333969,58.4666671752,76.1999969482,0.3359999656,0.4666666507,328.2000122070,328.2000122070,328.2000122070,25.0000000000,4.2133336067,2.8333332061,2.8146665573,0.4000000000,0.0000000000,0.0000000000,0.0000000000
2026-10-07 07:07:48,0.3659453153,14.2666664123,47.0000000000,61.2000007629,0.3586666822,0.4666666507,262.5599975585,262.5599975585,262.5599975585,20.0000000000,3.4000000953,2.2799999713,2.2613332271,0.3200000286,0.0000000000,0.0000000000,0.0000000000
2026-10-07 07:13:40,0.3658535957,36.5999984741,39.7999992370,54.0666656494,0.3486666679,0.5333333492,262.5400085449,262.5400085449,262.5400085449,20.0000000000,3.4133334159,2.3133332729,2.2766664028,0.3200000286,0.0000000000,0.0000000000,0.0000000000
2026-10-07 07:19:32,0.3658900737,89.2666702270,36.0666656494,50.2000007629,0.3106666564,1.2666666507,262.5400085449,262.5400085449,262.5400085449,20.0666675567,3.4400000572,2.3266665935,2.2866666316,0.3200000286,0.0000000000,0.0000000000,0.0000000000
2026-10-07 07:25:24,0.3658662080,209.8666687011,43.3333320617,57.5333328247,0.3593333244,1.9333333015,262.5400085449,262.5400085449,262.5400085449,20.2666664123,3.4466667175,2.3466668128,2.2946665287,0.3200000286,0.0000000000,0.0000000000,0.0000000000
2026-10-07 07:31:17,0.3657675266,343.1333312988,31.0666675567,41.6666679382,0.2600000143,2.1333334445,196.8999938964,196.8999938964,196.8999938964,15.1999998092,2.5999999046,1.7733334541,1.7273331642,0.2400000095,0.0000000000,0.0000000000,0.0000000000
2026-10-07 07:37:10,0.3656320095,492.3333435058,32.6666679382,43.2666664123,0.2946666717,2.5999999046,196.8866729736,196.8866729736,196.8866729736,15.1999998092,2.6133334636,1.7933334350,1.7380000114,0.2400000095,0.0000000000,0.0000000000,0.0000000000
2026-10-07 07:43:05,0.3655781984,616.0666503906,19.0000000000,26.1333332061,0.2039999961,2.0000000000,131.2533416748,131.2533416748,131.2533416748,10.1333332061,1.7533333301,1.2000000476,1.1633334159,0.1600000143,0.0000000000,0.0000000000,0.0000000000
2026-10-07 07:48:58,0.3655362129,915.7999877929,32.4000015258,43.0000000000,0.2480000019,3.4000000953,196.8733367919,196.8733367919,196.8733367919,15.0000000000,2.6466667652,1.8133334159,1.7519999504,0.2400000095,0.0000000000,0.0000000000,0.0000000000
2026-10-07 07:54:51,0.3654670238,1061.0666503906,37.2000007629,47.7999992370,0.2526666641,3.9333333969,196.8533325195,196.8533325195,196.8533325195,15.0000000000,2.6666667461,1.8266667366,1.7613333702,0.2400000095,0.0000000000,0.0000000000,0.0000000000
2026-10-07 08:00:44,0.3654534578,1078.6666259765,35.0000000000,45.5999984741,0.2073333263,4.1333332061,196.8466644287,196.8466644287,196.8466644287,15.0000000000,2.6866669654,1.8466667175,1.7693333625,0.2400000095,0.0000000000,0.0000000000,0.0000000000
