2026-09-29 22:14:49,0.3682530164,0.0000000000,80.7333297729,131.1333312988,0.3973333358,1.5333333015,926.3799438476,926.3799438476,926.3799438476,69.0666656494,15.4266681671,11.1733341217,9.8013334274,1.1200000047,0.0000000000,0.0000000000,0.0000000000
2026-09-29 22:20:24,0.3680434465,0.0000000000,98.8000030517,124.2666702270,0.2253333091,1.6666666030,926.3732910156,926.3732910156,926.3732910156,69.0666656494,15.4600009918,11.1999998092,9.8093328475,1.1200000047,0.0000000000,0.0000000000,0.0000000000
2026-09-29 22:25:58,0.3684689760,0.0000000000,106.4666671752,156.1999969482,0.3386667013,2.0000000000,926.4333496093,926.4333496093,926.4333496093,69.0666656494,15.3999996185,11.1999998092,9.8326673507,1.1200000047,0.0000000000,0.0000000000,0.0000000000
2026-09-29 22:31:33,0.3683737516,0.0000000000,73.5333328247,123.0666656494,0.4660000324,1.9333333015,926.4533081054,926.4533081054,926.4533081054,70.0000000000,15.3999996185,11.2866678237,9.8873319625,1.1200000047,0.0000000000,0.0000000000,0.0000000000
2026-09-29 22:37:07,0.3684365272,0.0000000000,71.4666671752,120.9333343505,0.3406666755,1.8666666984,926.4599609375,926.4599609375,926.4599609375,70.0000000000,15.4066667556,11.3133344650,9.9033336639,1.1200000047,0.0000000000,0.0000000000,0.0000000000
2026-09-29 22:42:42,0.3683743476,0.0000000000,76.0666656494,125.5333328247,0.3513333320,2.0000000000,926.5799560546,926.5799560546,926.5799560546,70.0000000000,15.3999996185,11.3533315658,9.9353332519,1.1200000047,0.0000000000,0.0000000000,0.0000000000
2026-09-29 22:48:16,0.3677932739,0.0000000000,114.8000030517,68.2666702270,0.2493333339,2.7999999523,926.6065673828,926.6065673828,926.6065673828,70.7333297729,15.3266639709,11.4466686248,9.9913330078,1.1200000047,0.0000000000,0.0000000000,0.0000000000
2026-09-29 22:53:51,0.3680532455,0.0000000000,195.3999938964,77.6666641235,0.1913333129,1.6666666030,926.5733642578,926.5733642578,926.5733642578,71.5999984741,15.2266683578,11.4733343124,10.0126667022,1.1200000047,0.0000000000,0.0000000000,0.0000000000
2026-09-29 22:59:25,0.3683701515,0.0000000000,141.4666595458,95.0000000000,0.1606666803,0.9333333015,926.5400390625,926.5400390625,926.5400390625,71.8666687011,15.1199979782,11.3866643905,9.9633331298,1.1200000047,0.0000000000,0.0000000000,0.0000000000
2026-09-29 23:05:00,0.3682990550,0.0000000000,141.3999938964,70.8666687011,0.2713333129,1.3333333730,926.5667114257,926.5667114257,926.5667114257,71.9333343505,15.0466699600,11.3866643905,9.9573326110,1.1200000047,0.0000000000,0.0000000000,0.0000000000
2026-09-29 23:10:34,0.3679929256,0.0000000000,248.8000030517,82.4000015258,0.2486666679,1.7999999523,926.5534057617,926.5534057617,926.5534057617,72.8000030517,15.0266695022,11.4533348083,10.0099992752,1.1200000047,0.0000000000,0.0000000000,0.0000000000
2026-09-29 23:16:09,0.3679831504,0.0000000000,181.7333374023,112.0666656494,0.1473333358,1.2000000476,926.5799560546,926.5799560546,926.5799560546,72.8000030517,15.0266695022,11.4800014495,10.0386667251,1.1200000047,0.0000000000,0.0000000000,0.0000000000
2026-09-29 23:21:43,0.3676260948,0.0000000000,49.1333351135,99.5333328247,0.6706666469,1.8666666984,926.5266113281,926.5266113281,926.5266113281,72.8000030517,15.0599994659,11.6199998855,10.1273336410,1.1200000047,0.0000000000,0.0000000000,0.0000000000
2026-09-29 23:27:17,0.3675642013,0.0000000000,58.0000000000,83.5999984741,0.4733333110,1.3999999809,926.3999633789,926.3999633789,926.3999633789,72.8000030517,15.1199979782,11.6533336639,10.1459989547,1.1200000047,0.0000000000,0.0000000000,0.0000000000
2026-09-29 23:32:52,0.3675338745,0.0000000000,43.7333335876,93.4000015258,0.7979999542,1.2666666507,926.3067016601,926.3067016601,926.3067016601,73.4666671752,15.1799983978,11.7933330535,10.2526674270,1.1200000047,0.0000000000,0.0000000000,0.0000000000
2026-09-29 23:38:26,0.3673315286,0.0000000000,65.0666656494,114.8000030517,0.6953332901,1.8666666984,926.2600097656,926.2600097656,926.2600097656,73.7333297729,15.4133338928,12.0666666030,10.4413328170,1.1200000047,0.0000000000,0.0000000000,0.0000000000
2026-09-29 23:44:00,0.3671231508,0.0000000000,57.0000000000,106.5333328247,0.8920000076,1.5333333015,926.2533569335,926.2533569335,926.2533569335,73.7333297729,15.5933332443,12.2200012207,10.5420007705,1.1200000047,0.0000000000,0.0000000000,0.0000000000
2026-09-29 23:49:34,0.3670476913,0.0000000000,51.8666648864,102.0000000000,0.9533332824,1.0000000000,926.1999511718,926.1999511718,926.1999511718,73.0666656494,15.6800022125,12.2266683578,10.5460014343,1.1200000047,0.0000000000,0.0000000000,0.0000000000
2026-09-29 23:55:25,0.3672752618,0.0000000000,10.7333335876,21.3999996185,0.1566666603,0.0666666698,198.4533386230,198.4533386230,198.4533386230,15.8000001907,3.3600001335,2.6200001239,2.2633330821,0.2400000095,0.0000000000,0.0000000000,0.0000000000
2026-09-30 00:01:17,0.3680959939,0.0000000000,27.8666667938,42.2000007629,0.1353333234,0.0000000000,264.6199951171,264.6199951171,264.6199951171,21.0666675567,4.4800004959,3.5000000000,3.0220000743,0.3200000286,0.0000000000,0.0000000000,0.0000000000
2026-09-30 00:07:08,0.3685129880,0.0000000000,25.4666671752,43.1333351135,0.1893333339,0.0000000000,330.7333374023,330.7333374023,330.7333374023,26.3333339691,5.5799999237,4.3666667938,3.7653329372,0.4000000000,0.0000000000,0.0000000000,0.0000000000
2026-09-30 00:13:00,0.3649000167,0.0000000000,22.2666664123,36.4000015258,0.1146666765,0.0000000000,264.6066589355,264.6066589355,264.6066589355,21.0666675567,4.4266667366,3.4933333396,3.0173330307,0.3200000286,0.0000000000,0.0000000000,0.0000000000
2026-09-30 00:18:53,0.3633398056,0.0000000000,21.4666671752,35.6666679382,0.1826666736,0.2666666746,264.5800170898,264.5800170898,264.5800170898,21.3999996185,4.4000000953,3.5133333206,3.0299997329,0.3200000286,0.0000000000,0.0000000000,0.0000000000
2026-09-30 00:24:43,0.3642035007,0.0000000000,22.0666675567,39.7999992370,0.3853333282,0.2000000000,330.7066650390,330.7066650390,330.7066650390,27.1333332061,5.4666666984,4.4266667366,3.8113331794,0.4000000000,0.0000000000,0.0000000000,0.0000000000
2026-09-30 00:30:35,0.3650536060,0.0000000000,16.3333339691,30.4666671752,0.2573333263,0.0666666698,264.5666809082,264.5666809082,264.5666809082,21.8666667938,4.3533334732,3.5466666221,3.0566666126,0.3200000286,0.0000000000,0.0000000000,0.0000000000
2026-09-30 00:36:28,0.3690215349,0.0000000000,19.9333324432,34.2666664123,0.1640000104,0.0666666698,264.5799865722,264.5799865722,264.5799865722,21.8666667938,4.3266668319,3.5466666221,3.0566666126,0.3200000286,0.0000000000,0.0000000000,0.0000000000
2026-09-30 00:42:20,0.3761255979,0.0000000000,19.2666664123,33.4666671752,0.1866666793,0.1333333373,264.5666809082,264.5666809082,264.5666809082,22.0000000000,4.3066663742,3.5333333015,3.0526666641,0.3200000286,0.0000000000,0.0000000000,0.0000000000
2026-09-30 00:48:12,0.3824399757,0.0000000000,17.0000000000,31.2000007629,0.2226666688,0.2000000000,264.5466918945,264.5466918945,264.5466918945,22.2000007629,4.2933335304,3.5666668415,3.0753331184,0.3200000286,0.0000000000,0.0000000000,0.0000000000
2026-09-30 00:54:04,0.3892730522,0.0000000000,28.3333339691,42.4666671752,0.0633333301,0.2000000000,264.5400085449,264.5400085449,264.5400085449,22.2666664123,4.2666668891,3.5466666221,3.0606663227,0.3200000286,0.0000000000,0.0000000000,0.0000000000
2026-09-30 00:59:56,0.3986472606,0.0000000000,23.4666671752,37.8666648864,0.0453333282,0.2666666746,264.5733337402,264.5733337402,264.5733337402,22.3999996185,4.2466669082,3.5200002193,3.0453333854,0.3200000286,0.0000000000,0.0000000000,0.0000000000
2026-09-30 01:05:48,0.4097407341,0.0000000000,72.1333312988,62.4666671752,0.0459999990,0.3333333492,264.5866699218,264.5866699218,264.5866699218,22.3333339691,4.2066669464,3.4933333396,3.0219998359,0.3200000286,0.0000000000,0.0000000000,0.0000000000
2026-09-30 01:11:40,0.4174091339,0.0000000000,62.5333328247,52.8666648864,0.0813333320,0.5333333492,264.6066589355,264.6066589355,264.6066589355,22.4666671752,4.1600003242,3.4600000381,3.0046663284,0.3200000286,0.0000000000,0.0000000000,0.0000000000
2026-09-30 01:17:31,0.4205967903,0.0000000000,115.0666656494,13.0000000000,0.1053333163,0.5333333492,330.7333374023,330.7333374023,330.7333374023,28.6000003814,5.1866669654,4.4266667366,3.8226663589,0.4000000000,0.0000000000,0.0000000000,0.0000000000
2026-09-30 01:23:22,0.4244039535,0.0000000000,65.4000015258,59.2666664123,0.0993333339,0.3333333492,330.7333374023,330.7333374023,330.7333374023,28.6000003814,5.1466670036,4.3733334541,3.7919998168,0.4000000000,0.0000000000,0.0000000000,0.0000000000
2026-09-30 01:29:13,0.4306803226,0.0000000000,67.1333312988,36.9333343505,0.1246666669,0.6000000000,330.7333374023,330.7333374023,330.7333374023,29.0000000000,5.2333331108,4.5133333206,3.8933334350,0.4000000000,0.0000000000,0.0000000000,0.0000000000
2026-09-30 01:35:05,0.4382586002,0.0000000000,60.5333328247,26.9333324432,0.0753333282,0.4000000000,264.6000061035,264.6000061035,264.6000061035,23.2000007629,4.1799998283,3.6199998855,3.1199998855,0.3200000286,0.0000000000,0.0000000000,0.0000000000
2026-09-30 01:40:57,0.4443682193,0.0000000000,84.3333358764,26.6666660308,0.1080000038,0.2666666746,264.5866699218,264.5866699218,264.5866699218,23.1333332061,4.1533336639,3.5933334827,3.0986666679,0.3200000286,0.0000000000,0.0000000000,0.0000000000
2026-09-30 01:46:50,0.4474636554,0.0000000000,45.0000000000,7.8000001907,0.0886666679,0.1333333373,198.4466705322,198.4466705322,198.4466705322,17.2000007629,3.0666666030,2.6200001239,2.2746665477,0.2400000095,0.0000000000,0.0000000000,0.0000000000
