2026-09-28 22:14:32,0.3639502525,1.0000000000,277.3999938964,158.9333343505,0.4906666755,0.4000000000,925.2266235351,925.2266235351,925.2266235351,62.8666648864,17.2666664123,11.6266660690,10.0513334274,1.1200000047,0.0000000000,0.0000000000,0.0000000000
2026-09-28 22:20:05,0.3638863801,1.0000000000,292.2000122070,125.8000030517,0.5713333606,0.7333333492,925.2131958007,925.2131958007,925.2131958007,62.5333328247,17.2533321380,11.5533323287,9.9973335266,1.1200000047,0.0000000000,0.0000000000,0.0000000000
2026-09-28 22:25:38,0.3638949632,1.0000000000,255.0666656494,184.7333374023,0.4926666736,0.5333333492,925.1932983398,925.1932983398,925.1932983398,62.5333328247,17.2666664123,11.5600004196,10.0013332366,1.1200000047,0.0000000000,0.0000000000,0.0000000000
2026-09-28 22:31:11,0.3638921737,1.0000000000,301.1333312988,86.5999984741,0.6420000076,0.0000000000,925.2199096679,925.2199096679,925.2199096679,63.2000007629,17.1999988555,11.5933332443,10.0346660614,1.1200000047,0.0000000000,0.0000000000,0.0000000000
2026-09-28 22:36:44,0.3639772891,1.0000000000,250.3999938964,156.0000000000,0.8886667251,0.3333333492,925.2265625000,925.2265625000,925.2265625000,63.5333328247,17.0799999237,11.5799999237,10.0266666412,1.1200000047,0.0000000000,0.0000000000,0.0000000000
2026-09-28 22:42:17,0.3638949394,1.0000000000,293.0000000000,102.5333328247,0.7346667289,0.7333333492,925.1866455078,925.1866455078,925.1866455078,63.4666671752,17.0799999237,11.5333318710,9.9946660995,1.1200000047,0.0000000000,0.0000000000,0.0000000000
2026-09-28 22:47:49,0.3638536453,1.0000000000,284.9333190917,118.5333328247,0.8053333282,0.6000000000,925.1799926757,925.1799926757,925.1799926757,63.4666671752,17.0799999237,11.5399990081,10.0019998550,1.1200000047,0.0000000000,0.0000000000,0.0000000000
2026-09-28 22:53:22,0.3638510942,1.0000000000,279.6000061035,137.0666656494,0.6633333206,0.7333333492,925.1267700195,925.1267700195,925.1267700195,63.4666671752,17.0533351898,11.5333337783,9.9893331527,1.1200000047,0.0000000000,0.0000000000,0.0000000000
2026-09-28 22:58:56,0.3638710021,0.4666666507,235.3999938964,188.8666687011,0.6826666831,0.2000000000,925.1066284179,925.1066284179,925.1066284179,63.4666671752,17.0799999237,11.5200014114,9.9933328628,1.1200000047,0.0000000000,0.0000000000,0.0000000000
2026-09-28 23:04:30,0.3639014244,0.0000000000,280.8666687011,186.3999938964,0.5053333759,0.0000000000,925.0666503906,925.0666503906,925.0666503906,63.4666671752,17.0399990081,11.5666666030,10.0146665573,1.1200000047,0.0000000000,0.0000000000,0.0000000000
2026-09-28 23:10:03,0.3638281583,0.0000000000,273.8666687011,155.3999938964,0.5786666393,0.4666666507,925.1000366210,925.1000366210,925.1000366210,63.4666671752,17.0333347320,11.5399990081,10.0033330917,1.1200000047,0.0000000000,0.0000000000,0.0000000000
2026-09-28 23:15:37,0.3638647556,0.0000000000,286.6666564941,96.1333312988,0.5526666164,0.4666666507,925.0598754882,925.0598754882,925.0598754882,63.4666671752,16.9933319091,11.5533323287,10.0066661834,1.1200000047,0.0000000000,0.0000000000,0.0000000000
2026-09-28 23:21:11,0.3638860940,0.0000000000,264.6666564941,194.1333312988,0.4906666755,0.4000000000,925.0934448242,925.0934448242,925.0934448242,63.4666671752,16.9866657257,11.5666666030,10.0166654586,1.1200000047,0.0000000000,0.0000000000,0.0000000000
2026-09-28 23:26:45,0.3638861417,0.0000000000,270.8666687011,152.3333282470,0.5599998950,0.4666666507,925.1267089843,925.1267089843,925.1267089843,64.0000000000,16.9866657257,11.5733327865,10.0326662063,1.1200000047,0.0000000000,0.0000000000,0.0000000000
2026-09-28 23:32:19,0.3638453245,0.0000000000,261.2666625976,166.8666687011,0.4359999656,0.7333333492,925.1533203125,925.1533203125,925.1533203125,63.6666679382,16.9866657257,11.5799989700,10.0293331146,1.1200000047,0.0000000000,0.0000000000,0.0000000000
2026-09-28 23:37:53,0.3632087230,0.0000000000,270.7333374023,224.1999969482,0.4959999561,0.6000000000,925.1334228515,925.1334228515,925.1334228515,64.1333312988,16.9866657257,11.5799999237,10.0339984893,1.1200000047,0.0000000000,0.0000000000,0.0000000000
2026-09-28 23:43:26,0.3631810903,0.0000000000,269.5333251953,175.1333312988,0.5346666336,0.4000000000,925.1201171875,925.1201171875,925.1201171875,63.7333335876,16.9866657257,11.5599994659,10.0213317871,1.1200000047,0.0000000000,0.0000000000,0.0000000000
2026-09-28 23:49:00,0.3632473707,0.0000000000,255.1333312988,232.6000061035,0.4120000362,0.2000000000,925.1467285156,925.1467285156,925.1467285156,63.8666648864,16.9866657257,11.5466661453,10.0093345642,1.1200000047,0.0000000000,0.0000000000,0.0000000000
2026-09-28 23:54:54,0.3634023189,0.0000000000,0.0000000000,0.0000000000,0.0000000000,0.0000000000,0.0000000000,0.0000000000,0.0000000000,0.0000000000,0.0000000000,0.0000000000,0.0000000000,0.0000000000,0.0000000000,0.0000000000,0.0000000000
2026-09-29 00:00:50,0.3633827209,0.0000000000,21.3999996185,0.9333333015,0.0399999980,0.0666666698,66.0733337402,66.0733337402,66.0733337402,4.5333333015,1.2066667079,0.8199999809,0.7126666069,0.0800000095,0.0000000000,0.0000000000,0.0000000000
2026-09-29 00:06:45,0.3634947538,0.0000000000,20.0666675567,23.6000003814,0.0219999980,0.0000000000,66.0733337402,66.0733337402,66.0733337402,4.5999999046,1.2066667079,0.8266667366,0.7146666049,0.0800000095,0.0000000000,0.0000000000,0.0000000000
2026-09-29 00:12:39,0.3635507583,0.0000000000,38.0000000000,21.0666675567,0.0586666631,0.0000000000,132.1333312988,132.1333312988,132.1333312988,9.1999998092,2.4133334159,1.6399999618,1.4260000228,0.1600000143,0.0000000000,0.0000000000,0.0000000000
2026-09-29 00:18:35,0.3636257886,0.0000000000,15.0666666030,18.6000003814,0.0113333332,0.0666666698,66.0666656494,66.0666656494,66.0666656494,4.5333333015,1.2066667079,0.8199999809,0.7106666564,0.0800000095,0.0000000000,0.0000000000,0.0000000000
2026-09-29 00:24:30,0.3638571739,0.0000000000,14.8666667938,18.3999996185,0.0213333344,0.0000000000,66.0600051879,66.0600051879,66.0600051879,4.5999999046,1.2000000476,0.8199999809,0.7106666564,0.0800000095,0.0000000000,0.0000000000,0.0000000000
2026-09-29 00:30:26,0.3640395402,0.0000000000,14.9333333969,18.4666671752,0.0399999980,0.0000000000,66.0600051879,66.0600051879,66.0600051879,4.5999999046,1.1933332633,0.8133333206,0.7073333263,0.0800000095,0.0000000000,0.0000000000,0.0000000000
2026-09-29 00:36:21,0.3644247293,0.0000000000,10.1333332061,13.6666669845,0.0113333332,0.0000000000,66.0600051879,66.0600051879,66.0600051879,4.5999999046,1.1866667270,0.8066666603,0.7053333282,0.0800000095,0.0000000000,0.0000000000,0.0000000000
2026-09-29 00:42:17,0.3644660472,0.0000000000,22.7999992370,2.3333332538,0.0113333332,0.0000000000,66.0666656494,66.0666656494,66.0666656494,4.6666665077,1.1666666269,0.8000000000,0.6973333358,0.0800000095,0.0000000000,0.0000000000,0.0000000000
2026-09-29 00:48:12,0.3646357536,0.0000000000,14.1999998092,17.7333335876,0.0219999980,0.0666666698,66.0600051879,66.0600051879,66.0600051879,4.6666665077,1.1599999666,0.7933333396,0.6966666698,0.0800000095,0.0000000000,0.0000000000,0.0000000000
2026-09-29 00:54:08,0.3656375169,0.0000000000,14.1999998092,17.7333335876,0.0153333330,0.0666666698,66.0533294677,66.0533294677,66.0533294677,4.7333331108,1.1466667652,0.7933333396,0.6953332901,0.0800000095,0.0000000000,0.0000000000,0.0000000000
2026-09-29 01:00:03,0.3665582180,0.0000000000,20.2000007629,23.7333335876,0.0373333334,0.0666666698,66.0466690063,66.0466690063,66.0466690063,4.7333331108,1.1333333253,0.7933333396,0.6946666717,0.0800000095,0.0000000000,0.0000000000,0.0000000000
2026-09-29 01:05:57,0.3667916297,0.0000000000,36.7333335876,43.8666648864,0.0500000000,0.1333333373,132.1000061035,132.1000061035,132.1000061035,9.6666669845,2.2200002670,1.5733333587,1.3826667022,0.1600000143,0.0000000000,0.0000000000,0.0000000000
2026-09-29 01:11:52,0.3665249586,0.0000000000,35.5333328247,42.6666679382,0.0593333292,0.2666666746,132.1200103759,132.1200103759,132.1200103759,9.7333335876,2.2066664695,1.5733333587,1.3859999179,0.1600000143,0.0000000000,0.0000000000,0.0000000000
2026-09-29 01:17:46,0.3660169601,0.0000000000,33.8666648864,40.9333343505,0.0533333301,0.2666666746,132.1133270263,132.1133270263,132.1133270263,9.8666667938,2.2000000476,1.5866666793,1.3919999599,0.1600000143,0.0000000000,0.0000000000,0.0000000000
2026-09-29 01:23:42,0.3657843828,0.0000000000,17.2000007629,20.7333335876,0.0173333311,0.1333333373,66.0600051879,66.0600051879,66.0600051879,4.8666667938,1.1066666841,0.7933333396,0.6973333358,0.0800000095,0.0000000000,0.0000000000,0.0000000000
2026-09-29 01:29:36,0.3657558202,0.0000000000,38.2000007629,45.4000015258,0.0479999971,0.2000000000,132.1133270263,132.1133270263,132.1133270263,9.8666667938,2.2066664695,1.5866666793,1.3959999084,0.1600000143,0.0000000000,0.0000000000,0.0000000000
2026-09-29 01:35:30,0.3657336473,0.0000000000,41.2666664123,0.4000000000,0.0526666641,0.1333333373,132.1133270263,132.1133270263,132.1133270263,9.8666667938,2.2066664695,1.5866666793,1.3966666412,0.1600000143,0.0000000000,0.0000000000,0.0000000000
2026-09-29 01:41:25,0.3658023118,0.0000000000,40.5333328247,23.6000003814,0.0526666641,0.1333333373,132.1133270263,132.1133270263,132.1133270263,9.8666667938,2.2066664695,1.5866666793,1.3980000019,0.1600000143,0.0000000000,0.0000000000,0.0000000000
2026-09-29 01:47:19,0.3660095930,0.0000000000,36.5999984741,19.7999992370,0.0546666622,0.0666666698,132.1200103759,132.1200103759,132.1200103759,9.9333333969,2.2000000476,1.6066666603,1.4066665172,0.1600000143,0.0000000000,0.0000000000,0.0000000000
2026-09-29 01:53:15,0.3658484220,0.0000000000,13.4666662216,17.0000000000,0.0213333344,0.0666666698,66.0600051879,66.0600051879,66.0600051879,5.0000000000,1.1000000238,0.8066666603,0.7066666603,0.0800000095,0.0000000000,0.0000000000,0.0000000000
2026-09-29 01:59:10,0.3656260728,0.0000000000,16.9333324432,20.4666671752,0.0259999990,0.0666666698,66.0666656494,66.0666656494,66.0666656494,4.9333333969,1.1066666841,0.8066666603,0.7046666622,0.0800000095,0.0000000000,0.0000000000,0.0000000000
2026-09-29 02:05:06,0.3655528545,0.0000000000,20.2000007629,23.7333335876,0.0139999998,0.0666666698,66.0666656494,66.0666656494,66.0666656494,4.9333333969,1.1066666841,0.8066666603,0.7046666622,0.0800000095,0.0000000000,0.0000000000,0.0000000000
2026-09-29 02:11:01,0.3655462026,0.0000000000,21.7999992370,1.3333333730,0.0206666660,0.0666666698,66.0666656494,66.0666656494,66.0666656494,4.9333333969,1.1200001239,0.8133333206,0.7086667060,0.0800000095,0.0000000000,0.0000000000,0.0000000000
2026-09-29 02:16:56,0.3655727386,0.0000000000,42.9333343505,2.0000000000,0.0113333320,0.1333333373,132.1399993896,132.1399993896,132.1399993896,9.8666667938,2.2400002479,1.6199999809,1.4179999828,0.1600000143,0.0000000000,0.0000000000,0.0000000000
2026-09-29 02:22:51,0.3656188488,0.0000000000,17.0000000000,20.5333328247,0.0093333330,0.0666666698,66.0600051879,66.0600051879,66.0600051879,4.9333333969,1.1200001239,0.8066666603,0.7073333263,0.0800000095,0.0000000000,0.0000000000,0.0000000000
2026-09-29 02:28:46,0.3657970666,0.0000000000,33.0666656494,40.2000007629,0.0313333296,0.0000000000,132.1333312988,132.1333312988,132.1333312988,9.8666667938,2.2400002479,1.6133333206,1.4133333206,0.1600000143,0.0000000000,0.0000000000,0.0000000000
2026-09-29 02:34:41,0.3658517360,0.0000000000,16.5333328247,20.0666675567,0.0066666660,0.0000000000,66.0733337402,66.0733337402,66.0733337402,4.8666667938,1.1200001239,0.8066666603,0.7053333282,0.0800000095,0.0000000000,0.0000000000,0.0000000000
2026-09-29 02:40:35,0.3659299612,0.0000000000,31.0666675567,38.1333351135,0.0213333344,0.0666666698,132.1399993896,132.1399993896,132.1399993896,9.7333335876,2.2333333492,1.6066666603,1.4066665172,0.1600000143,0.0000000000,0.0000000000,0.0000000000
2026-09-29 02:46:30,0.3657699584,0.0000000000,34.7999992370,41.8666648864,0.0459999990,0.2000000000,132.1466674804,132.1466674804,132.1466674804,9.8666667938,2.2266666889,1.6000000000,1.4046666622,0.1600000143,0.0000000000,0.0000000000,0.0000000000
2026-09-29 02:52:24,0.3657734870,0.0000000000,39.0666656494,22.2666664123,0.0546666622,0.1333333373,132.1399993896,132.1399993896,132.1399993896,9.8666667938,2.2066664695,1.5866666793,1.3959999084,0.1600000143,0.0000000000,0.0000000000,0.0000000000
2026-09-29 02:58:19,0.3664280414,0.0000000000,40.2000007629,23.3333339691,0.0366666674,0.0666666698,132.1333312988,132.1333312988,132.1333312988,9.8666667938,2.1866667270,1.5866666793,1.3939999389,0.1600000143,0.0000000000,0.0000000000,0.0000000000
2026-09-29 03:04:12,0.3670287132,0.0000000000,57.2666664123,44.0000000000,0.0573333311,0.1333333373,198.2066802978,198.2066802978,198.2066802978,14.9333333969,3.2599999904,2.3800001144,2.0886664390,0.2400000095,0.0000000000,0.0000000000,0.0000000000
2026-09-29 03:10:04,0.3680263757,0.0000000000,81.2666702270,23.4666671752,0.0666666698,0.0666666698,264.2866821289,264.2866821289,264.2866821289,20.0000000000,4.2933335304,3.1466667652,2.7746665477,0.3200000286,0.0000000000,0.0000000000,0.0000000000
2026-09-29 03:15:57,0.3690949678,0.0000000000,62.5333328247,1.2666666507,0.0666666698,0.0000000000,198.2133483886,198.2133483886,198.2133483886,15.0666666030,3.1866669654,2.3466668128,2.0693333148,0.2400000095,0.0000000000,0.0000000000,0.0000000000
2026-09-29 03:21:50,0.3695183753,0.0000000000,66.5333328247,5.1999998092,0.0526666641,0.1333333373,198.2066802978,198.2066802978,198.2066802978,15.3999996185,3.1266667842,2.3399999141,2.0666666030,0.2400000095,0.0000000000,0.0000000000,0.0000000000
2026-09-29 03:27:44,0.3687268495,0.0000000000,46.5333328247,9.1333332061,0.0179999995,0.2000000000,198.2066802978,198.2066802978,198.2066802978,15.3999996185,3.1133334636,2.3333332538,2.0613331794,0.2400000095,0.0000000000,0.0000000000,0.0000000000
2026-09-29 03:33:37,0.3688764333,0.0000000000,62.3333320617,24.9333324432,0.0313333296,0.4000000000,198.2200012207,198.2200012207,198.2200012207,15.5333337783,3.0800001621,2.3200001716,2.0566666126,0.2400000095,0.0000000000,0.0000000000,0.0000000000
2026-09-29 03:39:29,0.3685376167,0.0000000000,75.8000030517,66.0666656494,0.0993333339,0.5333333492,264.3266906738,264.3266906738,264.3266906738,20.7999992370,4.0933332443,3.0933334827,2.7426667213,0.3200000286,0.0000000000,0.0000000000,0.0000000000
2026-09-29 03:45:21,0.3677041292,0.0000000000,80.3333358764,46.4666671752,0.0753333330,0.5333333492,264.3466491699,264.3466491699,264.3466491699,20.8666667938,4.0733332633,3.0933334827,2.7500000000,0.3200000286,0.0000000000,0.0000000000,0.0000000000
2026-09-29 03:51:14,0.3671102762,0.0000000000,52.4000015258,63.2000007629,0.0446666622,0.4000000000,198.2599945068,198.2599945068,198.2599945068,15.8000001907,3.0533332824,2.3333332538,2.0699999332,0.2400000095,0.0000000000,0.0000000000,0.0000000000
2026-09-29 03:57:06,0.3669802904,0.0000000000,32.2000007629,22.5333328247,0.0379999995,0.5333333492,264.3399963378,264.3399963378,264.3399963378,21.0666675567,4.0799999237,3.1199998855,2.7686665058,0.3200000286,0.0000000000,0.0000000000,0.0000000000
