2026-10-10 04:17:40,0.6907755851,0.0000000000,0.0000000000,0.0000000000,0.0000000000,0.0000000000,0.0000000000,0.0000000000,0.0000000000,0.0000000000,0.0000000000,0.0000000000,0.0000000000,0.0000000000,0.0000000000,0.0000000000,0.0000000000
2026-10-10 04:23:13,0.6941140174,0.0000000000,0.0000000000,0.0000000000,0.0000000000,0.0000000000,0.0000000000,0.0000000000,0.0000000000,0.0000000000,0.0000000000,0.0000000000,0.0000000000,0.0000000000,0.0000000000,0.0000000000,0.0000000000
2026-10-10 04:28:47,0.6962576866,0.0000000000,0.0000000000,0.0000000000,0.0000000000,0.0000000000,0.0000000000,0.0000000000,0.0000000000,0.0000000000,0.0000000000,0.0000000000,0.0000000000,0.0000000000,0.0000000000,0.0000000000,0.0000000000
2026-10-10 04:34:21,0.6989937305,0.0000000000,0.0000000000,0.0000000000,0.0000000000,0.0000000000,0.0000000000,0.0000000000,0.0000000000,0.0000000000,0.0000000000,0.0000000000,0.0000000000,0.0000000000,0.0000000000,0.0000000000,0.0000000000
2026-10-10 04:39:55,0.7011788368,0.0000000000,0.0000000000,0.0000000000,0.0000000000,0.0000000000,0.0000000000,0.0000000000,0.0000000000,0.0000000000,0.0000000000,0.0000000000,0.0000000000,0.0000000000,0.0000000000,0.0000000000,0.0000000000
2026-10-10 04:45:30,0.7035567283,0.0000000000,0.0000000000,0.0000000000,0.0000000000,0.0000000000,0.0000000000,0.0000000000,0.0000000000,0.0000000000,0.0000000000,0.0000000000,0.0000000000,0.0000000000,0.0000000000,0.0000000000,0.0000000000
2026-10-10 04:51:04,0.7058535575,0.0000000000,0.0000000000,0.0000000000,0.0000000000,0.0000000000,0.0000000000,0.0000000000,0.0000000000,0.0000000000,0.0000000000,0.0000000000,0.0000000000,0.0000000000,0.0000000000,0.0000000000,0.0000000000
2026-10-10 04:56:38,0.7084359169,0.0000000000,0.0000000000,0.0000000000,0.0000000000,0.0000000000,0.0000000000,0.0000000000,0.0000000000,0.0000000000,0.0000000000,0.0000000000,0.0000000000,0.0000000000,0.0000000000,0.0000000000,0.0000000000
2026-10-10 05:02:13,0.7100036621,0.0000000000,0.0000000000,0.0000000000,0.0000000000,0.0000000000,0.0000000000,0.0000000000,0.0000000000,0.0000000000,0.0000000000,0.0000000000,0.0000000000,0.0000000000,0.0000000000,0.0000000000,0.0000000000
2026-10-10 05:07:46,0.7126709938,0.0000000000,0.0000000000,0.0000000000,0.0000000000,0.0000000000,0.0000000000,0.0000000000,0.0000000000,0.0000000000,0.0000000000,0.0000000000,0.0000000000,0.0000000000,0.0000000000,0.0000000000,0.0000000000
2026-10-10 05:13:20,0.7174030303,0.0000000000,0.0000000000,0.0000000000,0.0000000000,0.0000000000,0.0000000000,0.0000000000,0.0000000000,0.0000000000,0.0000000000,0.0000000000,0.0000000000,0.0000000000,0.0000000000,0.0000000000,0.0000000000
2026-10-10 05:18:54,0.7187278270,0.0000000000,0.0000000000,0.0000000000,0.0000000000,0.0000000000,0.0000000000,0.0000000000,0.0000000000,0.0000000000,0.0000000000,0.0000000000,0.0000000000,0.0000000000,0.0000000000,0.0000000000,0.0000000000
2026-10-10 05:24:28,0.7173066616,0.0000000000,0.0000000000,0.0000000000,0.0000000000,0.0000000000,0.0000000000,0.0000000000,0.0000000000,0.0000000000,0.0000000000,0.0000000000,0.0000000000,0.0000000000,0.0000000000,0.0000000000,0.0000000000
2026-10-10 05:30:01,0.7166270256,0.0000000000,0.0000000000,0.0000000000,0.0000000000,0.0000000000,0.0000000000,0.0000000000,0.0000000000,0.0000000000,0.0000000000,0.0000000000,0.0000000000,0.0000000000,0.0000000000,0.0000000000,0.0000000000
2026-10-10 05:35:36,0.7182597160,0.0000000000,0.0000000000,0.0000000000,0.0000000000,0.0000000000,0.0000000000,0.0000000000,0.0000000000,0.0000000000,0.0000000000,0.0000000000,0.0000000000,0.0000000000,0.0000000000,0.0000000000,0.0000000000
2026-10-10 05:41:09,0.7201934337,0.0000000000,0.0000000000,0.0000000000,0.0000000000,0.0000000000,0.0000000000,0.0000000000,0.0000000000,0.0000000000,0.0000000000,0.0000000000,0.0000000000,0.0000000000,0.0000000000,0.0000000000,0.0000000000
2026-10-10 05:46:43,0.7226052761,0.0000000000,0.0000000000,0.0000000000,0.0000000000,0.0000000000,0.0000000000,0.0000000000,0.0000000000,0.0000000000,0.0000000000,0.0000000000,0.0000000000,0.0000000000,0.0000000000,0.0000000000,0.0000000000
2026-10-10 05:52:24,0.7247891902,0.0000000000,0.0000000000,0.0000000000,0.0000000000,0.0000000000,0.0000000000,0.0000000000,0.0000000000,0.0000000000,0.0000000000,0.0000000000,0.0000000000,0.0000000000,0.0000000000,0.0000000000,0.0000000000
2026-10-10 05:58:11,0.7271031856,0.0000000000,67.4666671752,47.7333335876,0.1559999942,0.6666666984,534.8999633789,534.8999633789,534.8999633789,46.9333343505,3.0400002002,2.0799999237,3.3699998855,0.6933333873,0.0000000000,0.0000000000,0.0000000000
2026-10-10 06:04:00,0.7290634632,0.0000000000,118.9333343505,47.6666679382,0.1300000071,0.7333333492,467.9666442871,467.9666442871,467.9666442871,41.0666656494,2.6600000858,1.8133334159,2.9453330039,0.6066666603,0.0000000000,0.0000000000,0.0000000000
2026-10-10 06:09:48,0.7304378509,0.0000000000,94.8000030517,71.5333328247,0.0980000019,0.8666666984,468.0199890136,468.0199890136,468.0199890136,41.0666656494,2.6600000858,1.8199998855,2.9493331909,0.6066666603,0.0000000000,0.0000000000,0.0000000000
2026-10-10 06:15:36,0.7306128501,0.0000000000,117.8000030517,22.5333328247,0.1359999895,0.9333333015,468.0867004394,468.0867004394,468.0867004394,41.0666656494,2.6600000858,1.8199998855,2.9420001983,0.6066666603,0.0000000000,0.0000000000,0.0000000000
2026-10-10 06:21:23,0.7323482036,0.0000000000,74.2666702270,30.5333328247,0.1053333282,1.0000000000,534.9733886718,534.9733886718,534.9733886718,46.9333343505,3.0333335399,2.0733332633,3.3539996147,0.6933333873,0.0000000000,0.0000000000,0.0000000000
2026-10-10 06:27:11,0.7327101707,0.0000000000,103.8666687011,60.1333351135,0.1493333339,1.0666667222,535.0333862304,535.0333862304,535.0333862304,46.9333343505,3.0266668796,2.0666666030,3.3559997081,0.6933333873,0.0000000000,0.0000000000,0.0000000000
2026-10-10 06:32:59,0.7362870693,0.0000000000,24.7333335876,49.4666671752,0.1306666612,0.9333333015,468.2466430664,468.2466430664,468.2466430664,41.0666656494,2.6733334064,1.8666666984,2.9593332290,0.6066666603,0.0000000000,0.0000000000,0.0000000000
2026-10-10 06:38:46,0.7335493087,0.0000000000,41.8666648864,70.1333312988,0.2066666841,0.8666666984,535.2066650390,535.2066650390,535.2066650390,46.9333343505,3.0933332443,2.1533331871,3.3953332901,0.6933333873,0.0000000000,0.0000000000,0.0000000000
2026-10-10 06:44:32,0.7323195457,0.0000000000,138.2666625976,26.0666675567,0.1886666488,1.1333333253,602.1400146484,602.1400146484,602.1400146484,52.7999992370,3.5600001811,2.5133335590,3.8619999885,0.7800000190,0.0000000000,0.0000000000,0.0000000000
2026-10-10 06:50:20,0.7341400146,0.1333333373,155.8666687011,36.6666679382,0.1253333330,0.7333333492,468.3866882324,468.3866882324,468.3866882324,41.0666656494,2.7599999904,1.9266667366,2.9860000610,0.6066666603,0.0000000000,0.0000000000,0.0000000000
