2026-10-05 10:16:21,0.3622365474,7302.2001953125,0.0000000000,0.0000000000,0.0000000000,0.0000000000,0.0000000000,0.0000000000,0.0000000000,0.0000000000,0.0000000000,0.0000000000,0.0000000000,0.0000000000,0.0000000000,0.0000000000,0.0000000000
2026-10-05 10:21:56,0.3619898557,7340.7998046875,0.0000000000,0.0000000000,0.0000000000,0.0000000000,0.0000000000,0.0000000000,0.0000000000,0.0000000000,0.0000000000,0.0000000000,0.0000000000,0.0000000000,0.0000000000,0.0000000000,0.0000000000
2026-10-05 10:27:30,0.3617447853,5563.3334960937,0.0000000000,0.0000000000,0.0000000000,0.0000000000,0.0000000000,0.0000000000,0.0000000000,0.0000000000,0.0000000000,0.0000000000,0.0000000000,0.0000000000,0.0000000000,0.0000000000,0.0000000000
2026-10-05 10:33:04,0.3613046407,5334.7998046875,0.0000000000,0.0000000000,0.0000000000,0.0000000000,0.0000000000,0.0000000000,0.0000000000,0.0000000000,0.0000000000,0.0000000000,0.0000000000,0.0000000000,0.0000000000,0.0000000000,0.0000000000
2026-10-05 10:38:39,0.3614961147,992.9333496093,0.0000000000,0.0000000000,0.0000000000,0.0000000000,0.0000000000,0.0000000000,0.0000000000,0.0000000000,0.0000000000,0.0000000000,0.0000000000,0.0000000000,0.0000000000,0.0000000000,0.0000000000
2026-10-05 10:44:13,0.3622566461,384.0000000000,0.0000000000,0.0000000000,0.0000000000,0.0000000000,0.0000000000,0.0000000000,0.0000000000,0.0000000000,0.0000000000,0.0000000000,0.0000000000,0.0000000000,0.0000000000,0.0000000000,0.0000000000
2026-10-05 10:49:48,0.3621369838,5445.7998046875,0.0000000000,0.0000000000,0.0000000000,0.0000000000,0.0000000000,0.0000000000,0.0000000000,0.0000000000,0.0000000000,0.0000000000,0.0000000000,0.0000000000,0.0000000000,0.0000000000,0.0000000000
2026-10-05 10:55:22,0.3619075298,5801.3999023437,0.0000000000,0.0000000000,0.0000000000,0.0000000000,0.0000000000,0.0000000000,0.0000000000,0.0000000000,0.0000000000,0.0000000000,0.0000000000,0.0000000000,0.0000000000,0.0000000000,0.0000000000
2026-10-05 11:00:56,0.3618929147,3329.1999511718,0.0000000000,0.0000000000,0.0000000000,0.0000000000,0.0000000000,0.0000000000,0.0000000000,0.0000000000,0.0000000000,0.0000000000,0.0000000000,0.0000000000,0.0000000000,0.0000000000,0.0000000000
2026-10-05 11:06:31,0.3618014335,2533.4665527343,0.0000000000,0.0000000000,0.0000000000,0.0000000000,0.0000000000,0.0000000000,0.0000000000,0.0000000000,0.0000000000,0.0000000000,0.0000000000,0.0000000000,0.0000000000,0.0000000000,0.0000000000
2026-10-05 11:12:05,0.3618616580,4119.7333984375,0.0000000000,0.0000000000,0.0000000000,0.0000000000,0.0000000000,0.0000000000,0.0000000000,0.0000000000,0.0000000000,0.0000000000,0.0000000000,0.0000000000,0.0000000000,0.0000000000,0.0000000000
2026-10-05 11:17:39,0.3613852977,2475.0000000000,0.0000000000,0.0000000000,0.0000000000,0.0000000000,0.0000000000,0.0000000000,0.0000000000,0.0000000000,0.0000000000,0.0000000000,0.0000000000,0.0000000000,0.0000000000,0.0000000000,0.0000000000
2026-10-05 11:23:13,0.3609645843,7156.7998046875,0.0000000000,0.0000000000,0.0000000000,0.0000000000,0.0000000000,0.0000000000,0.0000000000,0.0000000000,0.0000000000,0.0000000000,0.0000000000,0.0000000000,0.0000000000,0.0000000000,0.0000000000
2026-10-05 11:28:48,0.3608439445,6127.7333984375,0.0000000000,0.0000000000,0.0000000000,0.0000000000,0.0000000000,0.0000000000,0.0000000000,0.0000000000,0.0000000000,0.0000000000,0.0000000000,0.0000000000,0.0000000000,0.0000000000,0.0000000000
2026-10-05 11:34:22,0.3606434345,6052.1333007812,0.0000000000,0.0000000000,0.0000000000,0.0000000000,0.0000000000,0.0000000000,0.0000000000,0.0000000000,0.0000000000,0.0000000000,0.0000000000,0.0000000000,0.0000000000,0.0000000000,0.0000000000
2026-10-05 11:39:57,0.3604812383,6121.4667968750,0.0000000000,0.0000000000,0.0000000000,0.0000000000,0.0000000000,0.0000000000,0.0000000000,0.0000000000,0.0000000000,0.0000000000,0.0000000000,0.0000000000,0.0000000000,0.0000000000,0.0000000000
2026-10-05 11:45:31,0.3603932619,6171.0668945312,0.0000000000,0.0000000000,0.0000000000,0.0000000000,0.0000000000,0.0000000000,0.0000000000,0.0000000000,0.0000000000,0.0000000000,0.0000000000,0.0000000000,0.0000000000,0.0000000000,0.0000000000
2026-10-05 11:51:06,0.3601023674,6360.6665039062,0.0000000000,0.0000000000,0.0000000000,0.0000000000,0.0000000000,0.0000000000,0.0000000000,0.0000000000,0.0000000000,0.0000000000,0.0000000000,0.0000000000,0.0000000000,0.0000000000,0.0000000000
2026-10-05 11:57:00,0.3599580764,6838.2001953125,0.0000000000,0.0000000000,0.0000000000,0.0000000000,0.0000000000,0.0000000000,0.0000000000,0.0000000000,0.0000000000,0.0000000000,0.0000000000,0.0000000000,0.0000000000,0.0000000000,0.0000000000
2026-10-05 12:02:56,0.3598241329,7519.9331054687,15.2666664123,18.8666667938,0.3073333501,44.3333320617,66.2666702270,66.2666702270,66.2666702270,2.4000000953,0.9266666412,-0.0400000047,0.2933333396,0.0800000095,0.0000000000,0.0000000000,0.0000000000
2026-10-05 12:08:50,0.3595643997,601.0666503906,31.8666667938,39.0666656494,0.5373332977,89.4000015258,132.5400085449,132.5400085449,132.5400085449,4.9333333969,1.9200000762,0.0133333337,0.6199999332,0.1600000143,0.0000000000,0.0000000000,0.0000000000
2026-10-05 12:14:45,0.3594969272,384.0000000000,9.0000000000,12.6000003814,0.0859999942,45.0000000000,66.2600021362,66.2600021362,66.2600021362,2.4666666984,0.9600000381,0.0133333337,0.3119999885,0.0800000095,0.0000000000,0.0000000000,0.0000000000
2026-10-05 12:20:39,0.3595749378,384.0000000000,33.5999984741,40.7999992370,0.6146666526,91.0000000000,132.5466766357,132.5466766357,132.5466766357,4.8000001907,1.8733333587,-0.0533333349,0.5939999580,0.1600000143,0.0000000000,0.0000000000,0.0000000000
2026-10-05 12:26:32,0.3593988656,384.0000000000,34.7999992370,42.0000000000,0.3879999923,91.2666702270,132.5466766357,132.5466766357,132.5466766357,4.6666665077,1.8933334350,-0.1000000000,0.5806666374,0.1600000143,0.0000000000,0.0000000000,0.0000000000
2026-10-05 12:32:28,0.3590656757,384.0000000000,19.2666664123,22.8666667938,0.1606666564,45.7999992370,66.2733383178,66.2733383178,66.2733383178,2.2666666507,0.9466666221,-0.0733333349,0.2820000171,0.0800000095,0.0000000000,0.0000000000,0.0000000000
2026-10-05 12:38:24,0.3589921474,384.0000000000,14.5333337783,18.1333332061,0.1786666488,46.1333351135,66.2799987792,66.2799987792,66.2799987792,2.3333332538,0.9733333587,-0.0266666674,0.2973333358,0.0800000095,0.0000000000,0.0000000000,0.0000000000
2026-10-05 12:44:19,0.3590441226,384.0000000000,13.1333332061,16.6666660308,0.3059999704,46.2666664123,66.2666702270,66.2666702270,66.2666702270,2.3333332538,0.9600000381,-0.0333333349,0.2953333377,0.0800000095,0.0000000000,0.0000000000,0.0000000000
2026-10-05 12:50:15,0.3589498519,384.0000000000,14.8666667938,18.4666671752,0.1466666698,46.3333320617,66.2666702270,66.2666702270,66.2666702270,2.3333332538,0.9533332824,-0.0466666650,0.2920000076,0.0800000095,0.0000000000,0.0000000000,0.0000000000
2026-10-05 12:56:10,0.3587387084,384.0000000000,12.2666664123,15.8666667938,0.0713333225,46.5333328247,66.2799987792,66.2799987792,66.2799987792,2.4000000953,0.9799999237,0.0000000000,0.3086666822,0.0800000095,0.0000000000,0.0000000000,0.0000000000
2026-10-05 13:02:06,0.3586076498,384.0000000000,18.2666664123,21.8666667938,0.0753333330,46.3333320617,66.2733383178,66.2733383178,66.2733383178,2.2666666507,0.9799999237,-0.0533333349,0.2879999923,0.0800000095,0.0000000000,0.0000000000,0.0000000000
2026-10-05 13:08:01,0.3578981399,384.0000000000,18.7333335876,22.3333339691,0.3339999914,46.5999984741,66.2733383178,66.2733383178,66.2733383178,2.2666666507,0.9666666030,-0.0666666698,0.2853332996,0.0800000095,0.0000000000,0.0000000000,0.0000000000
2026-10-05 13:13:57,0.3578642606,384.0000000000,17.1333332061,20.7333335876,0.1759999847,46.1333351135,66.2733383178,66.2733383178,66.2733383178,2.3333332538,0.9799999237,-0.0133333337,0.3013333320,0.0800000095,0.0000000000,0.0000000000,0.0000000000
2026-10-05 13:19:50,0.3578844547,384.0000000000,29.6666660308,36.8666648864,0.3633333206,92.1333312988,132.5533294677,132.5533294677,132.5533294677,5.0000000000,1.9866665840,0.0866666698,0.6440000057,0.1600000143,0.0000000000,0.0000000000,0.0000000000
2026-10-05 13:25:44,0.3578086137,384.0000000000,33.1333351135,40.2000007629,0.3400000095,92.1999969482,132.5400085449,132.5400085449,132.5400085449,5.0000000000,2.0133333206,0.1066666722,0.6519999980,0.1600000143,0.0000000000,0.0000000000,0.0000000000
2026-10-05 13:31:38,0.3578725814,384.0000000000,25.3333339691,32.4000015258,0.3953333377,92.5999984741,132.5400085449,132.5400085449,132.5400085449,4.9333333969,2.0000000000,0.0733333349,0.6400000572,0.1600000143,0.0000000000,0.0000000000,0.0000000000
2026-10-05 13:37:33,0.3579468965,384.0000000000,14.7333335876,18.3333339691,0.2439999818,46.4000015258,66.2666702270,66.2666702270,66.2666702270,2.4000000953,0.9799999237,0.0000000000,0.3079999923,0.0800000095,0.0000000000,0.0000000000,0.0000000000
2026-10-05 13:43:29,0.3578152894,384.0000000000,15.3999996185,19.0000000000,0.1706666707,46.0000000000,66.2733383178,66.2733383178,66.2733383178,2.3333332538,1.0000000000,0.0000000000,0.3059999704,0.0800000095,0.0000000000,0.0000000000,0.0000000000
2026-10-05 13:49:24,0.3577607870,384.0000000000,17.8666667938,21.3999996185,0.0633333301,45.5333328247,66.2799987792,66.2799987792,66.2799987792,2.4000000953,0.9933334350,0.0133333337,0.3119999885,0.0800000095,0.0000000000,0.0000000000,0.0000000000
2026-10-05 13:55:20,0.3578402757,384.0000000000,15.6666669845,19.2000007629,0.2886666774,45.7999992370,66.2733383178,66.2733383178,66.2733383178,2.4000000953,0.9799999237,0.0000000000,0.3086666822,0.0800000095,0.0000000000,0.0000000000,0.0000000000
2026-10-05 14:01:15,0.3577788114,384.0000000000,15.1333332061,18.6666660308,0.3259999990,47.5333328247,66.2666702270,66.2666702270,66.2666702270,2.5333333015,1.0066666603,0.0800000095,0.3353333234,0.0800000095,0.0000000000,0.0000000000,0.0000000000
2026-10-05 14:07:11,0.3577111244,384.0000000000,12.8666667938,16.3999996185,0.1953333091,44.4666671752,66.2733383178,66.2733383178,66.2733383178,2.4666666984,0.9933334350,0.0466666650,0.3226666450,0.0800000095,0.0000000000,0.0000000000,0.0000000000
2026-10-05 14:13:06,0.3576675653,384.0000000000,15.8000001907,19.3333339691,0.2526666641,45.5999984741,66.2666702270,66.2666702270,66.2666702270,2.3333332538,1.0000000000,-0.0066666669,0.3026666641,0.0800000095,0.0000000000,0.0000000000,0.0000000000
2026-10-05 14:19:02,0.3576079368,384.0000000000,19.5333328247,23.0666675567,0.0879999923,43.7999992370,66.2733383178,66.2733383178,66.2733383178,2.2666666507,0.9933334350,-0.0200000023,0.2979999732,0.0800000095,0.0000000000,0.0000000000,0.0000000000
2026-10-05 14:24:55,0.3574257850,384.0000000000,31.0000000000,38.0666656494,0.3813333320,86.4666671752,132.5533294677,132.5533294677,132.5533294677,4.4666666984,2.0066666603,-0.0933333396,0.5793333053,0.1600000143,0.0000000000,0.0000000000,0.0000000000
2026-10-05 14:30:49,0.3586139202,384.0000000000,27.9333324432,35.0000000000,0.4726666450,85.4666671752,132.5533294677,132.5533294677,132.5533294677,4.5333333015,2.0266668796,-0.0466666698,0.5960000038,0.1600000143,0.0000000000,0.0000000000,0.0000000000
2026-10-05 14:36:45,0.3587197303,384.0000000000,15.0000000000,18.5333328247,0.1186666603,42.2000007629,66.2733383178,66.2733383178,66.2733383178,2.2000000476,0.9933334350,-0.0600000000,0.2873333454,0.0800000095,0.0000000000,0.0000000000,0.0000000000
2026-10-05 14:42:38,0.3584900379,384.0000000000,29.8666667938,36.9333343505,0.3613333463,82.8000030517,132.5400085449,132.5400085449,132.5400085449,4.5333333015,2.0133333206,-0.0466666650,0.5966666221,0.1600000143,0.0000000000,0.0000000000,0.0000000000
2026-10-05 14:48:32,0.3585350275,384.0000000000,32.3333320617,39.4000015258,0.5426666259,82.0666656494,132.5400085449,132.5400085449,132.5400085449,4.4666666984,2.0133333206,-0.0533333349,0.5920000076,0.1600000143,0.0000000000,0.0000000000,0.0000000000
2026-10-05 14:54:28,0.3585192680,384.0000000000,16.4666671752,20.0000000000,0.1646666622,40.2666664123,66.2666702270,66.2666702270,66.2666702270,2.3333332538,1.0000000000,-0.0133333337,0.3013333320,0.0800000095,0.0000000000,0.0000000000,0.0000000000
2026-10-05 15:00:23,0.3584444999,384.0000000000,19.9333324432,23.4666671752,0.0846666622,39.5999984741,66.2666702270,66.2666702270,66.2666702270,2.2666666507,0.9933334350,-0.0466666650,0.2906666755,0.0800000095,0.0000000000,0.0000000000,0.0000000000
2026-10-05 15:06:19,0.3584664821,384.0000000000,15.0666666030,18.6000003814,0.3253333330,39.0666656494,66.2666702270,66.2666702270,66.2666702270,2.2666666507,0.9866666793,-0.0400000047,0.2920000076,0.0800000095,0.0000000000,0.0000000000,0.0000000000
2026-10-05 15:12:14,0.3584138154,384.0000000000,17.5333328247,21.0666675567,0.2719999790,38.5333328247,66.2666702270,66.2666702270,66.2666702270,2.2000000476,0.9733333587,-0.0866666698,0.2779999971,0.0800000095,0.0000000000,0.0000000000,0.0000000000
2026-10-05 15:18:10,0.3582971572,384.0000000000,15.3999996185,18.9333324432,0.2099999904,37.6666679382,66.2733383178,66.2733383178,66.2733383178,2.3333332538,0.9733333587,-0.0400000047,0.2926666450,0.0800000095,0.0000000000,0.0000000000,0.0000000000
2026-10-05 15:24:03,0.3580894708,384.0000000000,36.7999992370,43.8666648864,0.3140000104,72.3333358764,132.5466766357,132.5466766357,132.5466766357,4.4666666984,2.0133333206,-0.0800000095,0.5833333015,0.1600000143,0.0000000000,0.0000000000,0.0000000000
2026-10-05 15:29:57,0.3580726623,384.0000000000,27.1333332061,34.2000007629,0.3453333139,70.8000030517,132.5400085449,132.5400085449,132.5400085449,4.3333334922,1.9866667747,-0.1466666698,0.5633333206,0.1600000143,0.0000000000,0.0000000000,0.0000000000
2026-10-05 15:35:51,0.3578744888,384.0000000000,33.5333328247,40.5999984741,0.2233333349,68.7333297729,132.5466766357,132.5466766357,132.5466766357,4.4666666984,2.0066666603,-0.0933333301,0.5799999713,0.1600000143,0.0000000000,0.0000000000,0.0000000000
2026-10-05 15:41:44,0.3579994440,384.0000000000,30.2666664123,37.3333320617,0.4359999656,67.1999969482,132.5466613769,132.5466613769,132.5466613769,4.4000000953,2.0000000000,-0.1133333325,0.5746666908,0.1600000143,0.0000000000,0.0000000000,0.0000000000
2026-10-05 15:47:38,0.3579758167,384.0000000000,35.2666664123,42.3333320617,0.2299999952,65.1999969482,132.5333404541,132.5333404541,132.5333404541,4.5333333015,1.9666666984,-0.0800000095,0.5860000133,0.1600000143,0.0000000000,0.0000000000,0.0000000000
2026-10-05 15:53:32,0.3580456972,384.0000000000,31.7333335876,38.7999992370,0.4539999961,63.3333320617,132.5466613769,132.5466613769,132.5466613769,4.5333333015,1.9599999427,-0.1066666722,0.5766666412,0.1600000143,0.0000000000,0.0000000000,0.0000000000
2026-10-05 15:59:26,0.3580001592,384.0000000000,20.3333339691,27.3999996185,0.1513333320,61.2000007629,132.5466613769,132.5466613769,132.5466613769,4.5333333015,1.9733333587,-0.0866666698,0.5846666812,0.1600000143,0.0000000000,0.0000000000,0.0000000000
2026-10-05 16:05:21,0.3579956531,384.0000000000,19.2666664123,22.7999992370,0.1386666536,30.0666675567,66.2733383178,66.2733383178,66.2733383178,2.2666666507,0.9933334350,-0.0466666650,0.2899999809,0.0800000095,0.0000000000,0.0000000000,0.0000000000
