2026-09-29 10:14:40,0.3630066871,9046.4667968750,0.0000000000,0.0000000000,0.0000000000,0.0000000000,0.0000000000,0.0000000000,0.0000000000,0.0000000000,0.0000000000,0.0000000000,0.0000000000,0.0000000000,0.0000000000,0.0000000000,0.0000000000
2026-09-29 10:20:14,0.3629971504,9162.3330078125,0.0000000000,0.0000000000,0.0000000000,0.0000000000,0.0000000000,0.0000000000,0.0000000000,0.0000000000,0.0000000000,0.0000000000,0.0000000000,0.0000000000,0.0000000000,0.0000000000,0.0000000000
2026-09-29 10:25:48,0.3630891084,9188.8662109375,0.0000000000,0.0000000000,0.0000000000,0.0000000000,0.0000000000,0.0000000000,0.0000000000,0.0000000000,0.0000000000,0.0000000000,0.0000000000,0.0000000000,0.0000000000,0.0000000000,0.0000000000
2026-09-29 10:31:21,0.3630440473,10046.7998046875,0.0000000000,0.0000000000,0.0000000000,0.0000000000,0.0000000000,0.0000000000,0.0000000000,0.0000000000,0.0000000000,0.0000000000,0.0000000000,0.0000000000,0.0000000000,0.0000000000,0.0000000000
2026-09-29 10:36:55,0.3628746032,10754.5332031250,0.0000000000,0.0000000000,0.0000000000,0.0000000000,0.0000000000,0.0000000000,0.0000000000,0.0000000000,0.0000000000,0.0000000000,0.0000000000,0.0000000000,0.0000000000,0.0000000000,0.0000000000
2026-09-29 10:42:28,0.3626873731,11242.5996093750,0.0000000000,0.0000000000,0.0000000000,0.0000000000,0.0000000000,0.0000000000,0.0000000000,0.0000000000,0.0000000000,0.0000000000,0.0000000000,0.0000000000,0.0000000000,0.0000000000,0.0000000000
2026-09-29 10:48:01,0.3626058340,11508.7333984375,0.0000000000,0.0000000000,0.0000000000,0.0000000000,0.0000000000,0.0000000000,0.0000000000,0.0000000000,0.0000000000,0.0000000000,0.0000000000,0.0000000000,0.0000000000,0.0000000000,0.0000000000
2026-09-29 10:53:34,0.3626604080,12510.6669921875,0.0000000000,0.0000000000,0.0000000000,0.0000000000,0.0000000000,0.0000000000,0.0000000000,0.0000000000,0.0000000000,0.0000000000,0.0000000000,0.0000000000,0.0000000000,0.0000000000,0.0000000000
2026-09-29 10:59:09,0.3624922275,13802.0664062500,0.0000000000,0.0000000000,0.0000000000,0.0000000000,0.0000000000,0.0000000000,0.0000000000,0.0000000000,0.0000000000,0.0000000000,0.0000000000,0.0000000000,0.0000000000,0.0000000000,0.0000000000
2026-09-29 11:04:43,0.3621532678,14972.6669921875,0.0000000000,0.0000000000,0.0000000000,0.0000000000,0.0000000000,0.0000000000,0.0000000000,0.0000000000,0.0000000000,0.0000000000,0.0000000000,0.0000000000,0.0000000000,0.0000000000,0.0000000000
2026-09-29 11:10:17,0.3619753360,15440.5332031250,0.0000000000,0.0000000000,0.0000000000,0.0000000000,0.0000000000,0.0000000000,0.0000000000,0.0000000000,0.0000000000,0.0000000000,0.0000000000,0.0000000000,0.0000000000,0.0000000000,0.0000000000
2026-09-29 11:15:51,0.3626342296,15763.4667968750,0.0000000000,0.0000000000,0.0000000000,0.0000000000,0.0000000000,0.0000000000,0.0000000000,0.0000000000,0.0000000000,0.0000000000,0.0000000000,0.0000000000,0.0000000000,0.0000000000,0.0000000000
2026-09-29 11:21:25,0.3631685733,15350.7333984375,0.0000000000,0.0000000000,0.0000000000,0.0000000000,0.0000000000,0.0000000000,0.0000000000,0.0000000000,0.0000000000,0.0000000000,0.0000000000,0.0000000000,0.0000000000,0.0000000000,0.0000000000
2026-09-29 11:27:00,0.3630674839,15471.4667968750,0.0000000000,0.0000000000,0.0000000000,0.0000000000,0.0000000000,0.0000000000,0.0000000000,0.0000000000,0.0000000000,0.0000000000,0.0000000000,0.0000000000,0.0000000000,0.0000000000,0.0000000000
2026-09-29 11:32:34,0.3629823923,15563.0000000000,0.0000000000,0.0000000000,0.0000000000,0.0000000000,0.0000000000,0.0000000000,0.0000000000,0.0000000000,0.0000000000,0.0000000000,0.0000000000,0.0000000000,0.0000000000,0.0000000000,0.0000000000
2026-09-29 11:38:09,0.3627877235,16170.5332031250,0.0000000000,0.0000000000,0.0000000000,0.0000000000,0.0000000000,0.0000000000,0.0000000000,0.0000000000,0.0000000000,0.0000000000,0.0000000000,0.0000000000,0.0000000000,0.0000000000,0.0000000000
2026-09-29 11:43:44,0.3625412464,16568.4003906250,0.0000000000,0.0000000000,0.0000000000,0.0000000000,0.0000000000,0.0000000000,0.0000000000,0.0000000000,0.0000000000,0.0000000000,0.0000000000,0.0000000000,0.0000000000,0.0000000000,0.0000000000
2026-09-29 11:49:18,0.3624324321,16480.6660156250,0.0000000000,0.0000000000,0.0000000000,0.0000000000,0.0000000000,0.0000000000,0.0000000000,0.0000000000,0.0000000000,0.0000000000,0.0000000000,0.0000000000,0.0000000000,0.0000000000,0.0000000000
2026-09-29 11:55:13,0.3624416828,16723.4003906250,0.0000000000,0.0000000000,0.0000000000,0.0000000000,0.0000000000,0.0000000000,0.0000000000,0.0000000000,0.0000000000,0.0000000000,0.0000000000,0.0000000000,0.0000000000,0.0000000000,0.0000000000
2026-09-29 12:01:08,0.3622100114,17300.2675781250,8.1333332061,11.6666669845,0.0540000009,15.8666667938,66.2200012207,66.2200012207,66.2200012207,4.1333332061,1.4133334159,0.9199999809,0.7759999752,0.0800000095,0.0000000000,0.0000000000,0.0000000000
2026-09-29 12:07:04,0.3621506690,16215.4003906250,2.4000000953,5.9333333969,0.0259999990,17.2666664123,66.2133331298,66.2133331298,66.2133331298,4.1333332061,1.4266666412,0.9333333015,0.7846666336,0.0800000095,0.0000000000,0.0000000000,0.0000000000
2026-09-29 12:12:59,0.3620835542,14728.0000000000,22.7999992370,2.3333332538,0.0373333334,18.3999996185,66.2066726684,66.2066726684,66.2066726684,4.1333332061,1.3999999809,0.9066666603,0.7666666507,0.0800000095,0.0000000000,0.0000000000,0.0000000000
2026-09-29 12:18:55,0.3617098569,11928.0664062500,10.0666666030,13.6000003814,0.0519999980,20.5333328247,66.2066726684,66.2066726684,66.2066726684,4.0666666030,1.4266666412,0.9066666603,0.7659999847,0.0800000095,0.0000000000,0.0000000000,0.0000000000
2026-09-29 12:24:50,0.3614259719,10160.4667968750,20.0000000000,23.5333328247,0.0099999990,22.1333332061,66.1999969482,66.1999969482,66.1999969482,4.0000000000,1.4333333015,0.9066666603,0.7666666507,0.0800000095,0.0000000000,0.0000000000,0.0000000000
2026-09-29 12:30:46,0.3611866235,11115.9335937500,10.4666662216,14.0000000000,0.0133333325,21.6000003814,66.1999969482,66.1999969482,66.1999969482,3.9333333969,1.4533333778,0.9000000000,0.7613333702,0.0800000095,0.0000000000,0.0000000000,0.0000000000
2026-09-29 12:36:41,0.3611474990,9501.1337890625,23.5333328247,3.0666666030,0.0259999990,22.3333339691,66.1933364868,66.1933364868,66.1933364868,3.7999999523,1.4599999427,0.8733333587,0.7426666259,0.0800000095,0.0000000000,0.0000000000,0.0000000000
2026-09-29 12:42:37,0.3612256526,7826.2001953125,9.1333332061,12.6666669845,0.0859999942,23.2000007629,66.1933364868,66.1933364868,66.1933364868,3.8666666030,1.4266666412,0.8600000381,0.7333333492,0.0800000095,0.0000000000,0.0000000000,0.0000000000
2026-09-29 12:48:32,0.3610781431,7149.1333007812,2.1333334445,5.6666665077,0.0466666650,23.9333324432,66.1999969482,66.1999969482,66.1999969482,3.9333333969,1.4333333015,0.8866666793,0.7526666641,0.0800000095,0.0000000000,0.0000000000,0.0000000000
2026-09-29 12:54:28,0.3608881473,7366.8666992187,2.6666667461,6.1999998092,0.0793333292,23.9333324432,66.1999969482,66.1999969482,66.1999969482,3.8666666030,1.4466667175,0.8733333587,0.7426666259,0.0800000095,0.0000000000,0.0000000000,0.0000000000
2026-09-29 13:00:23,0.3606392145,6733.9331054687,7.5999999046,11.1333332061,0.0199999990,24.6666660308,66.2066726684,66.2066726684,66.2066726684,3.7333333492,1.4666666984,0.8666666984,0.7373332977,0.0800000095,0.0000000000,0.0000000000,0.0000000000
2026-09-29 13:06:19,0.3603493928,8739.2001953125,17.8666667938,21.3999996185,0.0366666674,23.8666667938,66.1999969482,66.1999969482,66.1999969482,3.6666667461,1.4866667747,0.8666666984,0.7366666793,0.0800000095,0.0000000000,0.0000000000,0.0000000000
2026-09-29 13:12:14,0.3602994441,11357.1337890625,3.7333333492,7.2666668891,0.0433333349,22.8666667938,66.1999969482,66.1999969482,66.1999969482,3.6666667461,1.5066666603,0.8866666793,0.7479999542,0.0800000095,0.0000000000,0.0000000000,0.0000000000
2026-09-29 13:18:10,0.3605575323,14743.5332031250,11.4666662216,15.0000000000,0.0686666679,20.6000003814,66.1933364868,66.1933364868,66.1933364868,3.5999999046,1.4666666984,0.8199999809,0.7026666641,0.0800000095,0.0000000000,0.0000000000,0.0000000000
2026-09-29 13:24:05,0.3606412172,16860.6660156250,4.8666667938,8.3999996185,0.0526666641,19.5333328247,66.1999969482,66.1999969482,66.1999969482,3.5999999046,1.4866667747,0.8400000572,0.7159999847,0.0800000095,0.0000000000,0.0000000000,0.0000000000
2026-09-29 13:30:01,0.3606337308,16134.3330078125,4.0000000000,7.5333333015,0.0393333320,17.2666664123,66.1999969482,66.1999969482,66.1999969482,3.6666667461,1.4866667747,0.8533333778,0.7246666431,0.0800000095,0.0000000000,0.0000000000,0.0000000000
2026-09-29 13:35:56,0.3608475685,13379.9335937500,0.6666666984,4.1999998092,0.0713333225,14.1333332061,66.1866683959,66.1866683959,66.1866683959,3.5999999046,1.4733333587,0.8333333015,0.7113333225,0.0800000095,0.0000000000,0.0000000000,0.0000000000
2026-09-29 13:41:52,0.3602221250,11630.4003906250,7.4666666984,11.0000000000,0.0419999980,11.8666667938,66.1999969482,66.1999969482,66.1999969482,3.6666667461,1.4800000190,0.8533333778,0.7246666431,0.0800000095,0.0000000000,0.0000000000,0.0000000000
2026-09-29 13:47:47,0.3604031801,10118.7333984375,7.3333334922,10.8666667938,0.0199999990,10.0000000000,66.1999969482,66.1999969482,66.1999969482,3.5999999046,1.4733333587,0.8266667366,0.7093333244,0.0800000095,0.0000000000,0.0000000000,0.0000000000
2026-09-29 13:53:43,0.3606461048,10254.7998046875,9.8666667938,13.3999996185,0.0586666631,9.5333337783,66.1866683959,66.1866683959,66.1866683959,3.5999999046,1.4400000572,0.8066666603,0.6926666259,0.0800000095,0.0000000000,0.0000000000,0.0000000000
2026-09-29 13:59:38,0.3607241153,10418.2666015625,3.6666667461,7.1999998092,0.0059999995,9.9333333969,66.1800003051,66.1800003051,66.1800003051,3.6666667461,1.4333333015,0.8066666603,0.6946666717,0.0800000095,0.0000000000,0.0000000000,0.0000000000
2026-09-29 14:05:33,0.3615980625,10211.7998046875,20.4666671752,27.5333328247,0.1893333339,20.0000000000,132.3666687011,132.3666687011,132.3666687011,7.8000001907,2.8466668128,1.7333333492,1.4733332633,0.1600000143,0.0000000000,0.0000000000,0.0000000000
2026-09-29 14:11:28,0.3611278772,11143.2001953125,12.6666669845,16.2000007629,0.0693333244,10.5333337783,66.1733322143,66.1733322143,66.1733322143,4.0000000000,1.4066666603,0.8800000190,0.7466666698,0.0800000095,0.0000000000,0.0000000000,0.0000000000
2026-09-29 14:17:24,0.3610735893,12265.5996093750,9.0666666030,12.6000003814,0.0626666641,12.1999998092,66.1733322143,66.1733322143,66.1733322143,3.8666666030,1.4066666603,0.8400000572,0.7186666488,0.0800000095,0.0000000000,0.0000000000,0.0000000000
2026-09-29 14:23:19,0.3612444639,12582.0000000000,9.0666666030,12.6000003814,0.1153333306,12.1999998092,66.1666641235,66.1666641235,66.1666641235,4.0666666030,1.3933333206,0.8800000190,0.7466666698,0.0800000095,0.0000000000,0.0000000000,0.0000000000
2026-09-29 14:29:15,0.3613091707,12961.3330078125,8.9333333969,12.4666662216,0.1333333373,12.2666664123,66.1666641235,66.1666641235,66.1666641235,4.1333332061,1.3866667747,0.8866666793,0.7513332843,0.0800000095,0.0000000000,0.0000000000,0.0000000000
2026-09-29 14:35:10,0.3614226818,11442.0664062500,8.8666667938,12.3999996185,0.1199999923,11.1999998092,66.1600036621,66.1600036621,66.1600036621,4.0666666030,1.3866667747,0.8733333587,0.7433332920,0.0800000095,0.0000000000,0.0000000000,0.0000000000
2026-09-29 14:41:06,0.3615761756,10369.9335937500,8.2666664123,11.8000001907,0.1166666626,10.1333332061,66.1600036621,66.1600036621,66.1600036621,4.1999998092,1.3933333206,0.9066666603,0.7673332691,0.0800000095,0.0000000000,0.0000000000,0.0000000000
2026-09-29 14:47:01,0.3616672992,9529.0000000000,9.3333330154,12.8666667938,0.1506666660,9.9333333969,66.1600036621,66.1600036621,66.1600036621,4.2666668891,1.3666666746,0.9000000000,0.7626666545,0.0800000095,0.0000000000,0.0000000000,0.0000000000
2026-09-29 14:52:55,0.3625454664,9274.4667968750,30.3333339691,40.9333343505,0.4659999847,28.3999996185,198.4733428955,198.4733428955,198.4733428955,12.6000003814,4.1533336639,2.7066664695,2.2919998168,0.2400000095,0.0000000000,0.0000000000,0.0000000000
2026-09-29 14:58:47,0.3630153894,9038.0664062500,33.4000015258,47.5333328247,0.3799999952,35.0666656494,264.6133422851,264.6133422851,264.6133422851,16.8666667938,5.5000000000,3.5999999046,3.0573334693,0.3200000286,0.0000000000,0.0000000000,0.0000000000
2026-09-29 15:04:42,0.3629897117,7625.6665039062,10.5333337783,14.0666666030,0.0900000000,7.8666667938,66.1533355712,66.1533355712,66.1533355712,4.1999998092,1.3866667747,0.9066666603,0.7693333148,0.0800000095,0.0000000000,0.0000000000,0.0000000000
2026-09-29 15:10:38,0.3631017446,7353.5332031250,9.1333332061,12.6666669845,0.1153333306,6.6666665077,66.1466674804,66.1466674804,66.1466674804,4.2666668891,1.3799999952,0.9199999809,0.7766666412,0.0800000095,0.0000000000,0.0000000000,0.0000000000
2026-09-29 15:16:33,0.3631197214,7686.9331054687,10.3999996185,13.9333333969,0.1573333263,6.8666667938,66.1466674804,66.1466674804,66.1466674804,4.2666668891,1.3733333349,0.9066666603,0.7693333148,0.0800000095,0.0000000000,0.0000000000,0.0000000000
2026-09-29 15:22:29,0.3630403995,8580.7998046875,8.0666666030,11.6000003814,0.0859999942,7.3333334922,66.1466674804,66.1466674804,66.1466674804,4.2666668891,1.3733333349,0.9066666603,0.7693333148,0.0800000095,0.0000000000,0.0000000000,0.0000000000
2026-09-29 15:28:24,0.3629217624,9651.0664062500,9.8000001907,13.3333330154,0.2306666612,8.4666662216,66.1399993896,66.1399993896,66.1399993896,4.1999998092,1.3600000143,0.8866666793,0.7526666641,0.0800000095,0.0000000000,0.0000000000,0.0000000000
2026-09-29 15:34:20,0.3628592491,9902.0000000000,9.8000001907,13.3333330154,0.1353333234,9.1333332061,66.1399993896,66.1399993896,66.1399993896,4.1999998092,1.3600000143,0.8800000190,0.7500000000,0.0800000095,0.0000000000,0.0000000000,0.0000000000
2026-09-29 15:40:15,0.3628152370,9771.0664062500,7.7333331108,11.2666664123,0.0653333282,8.7333335876,66.1466674804,66.1466674804,66.1466674804,4.1999998092,1.3466666936,0.8666666984,0.7399999618,0.0800000095,0.0000000000,0.0000000000,0.0000000000
2026-09-29 15:46:11,0.3628210067,10560.0664062500,9.4666662216,13.0000000000,0.1666666746,9.2666664123,66.1466674804,66.1466674804,66.1466674804,4.2666668891,1.3533333539,0.8933333396,0.7566666126,0.0800000095,0.0000000000,0.0000000000,0.0000000000
2026-09-29 15:52:06,0.3627062320,11117.4003906250,9.9333333969,13.4666662216,0.1240000009,9.8000001907,66.1399993896,66.1399993896,66.1399993896,4.2666668891,1.3600000143,0.8933333396,0.7593333244,0.0800000095,0.0000000000,0.0000000000,0.0000000000
2026-09-29 15:58:02,0.3626061916,10945.3330078125,9.7333335876,13.2666664123,0.1840000057,10.3999996185,66.1399993896,66.1399993896,66.1399993896,4.1333332061,1.3600000143,0.8666666984,0.7399999618,0.0800000095,0.0000000000,0.0000000000,0.0000000000
2026-09-29 16:03:57,0.3624980688,10085.8662109375,10.8666667938,14.3999996185,0.0313333320,9.5333337783,66.1399993896,66.1399993896,66.1399993896,4.0666666030,1.3733333349,0.8600000381,0.7326666831,0.0800000095,0.0000000000,0.0000000000,0.0000000000
