2026-09-17 16:11:32,0.3616531372,3802.0000000000,269.9333190917,151.3999938964,1.2033332586,49.0000000000,929.9466552734,929.9466552734,929.9466552734,46.5333328247,21.3199996948,11.2066669464,9.6199998855,1.1200000047,0.0000000000,0.0000000000,0.0000000000
2026-09-17 16:17:07,0.3615731239,3316.5334472656,240.2666625976,169.8000030517,0.8346666336,41.0000000000,929.8999633789,929.8999633789,929.8999633789,46.7333335876,21.1866683959,11.0733327865,9.5373344421,1.1200000047,0.0000000000,0.0000000000,0.0000000000
2026-09-17 16:22:42,0.3616873979,3470.8666992187,285.2000122070,94.6666641235,1.0613332986,42.2000007629,929.8267211914,929.8267211914,929.8267211914,48.4666671752,21.1133365631,11.5133323669,9.8413333892,1.1200000047,0.0000000000,0.0000000000,0.0000000000
2026-09-17 16:28:16,0.3617676258,3645.4665527343,271.1333312988,152.6000061035,1.0099999904,49.4000015258,929.7600097656,929.7600097656,929.7600097656,47.5999984741,20.9933338165,11.1999988555,9.6346673965,1.1200000047,0.0000000000,0.0000000000,0.0000000000
2026-09-17 16:33:51,0.3618700265,3829.3332519531,257.0666809082,210.6000061035,0.9873332977,51.5333328247,929.7400512695,929.7400512695,929.7400512695,47.2000007629,21.0000000000,11.0933341979,9.5473327636,1.1200000047,0.0000000000,0.0000000000,0.0000000000
2026-09-17 16:39:25,0.3615309953,3368.0000000000,277.1333312988,110.8000030517,0.9639999389,44.5333328247,929.7132568359,929.7132568359,929.7132568359,47.2000007629,20.9733314514,11.0066680908,9.4946660995,1.1200000047,0.0000000000,0.0000000000,0.0000000000
2026-09-17 16:44:59,0.3615259170,3968.6667480468,254.4666595458,136.0000000000,0.4980000495,53.7999992370,929.6732177734,929.6732177734,929.6732177734,47.4666671752,20.9866657257,11.1666679382,9.6053333282,1.1200000047,0.0000000000,0.0000000000,0.0000000000
2026-09-17 16:50:34,0.3749929666,5466.7998046875,253.4666595458,158.9333343505,0.8886667251,71.4000015258,929.6999511718,929.6999511718,929.6999511718,49.2000007629,20.8799972534,11.5399990081,9.8740015029,1.1200000047,0.0000000000,0.0000000000,0.0000000000
2026-09-17 16:56:08,0.3639134168,6376.6000976562,251.1333312988,84.7333297729,0.6606666564,74.8666687011,929.6732177734,929.6732177734,929.6732177734,51.6666679382,20.8133316040,12.1799993515,10.3199987411,1.1200000047,0.0000000000,0.0000000000,0.0000000000
2026-09-17 17:01:43,0.3630282402,4941.0668945312,245.9333343505,247.4666595458,0.7299999713,59.2666664123,929.7132568359,929.7132568359,929.7132568359,51.9333343505,20.8133316040,12.1999998092,10.3393335342,1.1200000047,0.0000000000,0.0000000000,0.0000000000
2026-09-17 17:07:17,0.3629888534,4190.2001953125,292.2000122070,101.6666641235,0.7646666049,56.6666679382,929.7399902343,929.7399902343,929.7399902343,51.4000015258,20.6600017547,12.0066652297,10.1853332519,1.1200000047,0.0000000000,0.0000000000,0.0000000000
2026-09-17 17:12:52,0.3623389005,3704.0000000000,266.6000061035,220.4666595458,0.5340000152,52.4666671752,929.7600097656,929.7600097656,929.7600097656,52.4666671752,20.7999992370,12.3800001144,10.4606657028,1.1200000047,0.0000000000,0.0000000000,0.0000000000
2026-09-17 17:18:27,0.3655847549,4710.3334960937,243.6666717529,245.3333282470,0.4966666221,74.3333358764,929.7332763671,929.7332763671,929.7332763671,53.4666671752,20.7266654968,12.5666656494,10.6033325195,1.1200000047,0.0000000000,0.0000000000,0.0000000000
2026-09-17 17:24:01,0.4147800445,4245.0000000000,279.3999938964,137.8000030517,0.3653332948,61.2666664123,929.6998901367,929.6998901367,929.6998901367,54.1333351135,20.8133316040,12.8000001907,10.7799997329,1.1200000047,0.0000000000,0.0000000000,0.0000000000
2026-09-17 17:29:36,0.3943929195,3957.0666503906,259.6000061035,261.2000122070,0.5646666526,54.4000015258,929.6932983398,929.6932983398,929.6932983398,55.0000000000,20.6400032043,12.8999996185,10.8560009002,1.1200000047,0.0000000000,0.0000000000,0.0000000000
2026-09-17 17:35:11,0.3639878273,5428.8666992187,230.3999938964,231.9333343505,0.4306666374,79.4000015258,929.6267089843,929.6267089843,929.6267089843,53.9333343505,20.7066669464,12.6999988555,10.7113332748,1.1200000047,0.0000000000,0.0000000000,0.0000000000
2026-09-17 17:40:45,0.3628380775,5056.3334960937,264.9333190917,194.5333404541,0.3973333358,68.0000000000,929.5667114257,929.5667114257,929.5667114257,54.7999992370,20.7466640472,12.9399995803,10.8906660079,1.1200000047,0.0000000000,0.0000000000,0.0000000000
2026-09-17 17:46:20,0.3626111030,3848.7333984375,229.5333404541,63.0666656494,0.2499999761,46.4666671752,929.5999755859,929.5999755859,929.5999755859,54.2000007629,20.8133316040,12.8133344650,10.7819995880,1.1200000047,0.0000000000,0.0000000000,0.0000000000
2026-09-17 17:52:14,0.3626222133,4392.6000976562,0.0000000000,0.0000000000,0.0000000000,0.0000000000,0.0000000000,0.0000000000,0.0000000000,0.0000000000,0.0000000000,0.0000000000,0.0000000000,0.0000000000,0.0000000000,0.0000000000,0.0000000000
2026-09-17 17:58:10,0.3626508712,4201.6665039062,17.0000000000,20.5333328247,0.0373333334,5.0666666030,66.4000015258,66.4000015258,66.4000015258,4.0000000000,1.4866667747,0.9533332824,0.7973333358,0.0800000095,0.0000000000,0.0000000000,0.0000000000
2026-09-17 18:04:05,0.3624677419,2823.4665527343,22.3999996185,1.9333333015,0.0119999992,3.6666667461,66.3933334350,66.3933334350,66.3933334350,3.7999999523,1.4866667747,0.9066666603,0.7633333206,0.0800000095,0.0000000000,0.0000000000,0.0000000000
2026-09-17 18:10:01,0.3624583482,2816.3999023437,16.7999992370,20.3333339691,0.0326666641,2.5333333015,66.3933334350,66.3933334350,66.3933334350,3.8666666030,1.4800000190,0.9133333206,0.7700000286,0.0800000095,0.0000000000,0.0000000000,0.0000000000
2026-09-17 18:15:56,0.3624362945,2616.8000488281,21.0000000000,0.5333333492,0.0426666688,2.3333332538,66.3933334350,66.3933334350,66.3933334350,3.7333333492,1.4733333587,0.8733333587,0.7420000076,0.0800000095,0.0000000000,0.0000000000,0.0000000000
2026-09-17 18:21:51,0.3625884532,3885.2666015625,37.7333335876,44.7999992370,0.1306666731,6.0666666030,132.7933349609,132.7933349609,132.7933349609,7.6666665077,2.9466667175,1.7933334350,1.5133332252,0.1600000143,0.0000000000,0.0000000000,0.0000000000
2026-09-17 18:27:46,0.3625758647,3184.5334472656,20.0666675567,23.6000003814,0.0613333320,3.4000000953,66.3933334350,66.3933334350,66.3933334350,3.9333333969,1.4666666984,0.9133333206,0.7673332691,0.0800000095,0.0000000000,0.0000000000,0.0000000000
2026-09-17 18:33:42,0.3626836776,2675.7333984375,21.2000007629,0.7333333492,0.0373333334,2.4000000953,66.3933334350,66.3933334350,66.3933334350,4.0000000000,1.4666666984,0.9399999618,0.7893333435,0.0800000095,0.0000000000,0.0000000000,0.0000000000
2026-09-17 18:39:37,0.3627511978,2025.5999755859,17.2666664123,20.7999992370,0.0379999995,2.2666666507,66.3933334350,66.3933334350,66.3933334350,4.0666666030,1.4599999427,0.9466666221,0.7939999580,0.0800000095,0.0000000000,0.0000000000,0.0000000000
2026-09-17 18:45:33,0.3621048688,1611.1999511718,20.9333324432,0.4666666507,0.1019999980,1.4666666984,66.3933334350,66.3933334350,66.3933334350,4.0666666030,1.4466667175,0.9333333015,0.7873332977,0.0800000095,0.0000000000,0.0000000000,0.0000000000
2026-09-17 18:51:28,0.3622453689,1332.1333007812,4.7333331108,8.2666664123,0.0339999961,1.6000000000,66.3866653442,66.3866653442,66.3866653442,4.0666666030,1.4466667175,0.9333333015,0.7880000114,0.0800000095,0.0000000000,0.0000000000,0.0000000000
2026-09-17 18:57:24,0.3624386548,1662.4666748046,21.5333328247,1.0666667222,0.0573333311,1.3333333730,66.3799972534,66.3799972534,66.3799972534,4.1333332061,1.4400000572,0.9399999618,0.7899999618,0.0800000095,0.0000000000,0.0000000000,0.0000000000
2026-09-17 19:03:18,0.3625088691,2013.5333251953,39.2000007629,46.2666664123,0.0606666660,3.5999999046,132.7666625976,132.7666625976,132.7666625976,8.3999996185,2.8666666030,1.9000000000,1.5959999561,0.1600000143,0.0000000000,0.0000000000,0.0000000000
2026-09-17 19:09:14,0.3625794649,2226.8000488281,20.9333324432,0.4666666507,0.0153333330,2.1333334445,66.3799972534,66.3799972534,66.3799972534,4.1999998092,1.4333333015,0.9533332824,0.8033333778,0.0800000095,0.0000000000,0.0000000000,0.0000000000
2026-09-17 19:15:09,0.3627883434,1294.9333496093,22.9333324432,2.4666666984,0.0546666622,1.2000000476,66.3799972534,66.3799972534,66.3799972534,4.2666668891,1.4333333015,0.9600000381,0.8086666107,0.0800000095,0.0000000000,0.0000000000,0.0000000000
2026-09-17 19:21:05,0.3629845380,838.4666748046,13.1333332061,16.6666660308,0.0166666674,0.8666666984,66.3799972534,66.3799972534,66.3799972534,4.3333334922,1.4133334159,0.9600000381,0.8093332290,0.0800000095,0.0000000000,0.0000000000,0.0000000000
2026-09-17 19:27:00,0.3631731510,499.4666748046,17.4666671752,21.0666675567,0.0226666665,0.4000000000,66.3733367919,66.3733367919,66.3733367919,4.4000000953,1.4066666603,0.9733333587,0.8166666984,0.0800000095,0.0000000000,0.0000000000,0.0000000000
2026-09-17 19:32:55,0.3634352445,300.8666687011,44.5333328247,3.5999999046,0.1059999942,0.6000000000,132.7599945068,132.7599945068,132.7599945068,8.9333333969,2.7666666507,1.9333333015,1.6279998779,0.1600000143,0.0000000000,0.0000000000,0.0000000000
2026-09-17 19:38:49,0.3638504505,121.1333312988,38.7333335876,45.7999992370,0.0313333320,0.3333333492,132.7599945068,132.7599945068,132.7599945068,9.0000000000,2.7400000095,1.9266667366,1.6259999275,0.1600000143,0.0000000000,0.0000000000,0.0000000000
2026-09-17 19:44:43,0.3639502525,38.2000007629,28.6666660308,35.7999992370,0.0366666650,0.2000000000,132.7666625976,132.7666625976,132.7666625976,9.0666666030,2.7266666889,1.9200000762,1.6213333606,0.1600000143,0.0000000000,0.0000000000,0.0000000000
2026-09-17 19:50:39,0.3641510009,13.1333332061,15.9333333969,19.4666671752,0.0126666665,0.0666666698,66.3866653442,66.3866653442,66.3866653442,4.5333333015,1.3533333539,0.9600000381,0.8086666107,0.0800000095,0.0000000000,0.0000000000,0.0000000000
2026-09-17 19:56:34,0.3641596078,3.6666667461,21.2000007629,0.7333333492,0.0253333330,0.0666666698,66.4000015258,66.4000015258,66.4000015258,4.5999999046,1.3400000333,0.9533332824,0.8059999465,0.0800000095,0.0000000000,0.0000000000,0.0000000000
2026-09-17 20:02:30,0.3651356458,1.2000000476,16.0000000000,19.6000003814,0.0219999980,0.0666666698,66.4066696166,66.4066696166,66.4066696166,4.6666665077,1.3200000524,0.9533332824,0.8039999961,0.0800000095,0.0000000000,0.0000000000,0.0000000000
2026-09-17 20:08:25,0.3656833648,0.1333333373,16.7333335876,20.2666664123,0.0159999990,0.0666666698,66.4133377075,66.4133377075,66.4133377075,4.7333331108,1.2999999523,0.9466666221,0.8006666183,0.0800000095,0.0000000000,0.0000000000,0.0000000000
2026-09-17 20:14:21,0.3654768705,0.0000000000,19.2000007629,22.7333335876,0.0159999990,0.0666666698,66.4199981689,66.4199981689,66.4199981689,4.7333331108,1.2999999523,0.9399999618,0.7959999561,0.0800000095,0.0000000000,0.0000000000,0.0000000000
2026-09-17 20:20:16,0.3651973009,0.0000000000,21.1333332061,0.6666666984,0.0146666660,0.1333333373,66.4199981689,66.4199981689,66.4199981689,4.5333333015,1.2866667556,0.8866666793,0.7586667060,0.0800000095,0.0000000000,0.0000000000,0.0000000000
2026-09-17 20:26:12,0.3649923324,0.0000000000,16.8666667938,20.4666671752,0.0666666698,0.1333333373,66.4333343505,66.4333343505,66.4333343505,4.5999999046,1.2866667556,0.9133333206,0.7753333568,0.0800000095,0.0000000000,0.0000000000,0.0000000000
2026-09-17 20:32:06,0.3648906946,0.0000000000,31.1333332061,38.2000007629,0.0626666641,0.1333333373,132.8799896240,132.8799896240,132.8799896240,9.2666664123,2.5733335018,1.8199998855,1.5493333339,0.1600000143,0.0000000000,0.0000000000,0.0000000000
2026-09-17 20:38:01,0.3648674964,0.0000000000,35.7999992370,18.9333324432,0.1106666564,0.1333333373,132.9066772460,132.9066772460,132.9066772460,9.1999998092,2.5666666030,1.7933334350,1.5319999694,0.1600000143,0.0000000000,0.0000000000,0.0000000000
2026-09-17 20:43:56,0.3647642135,0.0000000000,19.5333328247,23.0666675567,0.0293333320,0.0666666698,66.4533309936,66.4533309936,66.4533309936,4.5333333015,1.2800000953,0.8866666793,0.7553333282,0.0800000095,0.0000000000,0.0000000000,0.0000000000
2026-09-17 20:49:51,0.3647120952,0.0000000000,26.9333324432,10.0000000000,0.1653333187,0.0000000000,132.9400024414,132.9400024414,132.9400024414,9.0000000000,2.5399999618,1.7400000095,1.4880000114,0.1600000143,0.0000000000,0.0000000000,0.0000000000
2026-09-17 20:55:44,0.3646755695,0.0000000000,55.7333335876,42.3333320617,0.1246666669,0.0000000000,199.4266815185,199.4266815185,199.4266815185,13.3999996185,3.7800002098,2.5333333015,2.1833333969,0.2400000095,0.0000000000,0.0000000000,0.0000000000
2026-09-17 21:01:37,0.3646965503,0.0000000000,50.4666671752,61.1333351135,0.1366666793,0.0000000000,199.4400024414,199.4400024414,199.4400024414,13.3999996185,3.7533335685,2.5200002193,2.1720001697,0.2400000095,0.0000000000,0.0000000000,0.0000000000
2026-09-17 21:07:30,0.3646841526,0.0000000000,38.4666671752,49.0666656494,0.0746666669,0.1333333373,199.4733428955,199.4733428955,199.4733428955,13.3999996185,3.7400002479,2.5000000000,2.1606664657,0.2400000095,0.0000000000,0.0000000000,0.0000000000
2026-09-17 21:13:24,0.3646195411,0.0000000000,63.5333328247,26.2000007629,0.1446666717,0.1333333373,199.4933319091,199.4933319091,199.4933319091,13.3999996185,3.7133333683,2.4733335971,2.1459999084,0.2400000095,0.0000000000,0.0000000000,0.0000000000
2026-09-17 21:19:17,0.3645842313,0.0000000000,60.9333343505,23.6666660308,0.0919999980,0.1333333373,199.4933319091,199.4933319091,199.4933319091,13.3333330154,3.6933333873,2.4399998188,2.1153333187,0.2400000095,0.0000000000,0.0000000000,0.0000000000
2026-09-17 21:25:10,0.3645813226,0.0000000000,57.0666656494,43.7999992370,0.1233333230,0.0000000000,199.5000000000,199.5000000000,199.5000000000,13.1999998092,3.6733331680,2.4000000953,2.0959999561,0.2400000095,0.0000000000,0.0000000000,0.0000000000
2026-09-17 21:31:03,0.3646969318,0.0000000000,54.8666648864,41.5999984741,0.1326666593,0.0666666698,199.4599914550,199.4599914550,199.4599914550,13.3333330154,3.6399998664,2.4000000953,2.0893332958,0.2400000095,0.0000000000,0.0000000000,0.0000000000
2026-09-17 21:36:57,0.3647658348,0.0000000000,44.7333335876,55.3333320617,0.0893333339,0.0666666698,199.4400024414,199.4400024414,199.4400024414,13.3333330154,3.6066665649,2.3600001335,2.0693333148,0.2400000095,0.0000000000,0.0000000000,0.0000000000
2026-09-17 21:42:52,0.3647232055,0.0000000000,17.3999996185,21.0000000000,0.0566666650,0.0666666698,66.4800033569,66.4800033569,66.4800033569,4.4000000953,1.1933332633,0.7733333587,0.6806666851,0.0800000095,0.0000000000,0.0000000000,0.0000000000
2026-09-17 21:48:47,0.3647240161,0.0000000000,35.4000015258,42.5333328247,0.1233333230,0.1333333373,132.9933319091,132.9933319091,132.9933319091,8.8000001907,2.3666665554,1.5266667366,1.3493332862,0.1600000143,0.0000000000,0.0000000000,0.0000000000
2026-09-17 21:54:40,0.3646847248,0.0000000000,52.8666648864,63.6666679382,0.1193333387,0.2000000000,199.5066680908,199.5066680908,199.5066680908,13.1999998092,3.5266668796,2.2733335494,2.0120000839,0.2400000095,0.0000000000,0.0000000000,0.0000000000
2026-09-17 22:00:32,0.3647408723,0.0000000000,75.7333297729,42.0666656494,0.1160000085,0.2666666746,265.9800109863,265.9800109863,265.9800109863,17.7999992370,4.6666665077,3.0133333206,2.6720001697,0.3200000286,0.0000000000,0.0000000000,0.0000000000
