2026-09-27 10:14:09,0.3621562004,5876.0668945312,248.1333312988,34.5333328247,1.5313333511,448.9333190917,925.9132080078,925.9132080078,925.9132080078,50.6666679382,17.3533325195,8.6400003433,8.1266670227,1.1200000047,0.0000000000,0.0000000000,0.0000000000
2026-09-27 10:19:43,0.3620301246,5996.2001953125,285.2666625976,95.6666641235,1.9746665000,462.3999938964,925.8800048828,925.8800048828,925.8800048828,49.2000007629,17.5333328247,8.4533338546,8.0146665573,1.1200000047,0.0000000000,0.0000000000,0.0000000000
2026-09-27 10:25:18,0.3617825508,7741.1333007812,298.8666687011,61.2666664123,1.7553331851,474.3999938964,925.8133544921,925.8133544921,925.8133544921,49.0000000000,17.5266685485,8.4133338928,7.9819993972,1.1200000047,0.0000000000,0.0000000000,0.0000000000
2026-09-27 10:30:52,0.3607828140,384.0000000000,257.4666748046,43.7999992370,1.4479998588,486.6666564941,925.8267822265,925.8267822265,925.8267822265,48.9333343505,18.0000000000,8.7533321380,8.1846666336,1.1200000047,0.0000000000,0.0000000000,0.0000000000
2026-09-27 10:36:26,0.3601782560,6734.1333007812,271.0666809082,81.4666671752,1.4979999065,498.0000000000,925.7733764648,925.7733764648,925.7733764648,47.9333343505,18.1066665649,8.6400003433,8.1013326644,1.1200000047,0.0000000000,0.0000000000,0.0000000000
2026-09-27 10:41:59,0.3603440761,384.0000000000,279.8666687011,138.1333312988,1.4233332633,508.8666687011,925.7867431640,925.7867431640,925.7867431640,47.4666671752,18.3800010681,8.7400007247,8.1573333740,1.1200000047,0.0000000000,0.0000000000,0.0000000000
2026-09-27 10:47:32,0.3607975006,384.0000000000,233.3999938964,187.8000030517,1.1393333673,520.3333129882,925.7266845703,925.7266845703,925.7266845703,51.5999984741,18.5000000000,9.9866676330,8.9133329391,1.1200000047,0.0000000000,0.0000000000,0.0000000000
2026-09-27 10:53:07,0.3606570005,4483.7998046875,274.9333190917,133.3333282470,1.3573333024,531.2000122070,925.7000122070,925.7000122070,925.7000122070,50.4666671752,18.8933315277,10.0533332824,8.9453334808,1.1200000047,0.0000000000,0.0000000000,0.0000000000
2026-09-27 10:58:41,0.3600077390,2641.9333496093,267.3333435058,221.6000061035,1.1133332252,542.0666503906,925.6466674804,925.6466674804,925.6466674804,50.1333351135,18.9733333587,10.0000000000,8.9113330841,1.1200000047,0.0000000000,0.0000000000,0.0000000000
2026-09-27 11:04:16,0.3600879669,2711.1999511718,291.1333312988,149.5333404541,1.6900001525,553.7999877929,925.5666503906,925.5666503906,925.5666503906,49.4666671752,19.0533332824,9.9266672134,8.8480005264,1.1200000047,0.0000000000,0.0000000000,0.0000000000
2026-09-27 11:09:51,0.3601533174,4304.3334960937,291.3333435058,125.4666671752,1.5813331604,564.4000244140,925.5933227539,925.5933227539,925.5933227539,50.1333351135,18.9933357238,10.0933332443,8.9626665115,1.1200000047,0.0000000000,0.0000000000,0.0000000000
2026-09-27 11:15:25,0.3601639747,3572.6000976562,270.0000000000,128.1999969482,2.0579998493,574.7999877929,925.6600341796,925.6600341796,925.6600341796,49.6666679382,19.3599987030,10.2466669082,9.0493335723,1.1200000047,0.0000000000,0.0000000000,0.0000000000
2026-09-27 11:21:00,0.3596453666,386.5333251953,257.3999938964,91.0000000000,1.4253332614,583.9333496093,925.6466674804,925.6466674804,925.6466674804,49.6666679382,19.3866672515,10.2733335494,9.0653333663,1.1200000047,0.0000000000,0.0000000000,0.0000000000
2026-09-27 11:26:35,0.3589886426,2865.9333496093,291.3999938964,124.9333343505,1.8333332061,595.1333618164,925.5666503906,925.5666503906,925.5666503906,49.4000015258,19.6133346557,10.4266662597,9.1493330001,1.1200000047,0.0000000000,0.0000000000,0.0000000000
2026-09-27 11:32:09,0.3601530790,10197.2001953125,262.5333251953,48.7999992370,1.7560000419,604.3333129882,925.4799194335,925.4799194335,925.4799194335,49.0000000000,19.6266689300,10.3400001525,9.1099996566,1.1200000047,0.0000000000,0.0000000000,0.0000000000
2026-09-27 11:37:44,0.3598748207,6475.2001953125,271.5333251953,105.1333312988,1.8926666259,612.7333374023,925.4332885742,925.4332885742,925.4332885742,49.4000015258,19.7266654968,10.4866657257,9.1966676712,1.1200000047,0.0000000000,0.0000000000,0.0000000000
2026-09-27 11:43:19,0.3596807718,6496.0668945312,291.0000000000,124.4666671752,1.6940000057,620.8666381835,925.3400268554,925.3400268554,925.3400268554,48.2000007629,19.6466674804,10.0733337402,8.9340000152,1.1200000047,0.0000000000,0.0000000000,0.0000000000
2026-09-27 11:48:53,0.3594754219,6554.7333984375,278.4666748046,112.0000000000,1.4906667709,626.4666748046,925.3133544921,925.3133544921,925.3133544921,46.9333343505,20.0133323669,10.0599994659,8.9159994125,1.1200000047,0.0000000000,0.0000000000,0.0000000000
2026-09-27 11:54:48,0.3594612598,6617.3334960937,0.0000000000,0.0000000000,0.0000000000,0.0000000000,0.0000000000,0.0000000000,0.0000000000,0.0000000000,0.0000000000,0.0000000000,0.0000000000,0.0000000000,0.0000000000,0.0000000000,0.0000000000
2026-09-27 12:00:43,0.3592874050,6745.3334960937,22.5333328247,2.0666666030,0.2273333311,45.7999992370,66.0800018310,66.0800018310,66.0800018310,3.3333332538,1.4266666412,0.7066667079,0.6286666393,0.0800000095,0.0000000000,0.0000000000,0.0000000000
2026-09-27 12:06:39,0.3589774370,7602.3999023437,21.6000003814,1.1333333253,0.2106666564,46.3333320617,66.0866622924,66.0866622924,66.0866622924,3.3333332538,1.4599999427,0.7400000095,0.6493332862,0.0800000095,0.0000000000,0.0000000000,0.0000000000
2026-09-27 12:12:34,0.3588051319,503.1333312988,15.1333332061,18.6666660308,0.0299999980,46.5999984741,66.0666656494,66.0666656494,66.0666656494,3.2000000476,1.4666666984,0.7066667079,0.6259999752,0.0800000095,0.0000000000,0.0000000000,0.0000000000
2026-09-27 12:18:30,0.3586682081,384.0000000000,21.8666667938,1.3999999809,0.1519999980,46.7999992370,66.0666656494,66.0666656494,66.0666656494,3.0000000000,1.4733333587,0.6533333778,0.5946666717,0.0800000095,0.0000000000,0.0000000000,0.0000000000
2026-09-27 12:24:25,0.3585552215,3672.8666992187,22.3999996185,1.9333333015,0.0266666650,47.2666664123,66.0600051879,66.0600051879,66.0600051879,3.0666666030,1.4866667747,0.6800000190,0.6106666564,0.0800000095,0.0000000000,0.0000000000,0.0000000000
2026-09-27 12:30:21,0.3583917379,5553.8666992187,21.0000000000,0.5333333492,0.1506666660,47.8666648864,66.0533294677,66.0533294677,66.0533294677,3.0000000000,1.4733333587,0.6600000381,0.5980000019,0.0800000095,0.0000000000,0.0000000000,0.0000000000
2026-09-27 12:36:16,0.3581137657,384.0000000000,19.9333324432,23.4666671752,0.0820000076,48.0000000000,66.0666656494,66.0666656494,66.0666656494,3.0000000000,1.5133334159,0.6800000190,0.6079999923,0.0800000095,0.0000000000,0.0000000000,0.0000000000
2026-09-27 12:42:12,0.3578601837,1958.1333007812,18.6000003814,22.1333332061,0.0873333263,47.8666648864,66.0533294677,66.0533294677,66.0533294677,3.0666666030,1.5333333015,0.7200000286,0.6359999656,0.0800000095,0.0000000000,0.0000000000,0.0000000000
2026-09-27 12:48:07,0.3579219579,1230.1999511718,19.2000007629,22.7333335876,0.1026666641,48.0666656494,66.0466690063,66.0466690063,66.0466690063,3.0666666030,1.5200000762,0.7066667079,0.6259999752,0.0800000095,0.0000000000,0.0000000000,0.0000000000
2026-09-27 12:54:03,0.3578264236,384.0000000000,17.0000000000,20.5333328247,0.1259999990,48.3333320617,66.0400009155,66.0400009155,66.0400009155,2.9333333969,1.5000000000,0.6600000381,0.5986666202,0.0800000095,0.0000000000,0.0000000000,0.0000000000
2026-09-27 12:59:58,0.3575922012,384.0000000000,22.0000000000,1.5333333015,0.0766666650,48.4666671752,66.0466690063,66.0466690063,66.0466690063,2.7333333492,1.5333333015,0.6199999809,0.5739999771,0.0800000095,0.0000000000,0.0000000000,0.0000000000
2026-09-27 13:05:54,0.3572717666,384.0000000000,21.6000003814,1.1333333253,0.1313333272,48.4666671752,66.0466690063,66.0466690063,66.0466690063,2.9333333969,1.5733333587,0.7133333206,0.6293333053,0.0800000095,0.0000000000,0.0000000000,0.0000000000
2026-09-27 13:11:49,0.3572187900,384.0000000000,18.7999992370,22.3333339691,0.0500000000,48.4000015258,66.0333328247,66.0333328247,66.0333328247,2.7999999523,1.5599999427,0.6600000381,0.5973333358,0.0800000095,0.0000000000,0.0000000000,0.0000000000
2026-09-27 13:17:45,0.3569477796,384.0000000000,22.8666667938,2.4000000953,0.0473333311,48.4000015258,66.0400009155,66.0400009155,66.0400009155,2.7999999523,1.5733333587,0.6733333587,0.6019999980,0.0800000095,0.0000000000,0.0000000000,0.0000000000
2026-09-27 13:23:40,0.3568883180,384.0000000000,17.3999996185,20.9333324432,0.0773333311,48.2000007629,66.0333328247,66.0333328247,66.0333328247,2.7333333492,1.5800000190,0.6533333778,0.5926666259,0.0800000095,0.0000000000,0.0000000000,0.0000000000
2026-09-27 13:29:36,0.3568956613,384.0000000000,22.2666664123,1.7999999523,0.3359999895,48.4000015258,66.0400009155,66.0400009155,66.0400009155,2.7999999523,1.5666666984,0.6600000381,0.5946666717,0.0800000095,0.0000000000,0.0000000000,0.0000000000
2026-09-27 13:35:31,0.3568056821,384.0000000000,20.8666667938,0.4000000000,0.0933333301,48.0666656494,66.0333328247,66.0333328247,66.0333328247,2.8666666030,1.5599999427,0.6733333587,0.6059999942,0.0800000095,0.0000000000,0.0000000000,0.0000000000
2026-09-27 13:41:27,0.3565167188,384.0000000000,19.5333328247,23.0666675567,0.1039999961,48.0666656494,66.0199966430,66.0199966430,66.0199966430,2.7999999523,1.5599999427,0.6600000381,0.5946666717,0.0800000095,0.0000000000,0.0000000000,0.0000000000
2026-09-27 13:47:22,0.3566448926,384.0000000000,21.6666660308,1.2000000476,0.0700000000,47.5333328247,66.0199966430,66.0199966430,66.0199966430,2.8666666030,1.5733333587,0.7066667079,0.6233332633,0.0800000095,0.0000000000,0.0000000000,0.0000000000
2026-09-27 13:53:18,0.3566647529,707.4000244140,2.3333332538,5.8666667938,0.0366666674,47.4000015258,66.0133361816,66.0133361816,66.0133361816,2.8666666030,1.5666666984,0.6933333873,0.6140000343,0.0800000095,0.0000000000,0.0000000000,0.0000000000
2026-09-27 13:59:13,0.3565922021,10927.8662109375,17.8666667938,21.3999996185,0.0506666660,46.9333343505,66.0066680908,66.0066680908,66.0066680908,2.8666666030,1.5933333396,0.7200000286,0.6333333015,0.0800000095,0.0000000000,1.6666666030,0.0000000000
2026-09-27 14:05:09,0.3563540935,9539.7998046875,19.0666675567,22.6000003814,0.2153333187,46.7333335876,66.0199966430,66.0199966430,66.0199966430,2.9333333969,1.6066666603,0.7533333301,0.6526666641,0.0800000095,0.0000000000,1.6666666030,0.0000000000
2026-09-27 14:11:05,0.3556499958,9825.0664062500,21.7999992370,1.3333333730,0.1466666698,46.5333328247,66.0000000000,66.0000000000,66.0000000000,2.8666666030,1.5800000190,0.6933333873,0.6179999828,0.0800000095,0.0000000000,0.0000000000,0.0000000000
2026-09-27 14:17:00,0.3555813312,3010.4665527343,21.3999996185,0.9333333015,0.2299999952,46.0000000000,66.0066680908,66.0066680908,66.0066680908,2.7999999523,1.6133333206,0.7066667079,0.6219999790,0.0800000095,0.0000000000,1.6666666030,0.0000000000
2026-09-27 14:22:56,0.3555509090,9766.6669921875,22.4666671752,2.0000000000,0.2079999923,45.5999984741,65.9933319091,65.9933319091,65.9933319091,2.7999999523,1.6133333206,0.7200000286,0.6313333034,0.0800000095,0.0000000000,1.6666666030,0.0000000000
2026-09-27 14:28:51,0.3557934999,12170.5996093750,21.6000003814,1.1333333253,0.1506666660,45.0666656494,66.0000000000,66.0000000000,66.0000000000,2.9333333969,1.5933333396,0.7333333492,0.6413333415,0.0800000095,0.0000000000,1.6666666030,0.0000000000
2026-09-27 14:34:47,0.3554170608,10313.7333984375,21.0000000000,0.5333333492,0.1906666660,44.7333335876,65.9866638183,65.9866638183,65.9866638183,2.7999999523,1.6200001239,0.7200000286,0.6333333015,0.0800000095,0.0000000000,1.6666666030,0.0000000000
2026-09-27 14:40:42,0.3556637287,5054.9331054687,20.4666671752,0.0000000000,0.2753333568,44.5999984741,65.9866638183,65.9866638183,65.9866638183,3.0000000000,1.5933333396,0.7466666698,0.6486666202,0.0800000095,0.0000000000,1.6666666030,0.0000000000
2026-09-27 14:46:38,0.3555920362,384.0000000000,21.4666671752,1.0000000000,0.0933333301,43.9333343505,65.9800033569,65.9800033569,65.9800033569,2.8666666030,1.5800000190,0.7000000000,0.6193333148,0.0800000095,0.0000000000,0.0000000000,0.0000000000
2026-09-27 14:52:33,0.3556156396,384.0000000000,16.7333335876,20.2666664123,0.0979999923,43.3333320617,65.9800033569,65.9800033569,65.9800033569,2.8666666030,1.5866666793,0.7133333206,0.6300000190,0.0800000095,0.0000000000,1.6666666030,0.0000000000
2026-09-27 14:58:29,0.3555047988,384.0000000000,20.0000000000,23.5333328247,0.0333333349,42.7333335876,65.9800033569,65.9800033569,65.9800033569,2.8666666030,1.6066666603,0.7266666889,0.6353332996,0.0800000095,0.0000000000,1.6666666030,0.0000000000
2026-09-27 15:04:24,0.3554698228,384.0000000000,6.7333331108,10.2666664123,0.1153333306,41.9333343505,65.9666671752,65.9666671752,65.9666671752,2.7999999523,1.6000000000,0.7066667079,0.6233332633,0.0800000095,0.0000000000,1.6666666030,0.0000000000
2026-09-27 15:10:20,0.3554933547,384.0000000000,20.6666660308,0.2000000000,0.1579999923,41.5333328247,65.9733352661,65.9733352661,65.9733352661,2.7999999523,1.6200001239,0.7200000286,0.6319999694,0.0800000095,0.0000000000,1.6666666030,0.0000000000
2026-09-27 15:16:15,0.3553590297,384.0000000000,21.2000007629,0.7333333492,0.1686666584,40.7999992370,65.9666671752,65.9666671752,65.9666671752,2.7999999523,1.6133333206,0.7066667079,0.6219999790,0.0800000095,0.0000000000,1.6666666030,0.0000000000
2026-09-27 15:22:11,0.3553678512,384.0000000000,21.1333332061,0.6666666984,0.2006666660,40.3333320617,65.9533309936,65.9533309936,65.9533309936,2.5999999046,1.6266666412,0.6533333778,0.5886666774,0.0800000095,0.0000000000,1.6666666030,0.0000000000
2026-09-27 15:28:06,0.3567157268,384.0000000000,20.9333324432,0.4666666507,0.1120000004,40.1333351135,65.9599990844,65.9599990844,65.9599990844,2.5999999046,1.6266666412,0.6600000381,0.5946666717,0.0800000095,0.0000000000,1.6666666030,0.0000000000
2026-09-27 15:34:02,0.3565365791,384.0000000000,20.7333335876,0.2666666746,0.0359999990,39.0666656494,65.9533309936,65.9533309936,65.9533309936,2.6666667461,1.6533334255,0.7000000000,0.6186666488,0.0800000095,0.0000000000,1.7333333492,0.0000000000
2026-09-27 15:39:57,0.3562891960,384.0000000000,16.3999996185,19.9333324432,0.0939999961,38.8666648864,65.9466705322,65.9466705322,65.9466705322,2.5999999046,1.6399999618,0.6666666984,0.5980000019,0.0800000095,0.0000000000,1.7333333492,0.0000000000
2026-09-27 15:45:53,0.3563268661,384.0000000000,21.6666660308,1.2000000476,0.2426666736,38.0666656494,65.9466705322,65.9466705322,65.9466705322,2.5333333015,1.6533334255,0.6466666221,0.5873332977,0.0800000095,0.0000000000,1.7333333492,0.0000000000
2026-09-27 15:51:48,0.3562975883,384.0000000000,17.5333328247,21.0666675567,0.0339999961,36.9333343505,65.9333343505,65.9333343505,65.9333343505,2.5999999046,1.6533334255,0.6600000381,0.5946666717,0.0800000095,0.0000000000,1.7333333492,0.0000000000
2026-09-27 15:57:44,0.3561959743,384.0000000000,23.2000007629,2.7333333492,0.0686666679,35.9333343505,65.9333343505,65.9333343505,65.9333343505,2.5999999046,1.6466667652,0.6533333778,0.5913333415,0.0800000095,0.0000000000,1.7333333492,0.0000000000
2026-09-27 16:03:39,0.3561385154,384.0000000000,19.7333335876,23.2666664123,0.1180000066,34.6666679382,65.9466705322,65.9466705322,65.9466705322,2.5999999046,1.6599999427,0.6800000190,0.6039999961,0.0800000095,0.0000000000,1.7333333492,0.0000000000
