2026-10-04 10:16:05,0.3724484682,4564.1333007812,115.0000000000,165.2666625976,0.9653332710,56.0000000000,928.7732543945,928.7732543945,928.7732543945,67.8666687011,13.0399999618,8.6333341598,8.2553339004,1.1200000047,0.0000000000,0.0000000000,0.0000000000
2026-10-04 10:21:39,0.5122479438,3212.6667480468,104.8000030517,154.3333282470,1.1133333444,38.2000007629,928.3733520507,928.3733520507,928.3733520507,69.1333312988,12.9733324050,8.7799997329,8.3426666259,1.1200000047,0.0000000000,0.0000000000,0.0000000000
2026-10-04 10:27:14,0.7595355987,3509.6667480468,106.5999984741,156.8666687011,0.9073333740,39.2666664123,927.9531860351,927.9531860351,927.9531860351,72.0000000000,12.7466669082,9.1666669845,8.5846662521,1.1200000047,0.0000000000,0.0000000000,0.0000000000
2026-10-04 10:32:48,0.7665347099,3214.1999511718,106.7333297729,157.0666656494,1.1533333063,36.5999984741,927.7266845703,927.7266845703,927.7266845703,74.0666656494,12.5266656875,9.3000011444,8.6820001602,1.1200000047,0.0000000000,0.0000000000,0.2000000000
2026-10-04 10:38:23,0.8840971946,3428.8666992187,84.1333312988,133.7333374023,1.3859999179,37.0000000000,927.2533569335,927.2533569335,927.2533569335,75.4666671752,12.3933324813,9.4466667175,8.7739992141,1.1200000047,0.0000000000,0.0000000000,0.0000000000
2026-10-04 10:43:57,1.0133222341,3964.8000488281,85.8666687011,135.3999938964,1.6966667175,41.5999984741,926.8000488281,926.8000488281,926.8000488281,76.4000015258,12.2733345031,9.5333337783,8.8280000686,1.1200000047,0.0000000000,0.0000000000,0.2000000000
2026-10-04 10:49:32,0.9950994491,4791.3334960937,123.5333328247,173.0000000000,1.7433331012,53.2000007629,926.8867187500,926.8867187500,926.8867187500,76.8666687011,12.2266683578,9.5466651916,8.8340005874,1.1200000047,0.0000000000,0.0000000000,0.0000000000
2026-10-04 10:55:06,0.9512660026,4183.3999023437,104.9333343505,154.9333343505,1.1406667232,49.1333351135,926.9066162109,926.9066162109,926.9066162109,76.7333297729,12.3133335113,9.6266660690,8.8873329162,1.1200000047,0.0000000000,0.0000000000,0.2000000000
2026-10-04 11:00:40,0.9226062774,4152.9331054687,107.8000030517,133.8666687011,1.2446666955,43.4666671752,926.5866699218,926.5866699218,926.5866699218,77.4666671752,12.3800010681,9.8066673278,9.0060005187,1.1200000047,0.0000000000,0.0000000000,0.0000000000
2026-10-04 11:06:14,0.9194581985,3864.8666992187,131.3333282470,181.0000000000,1.1293333768,42.8666648864,927.0266113281,927.0266113281,927.0266113281,76.7333297729,12.4466657638,9.7533349990,8.9686670303,1.1200000047,0.0000000000,0.0000000000,0.0000000000
2026-10-04 11:11:49,0.8990589141,6722.2666015625,124.8666687011,174.4666595458,0.9659999847,66.9333343505,927.0000610351,927.0000610351,927.0000610351,76.5333328247,12.6000013351,9.8533325195,9.0159997940,1.1200000047,0.0000000000,0.0000000000,0.0000000000
2026-10-04 11:17:23,0.8786827087,11306.7333984375,129.0000000000,178.4666595458,1.3333332538,141.6000061035,927.0133666992,927.0133666992,927.0133666992,76.0666656494,12.7466650009,9.9333333969,9.0693330764,1.1200000047,0.0000000000,0.0000000000,0.0000000000
2026-10-04 11:22:58,0.8651941299,12121.5996093750,137.6000061035,187.0666656494,1.6280000209,140.1333312988,927.1334838867,927.1334838867,927.1334838867,75.5999984741,12.8200006484,9.9333324432,9.0686664581,1.1200000047,0.0000000000,0.0000000000,0.0000000000
2026-10-04 11:28:32,0.8557109832,15676.1337890625,141.8000030517,191.3999938964,1.1606667041,186.6000061035,927.1066284179,927.1066284179,927.1066284179,76.3333358764,12.9133348464,10.1199998855,9.1806659698,1.1200000047,0.0000000000,0.0000000000,0.0000000000
2026-10-04 11:34:07,0.8400460243,16611.0664062500,132.0666656494,181.8000030517,1.8373332977,277.6666564941,927.0732421875,927.0732421875,927.0732421875,75.8000030517,12.8599996566,10.0199995040,9.1159992218,1.1200000047,0.0000000000,0.0000000000,0.0000000000
2026-10-04 11:39:41,0.8231599807,13970.4667968750,137.1333312988,187.4666595458,2.2139999866,535.4666748046,927.1668090820,927.1668090820,927.1668090820,76.1333312988,13.0866680145,10.2600002288,9.2766675949,1.1200000047,0.0000000000,0.0000000000,0.0000000000
2026-10-04 11:45:15,0.7995582580,10987.6669921875,128.5333404541,178.7333374023,1.8426667213,329.9333190917,927.1400146484,927.1400146484,927.1400146484,76.1333312988,13.2199993133,10.3733339309,9.3446664810,1.1200000047,0.0000000000,0.0000000000,0.0000000000
2026-10-04 11:50:49,0.7764685630,7935.7998046875,118.8000030517,168.3333282470,1.8860000610,340.2666625976,927.1800537109,927.1800537109,927.1800537109,76.4000015258,13.3600006103,10.6000003814,9.4873332977,1.1200000047,0.0000000000,0.0000000000,0.0000000000
2026-10-04 11:56:43,0.7614774703,6520.3999023437,10.0666666030,13.6666669845,0.1506666660,28.0000000000,66.2266693115,66.2266693115,66.2266693115,5.4000000953,0.9799999237,0.7733333587,0.6893333435,0.0800000095,0.0000000000,0.0000000000,0.0000000000
2026-10-04 12:02:38,0.7308183193,10721.4003906250,11.7333335876,15.2666664123,0.1619999885,25.7999992370,66.2266693115,66.2266693115,66.2266693115,5.3333334922,0.9733333587,0.7600000381,0.6766666412,0.0800000095,0.0000000000,0.0000000000,0.0000000000
2026-10-04 12:08:34,0.6957006454,6863.5332031250,10.9333333969,14.4666662216,0.3446666717,20.8666667938,66.2266693115,66.2266693115,66.2266693115,5.3333334922,1.0000000000,0.7799999713,0.6913333415,0.0800000095,0.0000000000,0.0000000000,0.0000000000
2026-10-04 12:14:29,0.6495417594,10550.3330078125,10.9333333969,14.4666662216,0.1539999961,21.4666671752,66.2200012207,66.2200012207,66.2200012207,5.3333334922,1.0000000000,0.7733333587,0.6879999637,0.0800000095,0.0000000000,0.0000000000,0.0000000000
2026-10-04 12:20:25,0.6121660232,8676.0664062500,13.0000000000,16.5333328247,0.1213333368,23.9333324432,66.2266693115,66.2266693115,66.2266693115,5.3333334922,1.0066666603,0.7866666793,0.6933333396,0.0800000095,0.0000000000,0.0000000000,0.0000000000
2026-10-04 12:26:20,0.5804636001,7998.5332031250,12.3333330154,15.9333333969,0.1026666641,23.8666667938,66.2266693115,66.2266693115,66.2266693115,5.2666668891,1.0266667604,0.8000000000,0.7026666641,0.0800000095,0.0000000000,0.0000000000,0.0000000000
2026-10-04 12:32:16,0.5510516643,5178.5332031250,9.2666664123,12.8666667938,0.1353333234,21.1333332061,66.2266693115,66.2266693115,66.2266693115,5.1999998092,1.0400000810,0.7933333396,0.6979999542,0.0800000095,0.0000000000,0.0000000000,0.0000000000
2026-10-04 12:38:10,0.5192812919,1748.8666992187,19.7333335876,26.9333324432,0.1413333320,55.6666679382,132.4533386230,132.4533386230,132.4533386230,10.2666664123,2.0999999046,1.5800000190,1.3913332176,0.1600000143,0.0000000000,0.0000000000,0.0000000000
2026-10-04 12:44:03,0.4899861335,792.8666381835,19.3999996185,26.5333328247,0.2519999742,72.7333297729,132.4400024414,132.4400024414,132.4400024414,10.1333332061,2.1466667652,1.5866666793,1.3980000019,0.1600000143,0.0000000000,0.0000000000,0.0000000000
2026-10-04 12:49:57,0.4568823814,384.0000000000,20.6000003814,27.6666660308,0.3059999704,89.0666656494,132.4266662597,132.4266662597,132.4266662597,9.9333333969,2.1600000858,1.5733333587,1.3853332996,0.1600000143,0.0000000000,0.0000000000,0.0000000000
2026-10-04 12:55:51,0.4292093753,384.0000000000,15.6000003814,22.7333335876,0.2086666584,89.3333358764,132.4199981689,132.4199981689,132.4199981689,9.6666669845,2.1933333873,1.5533332824,1.3719999790,0.1600000143,0.0000000000,0.0000000000,0.0000000000
2026-10-04 13:01:42,0.3942167282,384.0000000000,33.1333351135,43.7333335876,0.6253332614,133.3333282470,198.6000061035,198.6000061035,198.6000061035,14.1333332061,3.3333332538,2.2933335304,2.0280001163,0.2400000095,0.0000000000,0.0000000000,0.0000000000
2026-10-04 13:07:36,0.3644966125,384.0000000000,21.0000000000,28.0666675567,0.2986666202,88.5333328247,132.3933410644,132.3933410644,132.3933410644,9.3333330154,2.2533335685,1.5266666412,1.3519998788,0.1600000143,0.0000000000,0.0000000000,0.0000000000
2026-10-04 13:13:30,0.3622894763,384.0000000000,14.2666664123,21.3333339691,0.1640000104,88.5333328247,132.3799896240,132.3799896240,132.3799896240,9.0000000000,2.2999999523,1.5066666603,1.3373333215,0.1600000143,0.0000000000,0.0000000000,0.0000000000
2026-10-04 13:19:25,0.3619547367,1491.7332763671,7.4000000953,10.9333333969,0.0666666698,44.2000007629,66.1800003051,66.1800003051,66.1800003051,4.4666666984,1.1800000667,0.7666666507,0.6739999771,0.0800000095,0.0000000000,0.0000000000,0.0000000000
2026-10-04 13:25:21,0.3615023136,2175.6000976562,11.8000001907,15.3333330154,0.1146666646,46.6666679382,66.1800003051,66.1800003051,66.1800003051,4.2666668891,1.2066667079,0.7533333301,0.6686666488,0.0800000095,0.0000000000,0.0000000000,0.0000000000
2026-10-04 13:31:16,0.3610501766,384.0000000000,16.2000007629,19.7333335876,0.0893333244,42.4000015258,66.1800003051,66.1800003051,66.1800003051,4.1999998092,1.2133333683,0.7400000095,0.6586666584,0.0800000095,0.0000000000,0.0000000000,0.0000000000
2026-10-04 13:37:10,0.3609898567,526.4000244140,29.5333328247,36.5999984741,0.2160000085,93.8666687011,132.3333282470,132.3333282470,132.3333282470,8.2666664123,2.4733331203,1.5133334159,1.3313332796,0.1600000143,0.0000000000,0.0000000000,0.0000000000
2026-10-04 13:43:06,0.3611924171,10316.7333984375,13.3333330154,16.8666667938,0.0466666650,36.2000007629,66.1533355712,66.1533355712,66.1533355712,4.1333332061,1.2400000095,0.7533333301,0.6653333187,0.0800000095,0.0000000000,0.0000000000,0.0000000000
2026-10-04 13:49:01,0.3619549036,11587.6669921875,11.4666662216,15.0000000000,0.1206666588,13.6666669845,66.1600036621,66.1600036621,66.1600036621,4.0000000000,1.2333333492,0.7133333206,0.6406666755,0.0800000095,0.0000000000,0.0000000000,0.0000000000
2026-10-04 13:54:57,0.3614866971,8528.9335937500,11.3999996185,14.9333333969,0.1333333373,43.0666656494,66.1533355712,66.1533355712,66.1533355712,4.0666666030,1.2333333492,0.7200000286,0.6453332901,0.0800000095,0.0000000000,0.0000000000,0.0000000000
2026-10-04 14:00:52,0.3605564594,2239.0000000000,15.4666662216,19.0000000000,0.0493333339,53.0000000000,66.1533355712,66.1533355712,66.1533355712,4.0000000000,1.2666666507,0.7466666698,0.6593332767,0.0800000095,0.0000000000,0.0000000000,0.0000000000
2026-10-04 14:06:48,0.3607523918,6111.3999023437,11.0000000000,14.5333337783,0.1426666498,13.8666667938,66.1333312988,66.1333312988,66.1333312988,3.8666666030,1.2533334493,0.7066667079,0.6346666336,0.0800000095,0.0000000000,0.0000000000,0.0000000000
2026-10-04 14:12:43,0.3605890274,4779.3999023437,11.8666667938,15.3999996185,0.2399999856,45.6666679382,66.1399993896,66.1399993896,66.1399993896,3.7999999523,1.2866667556,0.7066667079,0.6353332996,0.0800000095,0.0000000000,0.0000000000,0.0000000000
2026-10-04 14:18:39,0.3617908716,1467.0666503906,14.1333332061,17.6666660308,0.2299999952,46.4000015258,66.1333312988,66.1333312988,66.1333312988,3.7333333492,1.2800000953,0.6866666793,0.6226666450,0.0800000095,0.0000000000,0.0000000000,0.0000000000
2026-10-04 14:24:34,0.3612582206,384.0000000000,11.3999996185,14.9333333969,0.1120000004,44.0000000000,66.1399993896,66.1399993896,66.1399993896,3.7333333492,1.3133333921,0.7200000286,0.6406666755,0.0800000095,0.0000000000,0.0000000000,0.0000000000
2026-10-04 14:30:28,0.3613342046,423.1333312988,22.7999992370,29.8666667938,0.1673333406,86.1333312988,132.2533416748,132.2533416748,132.2533416748,7.4000000953,2.6266667842,1.4133334159,1.2626665830,0.1600000143,0.0000000000,0.0000000000,0.0000000000
2026-10-04 14:36:22,0.3607686519,384.0000000000,19.0000000000,26.0666675567,0.3579999923,85.0666656494,132.2400054931,132.2400054931,132.2400054931,7.2666668891,2.6466667652,1.3999999809,1.2566665410,0.1600000143,0.0000000000,0.0000000000,0.0000000000
2026-10-04 14:42:15,0.3607906341,396.3333435058,24.3999996185,31.4666671752,0.3140000104,85.1999969482,132.2133331298,132.2133331298,132.2133331298,7.1999998092,2.6399998664,1.3799999952,1.2406667470,0.1600000143,0.0000000000,0.0000000000,0.0000000000
2026-10-04 14:48:11,0.3608097791,1651.4000244140,10.6000003814,14.1333332061,0.2046666622,42.1333351135,66.0999984741,66.0999984741,66.0999984741,3.5333333015,1.3200000524,0.6800000190,0.6140000343,0.0800000095,0.0000000000,0.0000000000,0.0000000000
2026-10-04 14:54:06,0.3606252908,1602.1999511718,10.1999998092,13.7333335876,0.0773333311,41.0000000000,66.0999984741,66.0999984741,66.0999984741,3.5999999046,1.3400000333,0.7066667079,0.6326666355,0.0800000095,0.0000000000,0.0000000000,0.0000000000
2026-10-04 15:00:01,0.3605337142,1488.8000488281,23.3333339691,30.3999996185,0.2906666755,83.1999969482,132.1933288574,132.1933288574,132.1933288574,7.0666666030,2.6866669654,1.3799999952,1.2393333911,0.1600000143,0.0000000000,0.0000000000,0.0000000000
2026-10-04 15:05:56,0.3605069637,3149.1333007812,12.9333333969,16.4666671752,0.1139999866,43.7999992370,66.0933380126,66.0933380126,66.0933380126,3.4666666984,1.3333333730,0.6666666984,0.6086666584,0.0800000095,0.0000000000,0.0000000000,0.0000000000
2026-10-04 15:11:51,0.3604956626,4095.3332519531,22.7333335876,29.7999992370,0.4460000038,40.4666671752,132.1799926757,132.1799926757,132.1799926757,6.8000001907,2.7200002670,1.3333333730,1.2133333683,0.1600000143,0.0000000000,0.0000000000,0.0000000000
2026-10-04 15:17:46,0.3607894897,6954.6665039062,14.8000001907,18.3333339691,0.1840000057,12.7333335876,66.0866622924,66.0866622924,66.0866622924,3.4666666984,1.3466666936,0.6666666984,0.6059999942,0.0800000095,0.0000000000,0.0000000000,0.0000000000
2026-10-04 15:23:42,0.3606487512,3245.4665527343,11.7333335876,15.2666664123,0.2506666660,39.4000015258,66.0933380126,66.0933380126,66.0933380126,3.2666666507,1.3466666936,0.6199999809,0.5799999713,0.0800000095,0.0000000000,0.0000000000,0.0000000000
2026-10-04 15:29:37,0.3601749420,384.0000000000,16.1333332061,19.6666660308,0.2866666603,37.1333351135,66.0866622924,66.0866622924,66.0866622924,3.2000000476,1.3799999952,0.6333333015,0.5846666336,0.0800000095,0.0000000000,0.0000000000,0.0000000000
2026-10-04 15:35:33,0.3599070549,384.0000000000,13.8666667938,17.3999996185,0.2420000076,34.1333351135,66.0666656494,66.0666656494,66.0666656494,3.2000000476,1.3933333206,0.6533333778,0.5953332901,0.0800000095,0.0000000000,0.0000000000,0.0000000000
2026-10-04 15:41:28,0.3598560094,384.0000000000,16.3999996185,19.9333324432,0.1279999971,32.5999984741,66.0600051879,66.0600051879,66.0600051879,3.2000000476,1.3866667747,0.6400000572,0.5899999618,0.0800000095,0.0000000000,0.0000000000,0.0000000000
2026-10-04 15:47:24,0.3596991539,4614.9331054687,12.7333335876,16.2666664123,0.1306666612,31.7333335876,66.0600051879,66.0600051879,66.0600051879,3.1333334445,1.3999999809,0.6266667366,0.5819999694,0.0800000095,0.0000000000,0.0000000000,0.0000000000
2026-10-04 15:53:19,0.3599411010,384.0000000000,17.3999996185,20.9333324432,0.1193333387,32.4666671752,66.0466690063,66.0466690063,66.0466690063,3.0666666030,1.3866667747,0.6000000000,0.5673333168,0.0800000095,0.0000000000,0.0000000000,0.0000000000
2026-10-04 15:59:15,0.3595225572,2353.6000976562,14.3333330154,17.8666667938,0.0939999961,30.0666675567,66.0466690063,66.0466690063,66.0466690063,3.0666666030,1.4333333015,0.6266667366,0.5819999694,0.0800000095,0.0000000000,0.0000000000,0.0000000000
2026-10-04 16:05:10,0.3597372055,384.0000000000,16.3999996185,19.9333324432,0.1666666746,29.0000000000,66.0400009155,66.0400009155,66.0400009155,3.0000000000,1.4066666603,0.5933333396,0.5599999904,0.0800000095,0.0000000000,0.0000000000,0.0000000000
