2026-09-13 16:10:28,0.3563826322,384.0000000000,239.4666595458,264.9333190917,2.8733331680,494.1333312988,920.3265991210,920.3265991210,920.3265991210,33.9333343505,25.3733329772,10.4533338546,8.9806661605,1.0266668796,0.0000000000,25.2000007629,0.0000000000
2026-09-13 16:16:03,0.3564447879,384.0000000000,212.0666656494,261.5333251953,2.9013333320,476.7333374023,920.4066162109,920.4066162109,920.4066162109,34.0000000000,25.2600021362,10.3933315277,8.9519996643,1.0266668796,0.0000000000,25.2000007629,0.0000000000
2026-09-13 16:21:37,0.3565068244,384.0000000000,220.8666687011,270.3333435058,3.3759994506,463.5333251953,920.3466186523,920.3466186523,920.3466186523,34.9333343505,25.0733318328,10.5200004577,9.0466661453,1.0266668796,0.0000000000,25.2000007629,0.0000000000
2026-09-13 16:27:12,0.3564629316,384.0000000000,236.7333374023,262.2000122070,2.5379998683,450.2000122070,920.3332519531,920.3332519531,920.3332519531,34.7333335876,25.0666675567,10.4600000381,9.0013332366,1.0266668796,0.0000000000,25.2000007629,0.0000000000
2026-09-13 16:32:46,0.3577944993,384.0000000000,214.1999969482,263.6666564941,3.2106664180,429.2000122070,920.4333496093,920.4333496093,920.4333496093,33.7333335876,25.1399955749,10.1266660690,8.7846670150,1.0266668796,0.0000000000,25.2000007629,0.0000000000
2026-09-13 16:38:21,0.3577897787,947.4666748046,219.8666687011,269.3333435058,2.9113332748,348.8666687011,920.5598754882,920.5598754882,920.5598754882,34.0666656494,25.0266666412,10.1399993896,8.8039999008,1.0266668796,0.0000000000,25.1333332061,0.0000000000
2026-09-13 16:43:56,0.3581939935,11487.9335937500,206.5333404541,256.0000000000,2.6080000400,147.8000030517,920.5399780273,920.5399780273,920.5399780273,33.5999984741,24.5133361816,9.5066661834,8.4333333969,1.0266668796,0.0000000000,24.2666664123,0.0000000000
2026-09-13 16:49:30,0.3585974216,16739.3339843750,221.3999938964,271.0000000000,2.2453334331,148.1999969482,920.5332641601,920.5332641601,920.5332641601,34.3333320617,24.1333312988,9.5133333206,8.4439992904,1.0266668796,0.0000000000,24.2666664123,0.0000000000
2026-09-13 16:55:05,0.3587242603,12133.2666015625,232.2666625976,233.7333374023,2.4266667366,208.8666687011,920.6334228515,920.6334228515,920.6334228515,35.7999992370,23.9200038909,9.8333330154,8.6440000534,1.0466667413,0.0000000000,24.2666664123,0.0000000000
2026-09-13 17:00:40,0.3587605476,15021.9335937500,229.6000061035,279.0666809082,2.6059997081,183.6666717529,920.6666870117,920.6666870117,920.6666870117,36.6666679382,23.7866649627,10.0799999237,8.7986660003,1.1200000047,0.0000000000,24.2666664123,0.0000000000
2026-09-13 17:06:14,0.3589844465,13660.0000000000,212.3999938964,261.9333190917,1.9746666908,159.6000061035,920.7532348632,920.7532348632,920.7532348632,37.7999992370,23.5533351898,10.2933340072,8.9433336257,1.1200000047,0.0000000000,24.2666664123,0.0000000000
2026-09-13 17:11:49,0.3590709209,14714.8662109375,221.6666717529,271.2666625976,1.9239999771,187.8666687011,920.7732543945,920.7732543945,920.7732543945,38.1333351135,23.4200019836,10.2666654586,8.9380006790,1.1200000047,0.0000000000,24.2666664123,0.0000000000
2026-09-13 17:17:24,0.3589344024,7547.3999023437,227.4666595458,276.9333190917,2.2026665210,243.2666625976,920.9798583984,920.9798583984,920.9798583984,37.8666648864,23.4666690826,10.1999998092,8.8866672515,1.1200000047,0.0000000000,24.2666664123,0.0000000000
2026-09-13 17:22:58,0.3589753627,8331.1337890625,253.3333282470,230.8000030517,1.0806666564,207.2666625976,920.8599853515,920.8599853515,920.8599853515,38.6666679382,23.4000034332,10.4466676712,9.0413341522,1.1200000047,0.0000000000,24.2666664123,0.0000000000
2026-09-13 17:28:33,0.3587689638,512.4666748046,232.3333282470,233.8000030517,1.7280000686,295.7333374023,920.6799926757,920.6799926757,920.6799926757,38.4000015258,23.6000003814,10.5866670608,9.1300001144,1.1200000047,0.0000000000,24.2666664123,0.0000000000
2026-09-13 17:34:07,0.3585889577,3348.5334472656,220.6666717529,270.1333312988,2.2126665115,210.8000030517,920.7533569335,920.7533569335,920.7533569335,38.3333320617,23.7199974060,10.6199998855,9.1453332901,1.1200000047,0.0000000000,24.2666664123,0.0000000000
2026-09-13 17:39:42,0.3589220523,1516.0000000000,222.8000030517,272.2666625976,2.8293333053,237.5333404541,920.7932128906,920.7932128906,920.7932128906,38.2666664123,23.3066654205,10.2533330917,8.9266662597,1.1200000047,0.0000000000,24.2666664123,0.0000000000
2026-09-13 17:45:17,0.3587833881,1621.8666992187,212.0000000000,261.4666748046,1.8353330612,209.5333404541,920.7467041015,920.7467041015,920.7467041015,38.2666664123,23.3066654205,10.2533330917,8.9279994964,1.1200000047,0.0000000000,24.2666664123,0.0000000000
2026-09-13 17:50:51,0.3589980363,9027.7333984375,218.8666687011,268.3333435058,1.9906667709,121.1333312988,920.7266845703,920.7266845703,920.7266845703,39.1333351135,22.9933357238,10.2399997711,8.9279994964,1.1200000047,0.0000000000,24.2666664123,0.0000000000
2026-09-13 17:56:26,0.3592912197,11169.2666015625,225.3999938964,251.1333312988,1.9686665534,87.0666656494,920.5933227539,920.5933227539,920.5933227539,39.3333320617,22.6400032043,10.0199995040,8.8053321838,1.1200000047,0.0000000000,23.3333339691,0.0000000000
2026-09-13 18:02:01,0.3594407081,9262.3330078125,233.1333312988,234.6666717529,1.3533332347,91.1333312988,920.6334838867,920.6334838867,920.6334838867,39.9333343505,22.4533348083,10.0733346939,8.8373327255,1.1200000047,0.0000000000,23.3333339691,0.0000000000
2026-09-13 18:07:35,0.3595657348,7017.2666015625,244.3333282470,221.8666687011,1.2666666507,75.1333312988,920.7200317382,920.7200317382,920.7200317382,40.3333320617,22.2666664123,10.0866670608,8.8486671447,1.1200000047,0.0000000000,13.3333330154,0.0000000000
2026-09-13 18:13:10,0.3597287654,5485.4667968750,232.2666625976,257.7333374023,1.6519999504,60.2666664123,920.6533813476,920.6533813476,920.6533813476,41.2666664123,22.0400028228,10.1933336257,8.9246664047,1.1200000047,0.0000000000,0.0000000000,0.0000000000
2026-09-13 18:18:45,0.3598056077,5815.0668945312,231.2666625976,280.7999877929,1.5426666736,67.0666656494,920.7865600585,920.7865600585,920.7865600585,41.6666679382,21.8799972534,10.1466674804,8.9066667556,1.1200000047,0.0000000000,0.0000000000,0.0000000000
2026-09-13 18:24:19,0.3598598241,4945.6000976562,226.8000030517,276.2666625976,2.5899999141,60.1333351135,921.1066894531,921.1066894531,921.1066894531,42.0000000000,21.7133369445,10.0733337402,8.8606672286,1.1200000047,0.0000000000,0.0000000000,0.0000000000
2026-09-13 18:29:54,0.3599592208,3782.1999511718,212.8000030517,262.2666625976,2.2253332138,46.3333320617,921.3600463867,921.3600463867,921.3600463867,42.7999992370,21.5733356475,10.1999998092,8.9493350982,1.1200000047,0.0000000000,0.0000000000,0.0000000000
2026-09-13 18:35:28,0.3600585222,3033.9333496093,217.8666687011,267.3333435058,2.0579998493,36.4666671752,921.5401000976,921.5401000976,921.5401000976,43.2666664123,21.3999977111,10.2466678619,8.9839992523,1.1200000047,0.0000000000,0.0000000000,0.0000000000
2026-09-13 18:41:03,0.3601476907,2700.4665527343,219.8666687011,269.3333435058,2.6653335094,32.4000015258,921.7600097656,921.7600097656,921.7600097656,43.6666679382,21.2266674041,10.1666669845,8.9353332519,1.1200000047,0.0000000000,0.0000000000,0.0000000000
2026-09-13 18:46:40,0.3602371215,2963.9333496093,196.1333312988,238.5333404541,1.9093334197,29.7333335876,790.2132568359,790.2132568359,790.2132568359,38.0666656494,18.1333332061,8.8599996566,7.7533330917,0.9599999427,0.0000000000,0.0000000000,0.0000000000
2026-09-13 18:52:35,0.3603295087,2164.8666992187,16.3999996185,19.9333324432,0.2839999675,2.3333332538,65.8533325195,65.8533325195,65.8533325195,3.2000000476,1.5000000000,0.7333333492,0.6420000076,0.0800000095,0.0000000000,0.0000000000,0.0000000000
2026-09-13 18:58:31,0.3604486465,1209.8000488281,16.0666675567,19.6000003814,0.0673333358,1.6000000000,65.8666687011,65.8666687011,65.8666687011,3.2666666507,1.4933333396,0.7466666698,0.6533333778,0.0800000095,0.0000000000,0.0000000000,0.0000000000
2026-09-13 19:04:26,0.3604665040,574.4666748046,15.4666662216,19.0000000000,0.3366666316,0.6000000000,65.8666687011,65.8666687011,65.8666687011,3.2000000476,1.4733333587,0.7200000286,0.6340000152,0.0800000095,0.0000000000,0.0000000000,0.0000000000
2026-09-13 19:10:20,0.3597956180,307.3333435058,28.3333339691,35.4000015258,0.3013333082,0.5333333492,131.7133331298,131.7133331298,131.7133331298,6.4000000953,2.9133334159,1.3866666603,1.2406667470,0.1600000143,0.0000000000,0.0000000000,0.0000000000
2026-09-13 19:16:16,0.3599446058,228.3333282470,16.8666667938,20.3999996185,0.0826666641,0.2000000000,65.8666687011,65.8666687011,65.8666687011,3.2000000476,1.4466667175,0.7000000000,0.6233332633,0.0800000095,0.0000000000,0.0000000000,0.0000000000
2026-09-13 19:22:11,0.3606119155,119.4666671752,15.4666662216,19.0000000000,0.1439999961,0.2000000000,65.8666687011,65.8666687011,65.8666687011,3.3333332538,1.4333333015,0.7200000286,0.6359999656,0.0800000095,0.0000000000,0.0000000000,0.0000000000
2026-09-13 19:28:07,0.3625104904,103.2666702270,17.3333339691,20.8666667938,0.1513333320,0.4666666507,65.8600006103,65.8600006103,65.8600006103,3.2000000476,1.4266666412,0.6733333587,0.6099999427,0.0800000095,0.0000000000,0.0000000000,0.0000000000
2026-09-13 19:34:01,0.3692289590,39.9333343505,33.2666664123,40.3333320617,0.2046666622,0.5333333492,131.7200012207,131.7200012207,131.7200012207,6.4000000953,2.7999999523,1.2933334159,1.1866666030,0.1600000143,0.0000000000,0.0000000000,0.0000000000
2026-09-13 19:39:57,0.3606510162,18.7333335876,15.1333332061,18.6666660308,0.2599999904,0.1333333373,65.8600006103,65.8600006103,65.8600006103,3.0666666030,1.3933333206,0.6066666603,0.5713333129,0.0800000095,0.0000000000,0.0000000000,0.0000000000
2026-09-13 19:45:52,0.3603214979,12.6666669845,18.2666664123,21.7999992370,0.0533333301,0.0666666698,65.8733367919,65.8733367919,65.8733367919,3.0666666030,1.3866667747,0.5933333396,0.5619999885,0.0800000095,0.0000000000,0.0000000000,0.0000000000
2026-09-13 19:51:48,0.3602596759,9.0666666030,16.8666667938,20.3999996185,0.1413333320,0.0666666698,65.8600006103,65.8600006103,65.8600006103,3.0000000000,1.3866667747,0.5733333587,0.5506667137,0.0800000095,0.0000000000,0.0000000000,0.0000000000
2026-09-13 19:57:43,0.3602347612,3.7333333492,16.0000000000,19.5333328247,0.2033333301,0.0000000000,65.8600006103,65.8600006103,65.8600006103,3.0000000000,1.3733333349,0.5533333301,0.5420000076,0.0800000095,0.0000000000,0.0000000000,0.0000000000
2026-09-13 20:03:37,0.3603121757,1.3999999809,30.2666664123,37.3333320617,0.4093333244,0.0000000000,131.7400054931,131.7400054931,131.7400054931,6.1999998092,2.7266666889,1.1533333063,1.1073334217,0.1600000143,0.0000000000,0.0000000000,0.0000000000
2026-09-13 20:09:33,0.3603318214,0.6000000000,16.9333324432,20.4666671752,0.1113333344,0.0000000000,65.8666687011,65.8666687011,65.8666687011,3.1333334445,1.3600000143,0.5866666793,0.5593332767,0.0800000095,0.0000000000,0.0000000000,0.0000000000
2026-09-13 20:15:28,0.3605076074,0.4000000000,17.4666671752,21.0000000000,0.1700000047,0.0000000000,65.8666687011,65.8666687011,65.8666687011,3.2666666507,1.3533333539,0.6199999809,0.5780000209,0.0800000095,0.0000000000,0.0000000000,0.0000000000
2026-09-13 20:21:24,0.3606083631,0.0666666698,20.3999996185,23.9333324432,0.0379999995,0.0000000000,65.8866653442,65.8866653442,65.8866653442,3.3333332538,1.3400000333,0.6266667366,0.5819999694,0.0800000095,0.0000000000,0.0000000000,0.0000000000
2026-09-13 20:27:19,0.3606869220,0.0000000000,18.1333332061,21.6666660308,0.1586666584,0.0000000000,65.9000015258,65.9000015258,65.9000015258,3.4000000953,1.3333333730,0.6333333015,0.5886666774,0.0800000095,0.0000000000,0.0000000000,0.0000000000
2026-09-13 20:33:15,0.3621495723,0.0000000000,17.2000007629,20.7333335876,0.3026666641,0.0000000000,65.9133377075,65.9133377075,65.9133377075,3.4000000953,1.3266665935,0.6400000572,0.5906666755,0.0800000095,0.0000000000,0.0000000000,0.0000000000
2026-09-13 20:39:10,0.3621748685,0.0000000000,15.8000001907,19.3333339691,0.2506666660,0.0000000000,65.9133377075,65.9133377075,65.9133377075,3.4666666984,1.3200000524,0.6466666221,0.5966666221,0.0800000095,0.0000000000,0.0000000000,0.0000000000
2026-09-13 20:45:06,0.3622729301,0.0000000000,13.4666662216,17.0000000000,0.1613333225,0.0000000000,65.9199981689,65.9199981689,65.9199981689,3.5333333015,1.2999999523,0.6533333778,0.6019999980,0.0800000095,0.0000000000,0.0000000000,0.0000000000
2026-09-13 20:51:01,0.3623029947,0.0000000000,17.0000000000,20.5333328247,0.1833333396,0.0000000000,65.9266662597,65.9266662597,65.9266662597,3.5999999046,1.2999999523,0.6733333587,0.6119999408,0.0800000095,0.0000000000,0.0000000000,0.0000000000
2026-09-13 20:56:57,0.3623105287,0.0000000000,16.3333339691,19.8666667938,0.2493333339,0.0000000000,65.9266662597,65.9266662597,65.9266662597,3.6666667461,1.2999999523,0.6866666793,0.6226666450,0.0800000095,0.0000000000,0.0000000000,0.0000000000
2026-09-13 21:02:51,0.3623903751,0.0000000000,34.4000015258,41.4666671752,0.1319999933,0.0000000000,131.8933410644,131.8933410644,131.8933410644,7.5333333015,2.5733335018,1.3999999809,1.2553331851,0.1600000143,0.0000000000,0.0000000000,0.0000000000
2026-09-13 21:08:47,0.3624898195,0.0000000000,14.5333337783,18.0666675567,0.1279999971,0.0000000000,65.9599990844,65.9599990844,65.9599990844,3.7999999523,1.2866667556,0.7066667079,0.6340000152,0.0800000095,0.0000000000,0.0000000000,0.0000000000
2026-09-13 21:14:41,0.3626073360,0.0000000000,38.8666648864,22.0000000000,0.6633332252,0.0000000000,131.9333343505,131.9333343505,131.9333343505,8.0666666030,2.5066666603,1.4733333587,1.3066666126,0.1600000143,0.0000000000,0.0000000000,0.0000000000
2026-09-13 21:20:35,0.3627276182,0.0000000000,39.5999984741,22.6666660308,0.1593333244,0.0000000000,131.9266662597,131.9266662597,131.9266662597,8.0666666030,2.4600000381,1.4400000572,1.2899998474,0.1600000143,0.0000000000,0.0000000000,0.0000000000
2026-09-13 21:26:31,0.3628820419,0.0000000000,16.5333328247,20.0666675567,0.1573333263,0.0000000000,65.9599990844,65.9599990844,65.9599990844,4.1333332061,1.2200000286,0.7266666889,0.6486666202,0.0800000095,0.0000000000,0.0000000000,0.0000000000
2026-09-13 21:32:24,0.3630110025,0.0000000000,53.2666664123,39.8666648864,0.2913333129,0.0000000000,197.9333343505,197.9333343505,197.9333343505,12.5333337783,3.6133334636,2.1866667270,1.9519998550,0.2400000095,0.0000000000,0.0000000000,0.0000000000
2026-09-13 21:38:18,0.3632660150,0.0000000000,42.4666671752,25.5333328247,0.1479999923,0.0000000000,131.9666595458,131.9666595458,131.9666595458,8.5333337783,2.3800001144,1.4800000190,1.3173333406,0.1600000143,0.0000000000,0.0000000000,0.0000000000
2026-09-13 21:44:13,0.3634280681,0.0000000000,32.7333335876,39.7999992370,0.1066666603,0.0000000000,131.9799957275,131.9799957275,131.9799957275,8.6666669845,2.3666665554,1.4933333396,1.3246666193,0.1600000143,0.0000000000,0.0000000000,0.0000000000
2026-09-13 21:50:06,0.3637063980,0.0000000000,62.0666656494,24.6666660308,0.1186666603,0.0000000000,197.9933319091,197.9933319091,197.9933319091,13.1999998092,3.5000000000,2.2400000095,1.9899998664,0.2400000095,0.0000000000,0.0000000000,0.0000000000
2026-09-13 21:55:59,0.3637217283,0.0000000000,49.0000000000,59.5999984741,0.2140000104,0.0666666698,198.0200042724,198.0200042724,198.0200042724,13.1999998092,3.4933333396,2.2266666889,1.9819999694,0.2400000095,0.0000000000,0.0000000000,0.0000000000
2026-09-13 22:01:53,0.3636785507,0.0000000000,48.6666679382,59.2666664123,0.1286666631,0.2000000000,198.0400085449,198.0400085449,198.0400085449,13.1999998092,3.4600000381,2.2000000476,1.9693331718,0.2400000095,0.0000000000,0.0000000000,0.0000000000
