2026-10-09 10:17:28,0.3635464668,5612.3334960937,0.0000000000,0.0000000000,0.0000000000,0.0000000000,0.0000000000,0.0000000000,0.0000000000,0.0000000000,0.0000000000,0.0000000000,0.0000000000,0.0000000000,0.0000000000,0.0000000000,0.0000000000
2026-10-09 10:23:02,0.3630899190,5750.9331054687,0.0000000000,0.0000000000,0.0000000000,0.0000000000,0.0000000000,0.0000000000,0.0000000000,0.0000000000,0.0000000000,0.0000000000,0.0000000000,0.0000000000,0.0000000000,0.0000000000,0.0000000000
2026-10-09 10:28:37,0.3627282381,7795.6665039062,0.0000000000,0.0000000000,0.0000000000,0.0000000000,0.0000000000,0.0000000000,0.0000000000,0.0000000000,0.0000000000,0.0000000000,0.0000000000,0.0000000000,0.0000000000,0.0000000000,0.0000000000
2026-10-09 10:34:11,0.3622445106,396.3999938964,0.0000000000,0.0000000000,0.0000000000,0.0000000000,0.0000000000,0.0000000000,0.0000000000,0.0000000000,0.0000000000,0.0000000000,0.0000000000,0.0000000000,0.0000000000,0.0000000000,0.0000000000
2026-10-09 10:39:46,0.3619827032,384.0000000000,0.0000000000,0.0000000000,0.0000000000,0.0000000000,0.0000000000,0.0000000000,0.0000000000,0.0000000000,0.0000000000,0.0000000000,0.0000000000,0.0000000000,0.0000000000,0.0000000000,0.0000000000
2026-10-09 10:45:20,0.3618627786,1982.4666748046,0.0000000000,0.0000000000,0.0000000000,0.0000000000,0.0000000000,0.0000000000,0.0000000000,0.0000000000,0.0000000000,0.0000000000,0.0000000000,0.0000000000,0.0000000000,0.0000000000,0.0000000000
2026-10-09 10:50:55,0.3616768360,3694.1333007812,0.0000000000,0.0000000000,0.0000000000,0.0000000000,0.0000000000,0.0000000000,0.0000000000,0.0000000000,0.0000000000,0.0000000000,0.0000000000,0.0000000000,0.0000000000,0.0000000000,0.0000000000
2026-10-09 10:56:29,0.3615895509,384.0000000000,0.0000000000,0.0000000000,0.0000000000,0.0000000000,0.0000000000,0.0000000000,0.0000000000,0.0000000000,0.0000000000,0.0000000000,0.0000000000,0.0000000000,0.0000000000,0.0000000000,0.0000000000
2026-10-09 11:02:04,0.3613399505,7560.2001953125,0.0000000000,0.0000000000,0.0000000000,0.0000000000,0.0000000000,0.0000000000,0.0000000000,0.0000000000,0.0000000000,0.0000000000,0.0000000000,0.0000000000,0.0000000000,0.0000000000,0.0000000000
2026-10-09 11:07:38,0.3608896255,9155.9335937500,0.0000000000,0.0000000000,0.0000000000,0.0000000000,0.0000000000,0.0000000000,0.0000000000,0.0000000000,0.0000000000,0.0000000000,0.0000000000,0.0000000000,0.0000000000,0.0000000000,0.0000000000
2026-10-09 11:13:13,0.3608764171,4424.3334960937,0.0000000000,0.0000000000,0.0000000000,0.0000000000,0.0000000000,0.0000000000,0.0000000000,0.0000000000,0.0000000000,0.0000000000,0.0000000000,0.0000000000,0.0000000000,0.0000000000,0.0000000000
2026-10-09 11:18:46,0.3618434429,4299.3999023437,0.0000000000,0.0000000000,0.0000000000,0.0000000000,0.0000000000,0.0000000000,0.0000000000,0.0000000000,0.0000000000,0.0000000000,0.0000000000,0.0000000000,0.0000000000,0.0000000000,0.0000000000
2026-10-09 11:24:21,0.3617888927,6186.6665039062,0.0000000000,0.0000000000,0.0000000000,0.0000000000,0.0000000000,0.0000000000,0.0000000000,0.0000000000,0.0000000000,0.0000000000,0.0000000000,0.0000000000,0.0000000000,0.0000000000,0.0000000000
2026-10-09 11:29:55,0.3614177703,6192.3999023437,0.0000000000,0.0000000000,0.0000000000,0.0000000000,0.0000000000,0.0000000000,0.0000000000,0.0000000000,0.0000000000,0.0000000000,0.0000000000,0.0000000000,0.0000000000,0.0000000000,0.0000000000
2026-10-09 11:35:29,0.3612039327,6249.5332031250,0.0000000000,0.0000000000,0.0000000000,0.0000000000,0.0000000000,0.0000000000,0.0000000000,0.0000000000,0.0000000000,0.0000000000,0.0000000000,0.0000000000,0.0000000000,0.0000000000,0.0000000000
2026-10-09 11:41:04,0.3611292839,6267.0668945312,0.0000000000,0.0000000000,0.0000000000,0.0000000000,0.0000000000,0.0000000000,0.0000000000,0.0000000000,0.0000000000,0.0000000000,0.0000000000,0.0000000000,0.0000000000,0.0000000000,0.0000000000
2026-10-09 11:46:38,0.3608674049,6438.0668945312,0.0000000000,0.0000000000,0.0000000000,0.0000000000,0.0000000000,0.0000000000,0.0000000000,0.0000000000,0.0000000000,0.0000000000,0.0000000000,0.0000000000,0.0000000000,0.0000000000,0.0000000000
2026-10-09 11:52:13,0.3607406854,7057.8666992187,0.0000000000,0.0000000000,0.0000000000,0.0000000000,0.0000000000,0.0000000000,0.0000000000,0.0000000000,0.0000000000,0.0000000000,0.0000000000,0.0000000000,0.0000000000,0.0000000000,0.0000000000
2026-10-09 11:58:08,0.3605698347,6791.6665039062,0.0000000000,0.0000000000,0.0000000000,0.0000000000,0.0000000000,0.0000000000,0.0000000000,0.0000000000,0.0000000000,0.0000000000,0.0000000000,0.0000000000,0.0000000000,0.0000000000,0.0000000000
2026-10-09 12:04:04,0.3602539539,5990.7333984375,12.5333337783,16.1333332061,0.1686666584,41.0000000000,66.3600006103,66.3600006103,66.3600006103,3.0666666030,1.2066667079,0.4200000286,0.4766666412,0.0800000095,0.0000000000,0.0000000000,0.0000000000
2026-10-09 12:09:59,0.3599961757,393.6000061035,12.9333333969,16.5333328247,0.1433333301,41.4000015258,66.3533325195,66.3533325195,66.3533325195,2.9333333969,1.2200000286,0.4133333683,0.4699999809,0.0800000095,0.0000000000,0.0000000000,0.0000000000
2026-10-09 12:15:55,0.3598567962,384.0000000000,14.5333337783,18.1333332061,0.1279999971,42.0000000000,66.3533325195,66.3533325195,66.3533325195,2.8666666030,1.2466666698,0.4133333683,0.4706666946,0.0800000095,0.0000000000,0.0000000000,0.0000000000
2026-10-09 12:21:50,0.3598227739,384.0000000000,14.9333333969,18.4666671752,0.2666666746,42.4666671752,66.3600006103,66.3600006103,66.3600006103,2.9333333969,1.2466666698,0.4133333683,0.4706666946,0.0800000095,0.0000000000,0.0000000000,0.0000000000
2026-10-09 12:27:46,0.3596398591,384.0000000000,11.1333332061,14.7333335876,0.1366666674,42.4000015258,66.3400039672,66.3400039672,66.3400039672,2.8666666030,1.2466666698,0.4066666603,0.4673333168,0.0800000095,0.0000000000,0.0000000000,0.0000000000
2026-10-09 12:33:41,0.3594761133,1037.9333496093,11.5333337783,15.0666666030,0.1973333358,43.9333343505,66.3466644287,66.3466644287,66.3466644287,2.7333333492,1.2533334493,0.3600000143,0.4466666698,0.0800000095,0.0000000000,0.0000000000,0.0000000000
2026-10-09 12:39:37,0.3593475580,384.0000000000,15.5333337783,19.0666675567,0.4146666526,44.1333351135,66.3600006103,66.3600006103,66.3600006103,2.6666667461,1.2733333110,0.3666666746,0.4480000019,0.0800000095,0.0000000000,0.0000000000,0.0000000000
2026-10-09 12:45:32,0.3592936038,3749.5334472656,14.6000003814,18.1333332061,0.1846666526,44.0666656494,66.3466644287,66.3466644287,66.3466644287,2.5999999046,1.2733333110,0.3266666889,0.4306666374,0.0800000095,0.0000000000,0.0000000000,0.0000000000
2026-10-09 12:51:28,0.3593673467,1181.5999755859,16.1333332061,19.6666660308,0.3773333072,44.7999992370,66.3600006103,66.3600006103,66.3600006103,2.6666667461,1.2666666507,0.3533333539,0.4413333415,0.0800000095,0.0000000000,0.0000000000,0.0000000000
2026-10-09 12:57:23,0.3589810132,384.0000000000,15.3333330154,18.8666667938,0.3113333225,45.5333328247,66.3533325195,66.3533325195,66.3533325195,2.6666667461,1.2733333110,0.3533333539,0.4419999599,0.0800000095,0.0000000000,0.0000000000,0.0000000000
2026-10-09 13:03:19,0.3587824106,384.0000000000,15.8000001907,19.3333339691,0.1926666641,44.2666664123,66.3400039672,66.3400039672,66.3400039672,2.5999999046,1.2866667556,0.3400000095,0.4353332996,0.0800000095,0.0000000000,0.0000000000,0.0000000000
2026-10-09 13:09:14,0.3586512088,6202.8666992187,14.3333330154,17.8666667938,0.2360000133,46.2000007629,66.3466644287,66.3466644287,66.3466644287,2.5999999046,1.2999999523,0.3666666746,0.4473333358,0.0800000095,0.0000000000,0.0000000000,0.0000000000
2026-10-09 13:15:09,0.3589542865,3747.6667480468,31.5333328247,38.5999984741,0.3673333644,96.7333297729,132.7200012207,132.7200012207,132.7200012207,5.2666668891,2.5999999046,0.7400000095,0.8966666221,0.1600000143,0.0000000000,0.0000000000,0.0000000000
2026-10-09 13:21:03,0.3586150646,8797.3330078125,31.3999996185,38.4666671752,0.5200000286,66.5999984741,132.7266693115,132.7266693115,132.7266693115,5.1999998092,2.5999999046,0.7000000000,0.8806666374,0.1600000143,0.0000000000,0.0000000000,0.0000000000
2026-10-09 13:26:59,0.3593478202,10189.5332031250,16.4666671752,20.0000000000,0.2759999990,12.8666667938,66.3733367919,66.3733367919,66.3733367919,2.6666667461,1.2733333110,0.3466666936,0.4393333435,0.0800000095,0.0000000000,0.0000000000,0.0000000000
2026-10-09 13:32:54,0.3586971282,5410.1333007812,13.1999998092,16.7333335876,0.2519999980,49.6666679382,66.3666687011,66.3666687011,66.3666687011,2.5999999046,1.2866667556,0.3466666936,0.4400000095,0.0800000095,0.0000000000,0.0000000000,0.0000000000
2026-10-09 13:38:48,0.3589904069,9110.1337890625,28.9333324432,36.0000000000,0.4206666469,72.0666656494,132.7200012207,132.7200012207,132.7200012207,5.1999998092,2.5866668224,0.7200000286,0.8886667251,0.1600000143,0.0000000000,0.0000000000,0.0000000000
2026-10-09 13:44:43,0.3578688621,387.6000061035,18.2000007629,21.7333335876,0.1953333091,32.4000015258,66.3733367919,66.3733367919,66.3733367919,2.5999999046,1.2999999523,0.3666666746,0.4473333358,0.0800000095,0.0000000000,0.0000000000,0.0000000000
2026-10-09 13:50:39,0.3579315185,8190.4667968750,15.9333333969,19.4666671752,0.1779999828,27.1333332061,66.3533325195,66.3533325195,66.3533325195,2.5999999046,1.3266665935,0.3733333349,0.4493332862,0.0800000095,0.0000000000,0.0000000000,0.0000000000
2026-10-09 13:56:33,0.3586901664,8283.4667968750,29.1333332061,36.2000007629,0.3379999637,39.5999984741,132.7066802978,132.7066802978,132.7066802978,5.5333333015,2.5666666030,0.7866666793,0.9186666488,0.1600000143,0.0000000000,0.0000000000,0.0000000000
2026-10-09 14:02:29,0.3586547613,14500.6669921875,17.2666664123,20.7999992370,0.1953333091,9.5333337783,66.3600006103,66.3600006103,66.3600006103,2.7333333492,1.2733333110,0.3866666793,0.4586666584,0.0800000095,0.0000000000,0.0000000000,0.0000000000
2026-10-09 14:08:23,0.3587534189,12274.8662109375,29.6000003814,36.6666679382,0.4219999790,25.1333332061,132.7133331298,132.7133331298,132.7133331298,5.4000000953,2.5066668987,0.7066667079,0.8853332519,0.1600000143,0.0000000000,0.0000000000,0.0000000000
2026-10-09 14:14:17,0.3586660861,12833.7333984375,26.4666671752,33.5333328247,0.2113333225,24.3333339691,132.7066650390,132.7066650390,132.7066650390,5.3333334922,2.5399999618,0.7200000286,0.8926666259,0.1600000143,0.0000000000,0.0000000000,0.0000000000
2026-10-09 14:20:13,0.3585808515,15678.0000000000,15.0000000000,18.5333328247,0.1379999995,13.9333333969,66.3600006103,66.3600006103,66.3600006103,2.6666667461,1.2733333110,0.3533333539,0.4426666259,0.0800000095,0.0000000000,0.0000000000,0.0000000000
2026-10-09 14:26:07,0.3587846755,13543.4003906250,31.2000007629,38.2666664123,0.4019999980,52.7999992370,132.7200012207,132.7200012207,132.7200012207,5.4000000953,2.5199999809,0.6933333396,0.8813332557,0.1600000143,0.0000000000,0.0000000000,0.0000000000
2026-10-09 14:32:03,0.3589353561,14095.2666015625,16.6666660308,20.2000007629,0.3086666822,12.9333333969,66.3533325195,66.3533325195,66.3533325195,2.7333333492,1.2533334493,0.3533333539,0.4413333415,0.0800000095,0.0000000000,0.0000000000,0.0000000000
2026-10-09 14:37:57,0.3588444709,6812.2001953125,26.3333339691,33.4000015258,0.4386666774,86.1333312988,132.7133331298,132.7133331298,132.7133331298,5.4666666984,2.5066668987,0.7200000286,0.8933333396,0.1600000143,0.0000000000,0.0000000000,0.0000000000
2026-10-09 14:43:53,0.3586978435,11760.4667968750,16.0000000000,19.5333328247,0.2506666660,27.4666671752,66.3600006103,66.3600006103,66.3600006103,2.7333333492,1.2666666507,0.3733333349,0.4526666641,0.0800000095,0.0000000000,0.0000000000,0.0000000000
2026-10-09 14:49:48,0.3590746402,7806.8666992187,15.8000001907,19.3333339691,0.1533333301,6.1999998092,66.3600006103,66.3600006103,66.3600006103,2.7999999523,1.2533334493,0.3733333349,0.4533333301,0.0800000095,0.0000000000,0.0000000000,0.0000000000
2026-10-09 14:55:42,0.3585410118,5385.3334960937,34.0000000000,41.1333351135,0.4339999675,63.2666664123,132.7133331298,132.7133331298,132.7133331298,5.1999998092,2.5199999809,0.6533333778,0.8593332290,0.1600000143,0.0000000000,0.0000000000,0.0000000000
2026-10-09 15:01:37,0.3585837125,12786.7998046875,17.3333339691,20.8666667938,0.2160000085,6.6666665077,66.3533325195,66.3533325195,66.3533325195,2.5333333015,1.2666666507,0.3133333683,0.4233333110,0.0800000095,0.0000000000,0.0000000000,0.0000000000
2026-10-09 15:07:33,0.3602698326,12829.2001953125,17.0000000000,20.5333328247,0.5346666336,7.3333334922,66.3600006103,66.3600006103,66.3600006103,2.5999999046,1.2533334493,0.3200000286,0.4273333072,0.0800000095,0.0000000000,0.0000000000,0.0000000000
2026-10-09 15:13:29,0.3604143142,11086.8662109375,14.3333330154,17.8666667938,0.1613333225,7.8666667938,66.3600006103,66.3600006103,66.3600006103,2.7999999523,1.2400000095,0.3666666746,0.4480000019,0.0800000095,0.0000000000,0.0000000000,0.0000000000
2026-10-09 15:19:24,0.3600251197,8267.1337890625,14.7333335876,18.2666664123,0.2599999904,7.6666665077,66.3600006103,66.3600006103,66.3600006103,2.7333333492,1.2599999904,0.3733333349,0.4506666183,0.0800000095,0.0000000000,0.0000000000,0.0000000000
2026-10-09 15:25:18,0.3592076063,1128.0000000000,31.7333335876,38.7999992370,0.3046666383,70.2666702270,132.7200012207,132.7200012207,132.7200012207,5.3333334922,2.6066668033,0.7666666507,0.9133332252,0.1600000143,0.0000000000,0.0000000000,0.0000000000
2026-10-09 15:31:11,0.3589957714,384.0000000000,31.2666664123,38.3333320617,0.4366666793,69.5999984741,132.7200012207,132.7200012207,132.7200012207,5.0666666030,2.6200001239,0.6666666984,0.8646666526,0.1600000143,0.0000000000,0.0000000000,0.0000000000
2026-10-09 15:37:07,0.3587340116,384.0000000000,17.3333339691,20.8666667938,0.2186666488,33.9333343505,66.3600006103,66.3600006103,66.3600006103,2.4666666984,1.3200000524,0.3266666889,0.4286666393,0.0800000095,0.0000000000,0.0000000000,0.0000000000
2026-10-09 15:43:02,0.3585409164,384.0000000000,17.3999996185,20.9333324432,0.2839999675,35.2666664123,66.3666687011,66.3666687011,66.3666687011,2.4666666984,1.3200000524,0.3133333683,0.4219999790,0.0800000095,0.0000000000,0.0000000000,0.0000000000
2026-10-09 15:48:58,0.3582716464,384.0000000000,15.5333337783,19.0666675567,0.1326666593,35.4000015258,66.3666687011,66.3666687011,66.3666687011,2.4666666984,1.3266665935,0.3266666889,0.4299999713,0.0800000095,0.0000000000,0.0000000000,0.0000000000
2026-10-09 15:54:53,0.3582329273,384.0000000000,12.7333335876,16.2666664123,0.2293333292,32.7999992370,66.3666687011,66.3666687011,66.3666687011,2.4666666984,1.3333333730,0.3400000095,0.4339999675,0.0800000095,0.0000000000,0.0000000000,0.0000000000
2026-10-09 16:00:49,0.3582320451,390.0666809082,13.8666667938,17.3999996185,0.1826666736,30.9333324432,66.3733367919,66.3733367919,66.3733367919,2.4000000953,1.3200000524,0.3066666603,0.4199999809,0.0800000095,0.0000000000,0.0000000000,0.0000000000
2026-10-09 16:06:45,0.3584275722,13515.6669921875,18.3999996185,21.9333324432,0.1993333339,8.8000001907,66.3733367919,66.3733367919,66.3733367919,2.4666666984,1.3200000524,0.3200000286,0.4266666412,0.0800000095,0.0000000000,0.0000000000,0.0000000000
