2026-10-07 22:17:03,0.5570145606,0.0000000000,0.0000000000,0.0000000000,0.0000000000,0.0000000000,0.0000000000,0.0000000000,0.0000000000,0.0000000000,0.0000000000,0.0000000000,0.0000000000,0.0000000000,0.0000000000,0.0000000000,0.0000000000
2026-10-07 22:22:37,0.5509834766,0.0000000000,0.0000000000,0.0000000000,0.0000000000,0.0000000000,0.0000000000,0.0000000000,0.0000000000,0.0000000000,0.0000000000,0.0000000000,0.0000000000,0.0000000000,0.0000000000,0.0000000000,0.0000000000
2026-10-07 22:28:11,0.5461702346,0.0000000000,0.0000000000,0.0000000000,0.0000000000,0.0000000000,0.0000000000,0.0000000000,0.0000000000,0.0000000000,0.0000000000,0.0000000000,0.0000000000,0.0000000000,0.0000000000,0.0000000000,0.0000000000
2026-10-07 22:33:45,0.5384591102,0.0000000000,0.0000000000,0.0000000000,0.0000000000,0.0000000000,0.0000000000,0.0000000000,0.0000000000,0.0000000000,0.0000000000,0.0000000000,0.0000000000,0.0000000000,0.0000000000,0.0000000000,0.0000000000
2026-10-07 22:39:20,0.5329029560,0.0000000000,0.0000000000,0.0000000000,0.0000000000,0.0000000000,0.0000000000,0.0000000000,0.0000000000,0.0000000000,0.0000000000,0.0000000000,0.0000000000,0.0000000000,0.0000000000,0.0000000000,0.0000000000
2026-10-07 22:44:54,0.5284255981,0.0000000000,0.0000000000,0.0000000000,0.0000000000,0.0000000000,0.0000000000,0.0000000000,0.0000000000,0.0000000000,0.0000000000,0.0000000000,0.0000000000,0.0000000000,0.0000000000,0.0000000000,0.0000000000
2026-10-07 22:50:28,0.5223994731,0.0000000000,0.0000000000,0.0000000000,0.0000000000,0.0000000000,0.0000000000,0.0000000000,0.0000000000,0.0000000000,0.0000000000,0.0000000000,0.0000000000,0.0000000000,0.0000000000,0.0000000000,0.0000000000
2026-10-07 22:56:03,0.5165929317,0.0000000000,0.0000000000,0.0000000000,0.0000000000,0.0000000000,0.0000000000,0.0000000000,0.0000000000,0.0000000000,0.0000000000,0.0000000000,0.0000000000,0.0000000000,0.0000000000,0.0000000000,0.0000000000
2026-10-07 23:01:37,0.5091913223,0.0000000000,0.0000000000,0.0000000000,0.0000000000,0.0000000000,0.0000000000,0.0000000000,0.0000000000,0.0000000000,0.0000000000,0.0000000000,0.0000000000,0.0000000000,0.0000000000,0.0000000000,0.0000000000
2026-10-07 23:07:11,0.5027518272,0.0000000000,0.0000000000,0.0000000000,0.0000000000,0.0000000000,0.0000000000,0.0000000000,0.0000000000,0.0000000000,0.0000000000,0.0000000000,0.0000000000,0.0000000000,0.0000000000,0.0000000000,0.0000000000
2026-10-07 23:12:45,0.4942333221,0.0000000000,0.0000000000,0.0000000000,0.0000000000,0.0000000000,0.0000000000,0.0000000000,0.0000000000,0.0000000000,0.0000000000,0.0000000000,0.0000000000,0.0000000000,0.0000000000,0.0000000000,0.0000000000
2026-10-07 23:18:19,0.4814783096,0.0000000000,0.0000000000,0.0000000000,0.0000000000,0.0000000000,0.0000000000,0.0000000000,0.0000000000,0.0000000000,0.0000000000,0.0000000000,0.0000000000,0.0000000000,0.0000000000,0.0000000000,0.0000000000
2026-10-07 23:23:54,0.4648656845,0.0000000000,0.0000000000,0.0000000000,0.0000000000,0.0000000000,0.0000000000,0.0000000000,0.0000000000,0.0000000000,0.0000000000,0.0000000000,0.0000000000,0.0000000000,0.0000000000,0.0000000000,0.0000000000
2026-10-07 23:29:28,0.4432514667,0.0000000000,0.0000000000,0.0000000000,0.0000000000,0.0000000000,0.0000000000,0.0000000000,0.0000000000,0.0000000000,0.0000000000,0.0000000000,0.0000000000,0.0000000000,0.0000000000,0.0000000000,0.0000000000
2026-10-07 23:35:02,0.4178098678,0.0000000000,0.0000000000,0.0000000000,0.0000000000,0.0000000000,0.0000000000,0.0000000000,0.0000000000,0.0000000000,0.0000000000,0.0000000000,0.0000000000,0.0000000000,0.0000000000,0.0000000000,0.0000000000
2026-10-07 23:40:36,0.3871441078,0.0000000000,0.0000000000,0.0000000000,0.0000000000,0.0000000000,0.0000000000,0.0000000000,0.0000000000,0.0000000000,0.0000000000,0.0000000000,0.0000000000,0.0000000000,0.0000000000,0.0000000000,0.0000000000
2026-10-07 23:46:10,0.3645342588,0.0000000000,0.0000000000,0.0000000000,0.0000000000,0.0000000000,0.0000000000,0.0000000000,0.0000000000,0.0000000000,0.0000000000,0.0000000000,0.0000000000,0.0000000000,0.0000000000,0.0000000000,0.0000000000
2026-10-07 23:51:45,0.3638078689,0.0000000000,0.0000000000,0.0000000000,0.0000000000,0.0000000000,0.0000000000,0.0000000000,0.0000000000,0.0000000000,0.0000000000,0.0000000000,0.0000000000,0.0000000000,0.0000000000,0.0000000000,0.0000000000
2026-10-07 23:57:34,0.3639583587,0.0000000000,0.0000000000,0.0000000000,0.0000000000,0.0000000000,0.0000000000,0.0000000000,0.0000000000,0.0000000000,0.0000000000,0.0000000000,0.0000000000,0.0000000000,0.0000000000,0.0000000000,0.0000000000
2026-10-08 00:03:25,0.3639438629,0.0000000000,70.3333358764,88.0666656494,0.3266666412,0.2666666746,327.0066833496,327.0066833496,327.0066833496,21.2666664123,5.0933332443,2.8533334732,2.7986667156,0.4000000000,0.0000000000,0.0000000000,0.0000000000
2026-10-08 00:09:16,0.3639639854,0.0000000000,73.7333297729,91.4666671752,0.4059999942,0.1333333373,327.0333251953,327.0333251953,327.0333251953,21.3333339691,5.0533328056,2.8399999618,2.7960000038,0.4000000000,0.0000000000,0.0000000000,0.0000000000
2026-10-08 00:15:07,0.3648444175,0.0000000000,72.7333297729,90.4666671752,0.4186666488,0.1333333373,327.0933227539,327.0933227539,327.0933227539,21.5333328247,5.0266666412,2.8466668128,2.7993330955,0.4000000000,0.0000000000,0.0000000000,0.0000000000
2026-10-08 00:20:59,0.3652143001,0.0000000000,56.7999992370,70.9333343505,0.2706666469,0.2000000000,261.6799926757,261.6799926757,261.6799926757,17.3333339691,3.9866668701,2.2666666507,2.2379999160,0.3200000286,0.0000000000,0.0000000000,0.0000000000
2026-10-08 00:26:50,0.3652821779,0.0000000000,79.6666641235,97.3333358764,0.4219999790,0.0000000000,327.1333312988,327.1333312988,327.1333312988,22.0000000000,4.9200000762,2.8333332061,2.7973332405,0.4000000000,0.0000000000,0.0000000000,0.0000000000
2026-10-08 00:32:41,0.3653119564,0.0000000000,81.0000000000,98.7333297729,0.2920000076,0.0666666698,327.1933288574,327.1933288574,327.1933288574,22.0000000000,4.8533334732,2.8133337020,2.7853331565,0.4000000000,0.0000000000,0.0000000000,0.0000000000
2026-10-08 00:38:32,0.3648206710,0.0000000000,74.5999984741,92.2666702270,0.7620000362,0.4666666507,327.2866516113,327.2866516113,327.2866516113,20.8666667938,4.9266667366,2.6066668033,2.6693334579,0.4000000000,0.0000000000,0.0000000000,0.0000000000
2026-10-08 00:44:23,0.3643687009,0.6000000000,83.1333312988,100.8000030517,0.7440000057,0.5333333492,327.3133544921,327.3133544921,327.3133544921,20.7999992370,4.9866666793,2.6466667652,2.6846663951,0.4000000000,0.0000000000,0.0000000000,0.0000000000
2026-10-08 00:50:15,0.3642278194,1.0000000000,63.2000007629,77.5999984741,0.5066667079,0.2666666746,261.8999938964,261.8999938964,261.8999938964,16.6666660308,3.9733335494,2.1133332252,2.1473333835,0.3200000286,0.0000000000,0.0000000000,0.0000000000
2026-10-08 00:56:06,0.3641207456,0.4000000000,76.0000000000,93.9333343505,0.8646666526,0.2666666746,327.4533081054,327.4533081054,327.4533081054,20.9333324432,4.9533333778,2.6266667842,2.6786665916,0.4000000000,0.0000000000,0.0000000000,0.0000000000
2026-10-08 01:01:58,0.3642358303,1.0000000000,74.0000000000,91.8666687011,1.0326666831,0.0000000000,327.5333251953,327.5333251953,327.5333251953,21.0000000000,4.9000000953,2.6133334636,2.6713333129,0.4000000000,0.0000000000,0.0000000000,0.0000000000
2026-10-08 01:07:51,0.3688777446,1.0000000000,47.3333320617,58.1333351135,0.6593332767,0.0000000000,196.5866699218,196.5866699218,196.5866699218,12.7333335876,2.9000000953,1.5666666984,1.6033332347,0.2400000095,0.0000000000,0.0000000000,0.0000000000
2026-10-08 01:13:43,0.5504487991,1.0000000000,60.9333343505,75.3333358764,0.9413333892,0.0666666698,262.1466674804,262.1466674804,262.1466674804,18.2666664123,3.6733334064,2.1933333873,2.2026667594,0.3200000286,0.0000000000,0.0000000000,0.0000000000
2026-10-08 01:19:34,0.6253947257,1.0000000000,83.7333297729,101.4666671752,1.1959999847,0.0000000000,327.6933288574,327.6933288574,327.6933288574,24.1333332061,4.3533334732,2.7666668891,2.7693333625,0.4000000000,0.0000000000,0.0000000000,0.0000000000
2026-10-08 01:25:25,0.6412186145,1.0000000000,75.0666656494,92.8666687011,0.8946666717,0.0000000000,327.6066589355,327.6066589355,327.6066589355,24.5333328247,4.2400002479,2.7266666889,2.7553331851,0.4000000000,0.0000000000,0.0000000000,0.0000000000
2026-10-08 01:31:16,0.5900931835,0.6666666984,75.4000015258,93.0666656494,0.8286665916,0.0666666698,327.4666748046,327.4666748046,327.4666748046,24.6000003814,4.1999998092,2.7066667079,2.7446665763,0.4000000000,0.0000000000,0.0000000000,0.0000000000
