2026-10-09 22:17:35,0.3809355258,0.0000000000,291.1333312988,100.5999984741,0.3586666345,1.7999999523,933.2334594726,933.2334594726,933.2334594726,69.0666656494,8.5466661453,4.5599999427,6.2240009307,1.1200000047,0.0000000000,0.0000000000,0.0000000000
2026-10-09 22:23:09,0.3833741188,0.0000000000,282.6000061035,71.6666641235,0.3979999732,2.0000000000,999.9401245117,999.9401245117,999.9401245117,74.8000030517,9.0133333206,4.8133330345,6.6419987678,1.2000000476,0.0000000000,0.0000000000,0.0000000000
2026-10-09 22:28:43,0.3882981300,0.0000000000,84.2666702270,65.3333358764,0.3080000400,1.9333333015,1000.0332031250,1000.0332031250,1000.0332031250,75.3333358764,8.8000001907,4.7733330726,6.6199998855,1.2000000476,0.0000000000,0.0000000000,0.0000000000
2026-10-09 22:34:17,0.3947520065,0.0000000000,225.3333282470,202.8000030517,0.2773333072,1.9333333015,933.4600219726,933.4600219726,933.4600219726,70.9333343505,7.9733333587,4.3800001144,6.1499991416,1.1200000047,0.0000000000,0.0000000000,0.0000000000
2026-10-09 22:39:50,0.3978531074,0.0000000000,209.2666625976,238.2666625976,0.1546666526,1.9333333015,1000.1933593750,1000.1933593750,1000.1933593750,76.0666656494,8.5000000000,4.6733331680,6.5806665420,1.2000000476,0.0000000000,0.0000000000,0.0000000000
2026-10-09 22:45:24,0.4033802986,0.0000000000,171.1333312988,56.1333351135,0.2599999904,2.2000000476,1000.3200073242,1000.3200073242,1000.3200073242,76.9333343505,8.4000015258,4.6733331680,6.5873332023,1.2000000476,0.0000000000,0.0000000000,0.0000000000
2026-10-09 22:50:57,0.4099170207,0.0000000000,241.3999938964,102.4000015258,0.1893333339,3.0000000000,1000.3667602539,1000.3667602539,1000.3667602539,78.0000000000,8.2533321380,4.7333331108,6.6166663169,1.2000000476,0.0000000000,0.0000000000,0.0000000000
2026-10-09 22:56:32,0.4166994094,0.0000000000,274.0000000000,159.0000000000,0.1166666507,3.0000000000,1000.3867187500,1000.3867187500,1000.3867187500,78.0000000000,8.0599994659,4.5933327674,6.5613336563,1.2000000476,0.0000000000,0.0000000000,0.0000000000
2026-10-09 23:02:05,0.4233605384,0.0000000000,188.1333312988,165.6000061035,0.0919999980,2.2666666507,933.7067871093,933.7067871093,933.7067871093,72.8666687011,7.3133339881,4.0666661262,6.0246658325,1.1200000047,0.0000000000,0.0000000000,0.0000000000
2026-10-09 23:07:39,0.4304549217,0.0000000000,133.1999969482,66.1999969482,0.2479999780,3.4666666984,1000.4600219726,1000.4600219726,1000.4600219726,79.2666702270,7.6999988555,4.3933339118,6.4793329238,1.2000000476,0.0000000000,0.0000000000,0.0000000000
2026-10-09 23:13:13,0.4383550167,0.0000000000,206.4666595458,43.5333328247,0.3473333835,2.7333333492,1000.4600830078,1000.4600830078,1000.4600830078,80.7333297729,7.6199994087,4.5866656303,6.5673327445,1.2000000476,0.0000000000,0.0000000000,0.0000000000
2026-10-09 23:18:47,0.4469383716,0.0000000000,180.8666687011,182.3333282470,0.1706666707,2.4666666984,933.6732788085,933.6732788085,933.6732788085,76.4666671752,7.0466666221,4.3666663169,6.1739993095,1.1200000047,0.0000000000,0.0000000000,0.0000000000
2026-10-09 23:24:22,0.4543395996,0.0000000000,291.5333251953,77.0000000000,0.1740000152,2.4000000953,933.6332397460,933.6332397460,933.6332397460,76.0666656494,6.9066677093,4.2399992942,6.1113328933,1.1200000047,0.0000000000,0.0000000000,0.0000000000
2026-10-09 23:29:57,0.4623354911,0.0000000000,226.8666687011,159.8666687011,0.1166666507,2.9333333969,1000.2067871093,1000.2067871093,1000.2067871093,82.0000000000,7.3200006484,4.5199999809,6.5366659164,1.2000000476,0.0000000000,0.0000000000,0.0000000000
2026-10-09 23:35:31,0.4693118572,0.0000000000,244.1333312988,173.6000061035,0.0893333339,2.2666666507,933.5732421875,933.5732421875,933.5732421875,76.5333328247,6.6733326911,4.0599994659,6.0366663932,1.1200000047,0.0000000000,0.0000000000,0.0000000000
2026-10-09 23:41:06,0.4762292385,0.0000000000,80.8666687011,58.4000015258,0.1493333101,3.2000000476,933.6265869140,933.6265869140,933.6265869140,76.9333343505,6.5866656303,4.0333342552,6.0306668281,1.1200000047,0.0000000000,0.0000000000,0.0000000000
2026-10-09 23:46:40,0.4830750942,0.0000000000,249.5333404541,250.9333343505,0.2333333492,3.0666666030,933.6600341796,933.6600341796,933.6600341796,77.4666671752,6.5666666030,4.1066675186,6.0659995079,1.1200000047,0.0000000000,0.0000000000,0.0000000000
2026-10-09 23:52:24,0.4891315460,0.0000000000,153.8000030517,41.6666679382,0.2019999980,1.7999999523,600.2066650390,600.2066650390,600.2066650390,49.7999992370,4.2399997711,2.6866669654,3.9159998893,0.7199999809,0.0000000000,0.0000000000,0.0000000000
2026-10-09 23:58:12,0.4965264320,0.0000000000,93.8666687011,22.6000003814,0.1453333139,1.1333333253,466.8333129882,466.8333129882,466.8333129882,39.1333351135,3.2666666507,2.0999999046,3.0559999942,0.5599999904,0.0000000000,0.0000000000,0.0000000000
2026-10-10 00:03:59,0.5045136451,0.0000000000,139.9333343505,24.2000007629,0.2046666622,0.8666666984,533.5266113281,533.5266113281,533.5266113281,44.7999992370,3.7200002670,2.3866665363,3.4839997291,0.6399999618,0.0000000000,0.0000000000,0.0000000000
2026-10-10 00:09:48,0.5121462345,0.0000000000,31.9333324432,32.6666679382,0.0993333339,0.9333333015,466.8333435058,466.8333435058,466.8333435058,39.2000007629,3.2200002670,2.0533332824,3.0313329696,0.5599999904,0.0000000000,0.0000000000,0.0000000000
2026-10-10 00:15:35,0.5197280883,0.0000000000,125.8666687011,58.1333351135,0.0700000000,1.6000000000,533.5533447265,533.5533447265,533.5533447265,44.7999992370,3.6266665458,2.3066668510,3.4493334293,0.6399999618,0.0000000000,0.0000000000,0.0000000000
2026-10-10 00:21:21,0.5253553867,0.0000000000,90.6666641235,98.4666671752,0.0859999942,1.3999999809,600.3267211914,600.3267211914,600.3267211914,50.4000015258,4.0666666030,2.5866665840,3.8800001144,0.7199999809,0.0000000000,0.0000000000,0.0000000000
2026-10-10 00:27:08,0.5319284439,0.0000000000,150.7333374023,83.0000000000,0.1433333301,1.3999999809,533.6333618164,533.6333618164,533.6333618164,44.7999992370,3.5933334827,2.3333332538,3.4560000896,0.6399999618,0.0000000000,0.0000000000,0.0000000000
2026-10-10 00:32:55,0.5395734786,0.0000000000,80.8666687011,37.1333351135,0.1033333182,1.0666667222,533.6333618164,533.6333618164,533.6333618164,45.3333320617,3.5733335018,2.3199999332,3.4580001831,0.6399999618,0.0000000000,0.0000000000,0.0000000000
2026-10-10 00:38:43,0.5462493419,0.0000000000,108.5333328247,37.2666664123,0.0866666698,1.3999999809,467.0332946777,467.0332946777,467.0332946777,39.5999984741,3.0999996662,2.0000000000,3.0126664638,0.5599999904,0.0000000000,0.0000000000,0.0000000000
2026-10-10 00:44:29,0.5520945072,0.0000000000,65.7333297729,97.5999984741,0.1359999895,1.3999999809,600.5599975585,600.5599975585,600.5599975585,51.0000000000,3.9199995994,2.5200002193,3.8513334274,0.7199999809,0.0000000000,0.0000000000,0.0000000000
