2026-09-06 16:08:36,0.3616957187,12498.3330078125,119.5999984741,169.9333343505,1.4060000419,135.2666625976,928.2466430664,928.2466430664,928.2466430664,60.4666671752,19.6400032043,13.2933330535,11.1999998092,1.1200000047,0.0000000000,0.0000000000,0.0000000000
2026-09-06 16:14:11,0.3617865800,11650.7998046875,130.3999938964,180.8000030517,1.9073332786,152.9333343505,928.2000122070,928.2000122070,928.2000122070,59.8666648864,19.4866676330,13.0466661453,11.0126657485,1.1200000047,0.0000000000,0.0000000000,0.0000000000
2026-09-06 16:19:46,0.3614680528,11779.8662109375,121.8666687011,171.4666595458,1.7933332920,208.1999969482,928.1800537109,928.1800537109,928.1800537109,59.5999984741,19.5466651916,13.0000000000,10.9713325500,1.1200000047,0.0000000000,0.0000000000,0.0000000000
2026-09-06 16:25:20,0.3607980966,384.0000000000,134.5333404541,184.1333312988,2.0246665477,619.5999755859,928.1600341796,928.1600341796,928.1600341796,58.1333351135,19.7199993133,12.8199987411,10.8413343429,1.1200000047,0.0000000000,0.0000000000,0.0000000000
2026-09-06 16:30:55,0.3596609830,3044.3332519531,130.6000061035,180.0666656494,1.5073332786,495.1333312988,928.0667114257,928.0667114257,928.0667114257,57.1333351135,20.1333351135,12.9466667175,10.9079999923,1.1200000047,0.0000000000,0.0000000000,0.0000000000
2026-09-06 16:36:29,0.3601389408,7993.5332031250,139.3333282470,188.8000030517,2.0439999103,244.6666717529,927.9533081054,927.9533081054,927.9533081054,55.8666648864,20.0133342742,12.5333318710,10.6106672286,1.1200000047,0.0000000000,0.0000000000,0.0000000000
2026-09-06 16:42:04,0.3608299732,5035.5332031250,129.8000030517,179.3333282470,1.6866665840,312.7333374023,928.0000000000,928.0000000000,928.0000000000,56.7333335876,19.9733314514,12.6866664886,10.7133321762,1.1200000047,0.0000000000,0.0000000000,0.0000000000
2026-09-06 16:47:38,0.3606546163,16122.7998046875,125.7333297729,175.2666625976,1.3033332824,166.3999938964,928.0800781250,928.0800781250,928.0800781250,56.3333320617,20.0066642761,12.6133337020,10.6686658859,1.1200000047,0.0000000000,0.0000000000,0.0000000000
2026-09-06 16:53:13,0.3608413219,14566.0000000000,137.8666687011,187.5333404541,1.1039999723,153.3999938964,928.0934448242,928.0934448242,928.0934448242,55.3333320617,20.0799999237,12.4866666793,10.5699987411,1.1200000047,0.0000000000,0.0000000000,0.0000000000
2026-09-06 16:58:48,0.3611271619,11436.6669921875,82.4000015258,132.0666656494,0.9753333091,136.6666717529,928.1533813476,928.1533813476,928.1533813476,56.2000007629,20.1666679382,12.7733335494,10.7819995880,1.1200000047,0.0000000000,0.0000000000,0.0000000000
2026-09-06 17:04:22,0.3610826730,6443.8666992187,107.0666656494,156.6000061035,0.8146666526,283.5333251953,928.2666625976,928.2666625976,928.2666625976,56.0000000000,20.2533321380,12.8066663742,10.7920007705,1.1200000047,0.0000000000,0.0000000000,0.0000000000
2026-09-06 17:09:57,0.3598494291,384.0000000000,96.9333343505,146.3999938964,0.8139999389,417.5333251953,928.2733154296,928.2733154296,928.2733154296,53.8666648864,20.8199996948,12.7733316421,10.7613325119,1.1200000047,0.0000000000,0.0000000000,0.0000000000
2026-09-06 17:15:32,0.3593920230,384.0000000000,77.8000030517,127.1999969482,1.3366665840,388.3999938964,928.1734619140,928.1734619140,928.1734619140,53.9333343505,21.0933361053,13.0466651916,10.9473323822,1.1200000047,0.0000000000,0.0000000000,0.0000000000
2026-09-06 17:21:06,0.3605698347,384.0000000000,78.2666702270,127.7333297729,1.2706665992,384.1333312988,928.1333618164,928.1333618164,928.1333618164,53.2000007629,21.3533306121,13.1066675186,10.9766664505,1.1200000047,0.0000000000,0.0000000000,0.0000000000
2026-09-06 17:26:41,0.3605573415,1225.5999755859,107.1333312988,156.6000061035,1.5326666831,342.6000061035,928.0133056640,928.0133056640,928.0133056640,52.4666671752,21.1533336639,12.7333326339,10.7060003280,1.1200000047,0.0000000000,0.0000000000,0.0000000000
2026-09-06 17:32:15,0.3605143785,542.7999877929,89.5999984741,139.1333312988,1.1673333644,388.3333435058,928.0466308593,928.0466308593,928.0466308593,52.1333351135,21.5133342742,12.9600000381,10.8599996566,1.1200000047,0.0000000000,0.0000000000,0.0000000000
2026-09-06 17:37:50,0.3599358558,384.0000000000,109.7333297729,159.1999969482,0.8446666717,355.3333435058,927.8866577148,927.8866577148,927.8866577148,51.0000000000,21.7933311462,12.8599996566,10.7913331985,1.1200000047,0.0000000000,0.0000000000,0.0000000000
2026-09-06 17:43:25,0.3601986408,384.0000000000,89.0000000000,138.4666595458,1.2480000257,302.1333312988,927.7932739257,927.7932739257,927.7932739257,51.4000015258,21.5866661071,12.7933330535,10.7360010147,1.1200000047,0.0000000000,0.0000000000,0.0000000000
2026-09-06 17:49:19,0.3603748321,384.0000000000,0.0000000000,0.0000000000,0.0000000000,0.0000000000,0.0000000000,0.0000000000,0.0000000000,0.0000000000,0.0000000000,0.0000000000,0.0000000000,0.0000000000,0.0000000000,0.0000000000,0.0000000000
2026-09-06 17:55:15,0.3604597806,384.0000000000,5.1999998092,8.7333335876,0.1133333325,18.9333324432,66.2666702270,66.2666702270,66.2666702270,3.6666667461,1.5266666412,0.8933333396,0.7533333301,0.0800000095,0.0000000000,0.0000000000,0.0000000000
2026-09-06 18:01:10,0.3606064796,384.0000000000,9.8000001907,13.3333330154,0.1566666603,17.7333335876,66.2666702270,66.2666702270,66.2666702270,3.6666667461,1.5133334159,0.8866666793,0.7486666679,0.0800000095,0.0000000000,0.0000000000,0.0000000000
2026-09-06 18:07:06,0.3603762388,384.0000000000,6.1333332061,9.6666669845,0.0626666641,16.3999996185,66.2799987792,66.2799987792,66.2799987792,3.7999999523,1.5400000572,0.9466666221,0.7920000076,0.0800000095,0.0000000000,0.0000000000,0.0000000000
2026-09-06 18:13:01,0.3603106737,384.0000000000,6.5333333015,10.0666666030,0.0533333301,15.1333332061,66.2799987792,66.2799987792,66.2799987792,3.6666667461,1.5733333587,0.9466666221,0.7899999618,0.0800000095,0.0000000000,0.0000000000,0.0000000000
2026-09-06 18:18:57,0.3602393627,384.0000000000,5.0666666030,8.6000003814,0.0846666622,13.8666667938,66.2799987792,66.2799987792,66.2799987792,3.7333333492,1.5666666984,0.9466666221,0.7920000076,0.0800000095,0.0000000000,0.0000000000,0.0000000000
2026-09-06 18:24:52,0.3604468107,436.0000000000,2.2666666507,5.8000001907,0.1133333325,12.7333335876,66.2799987792,66.2799987792,66.2799987792,3.7333333492,1.5266666412,0.9133333206,0.7679999351,0.0800000095,0.0000000000,0.0000000000,0.0000000000
2026-09-06 18:30:48,0.3604937553,579.0000000000,3.1333334445,6.6666665077,0.1053333282,11.6000003814,66.2799987792,66.2799987792,66.2799987792,3.7999999523,1.5266666412,0.9333333015,0.7833333492,0.0800000095,0.0000000000,0.0000000000,0.0000000000
2026-09-06 18:36:43,0.3606214523,1660.2667236328,5.5999999046,9.1333332061,0.0740000009,10.3999996185,66.2866668701,66.2866668701,66.2866668701,3.7999999523,1.5133334159,0.9266666412,0.7786665916,0.0800000095,0.0000000000,0.0000000000,0.0000000000
2026-09-06 18:42:39,0.3608231306,3237.1999511718,1.9333333015,5.4666666984,0.0926666641,9.1999998092,66.2799987792,66.2799987792,66.2799987792,3.8666666030,1.5000000000,0.9199999809,0.7753333568,0.0800000095,0.0000000000,0.0000000000,0.0000000000
2026-09-06 18:48:34,0.3610292673,5997.6665039062,9.6666669845,13.1999998092,0.0893333244,8.0000000000,66.2866668701,66.2866668701,66.2866668701,3.8666666030,1.4933333396,0.9199999809,0.7759999752,0.0800000095,0.0000000000,0.0000000000,0.0000000000
2026-09-06 18:54:30,0.3611529111,9708.1337890625,3.4000000953,6.9333333969,0.0726666688,7.0000000000,66.2866668701,66.2866668701,66.2866668701,3.9333333969,1.4666666984,0.9133333206,0.7673332691,0.0800000095,0.0000000000,0.0000000000,0.0000000000
2026-09-06 19:00:24,0.3612320661,6547.1333007812,15.7333335876,22.7999992370,0.0580000019,11.2666664123,132.5733337402,132.5733337402,132.5733337402,7.8000001907,2.9533336639,1.8333333969,1.5446665287,0.1600000143,0.0000000000,0.0000000000,0.0000000000
2026-09-06 19:06:19,0.3616208076,3579.2666015625,12.2666664123,19.3333339691,0.0873333358,9.4666662216,132.5800018310,132.5800018310,132.5800018310,7.8000001907,2.9399997711,1.8199998855,1.5359998703,0.1600000143,0.0000000000,0.0000000000,0.0000000000
2026-09-06 19:12:13,0.3622102499,3292.5334472656,9.4666662216,16.6000003814,0.1966666603,6.4000000953,132.5866699218,132.5866699218,132.5866699218,7.8666667938,2.8733331680,1.7800001144,1.5073333740,0.1600000143,0.0000000000,0.0000000000,0.0000000000
2026-09-06 19:18:06,0.3625194072,2638.6667480468,19.6666660308,30.4666671752,0.2279999971,4.0000000000,198.8733367919,198.8733367919,198.8733367919,12.0666666030,4.2200002670,2.6466667652,2.2486662864,0.2400000095,0.0000000000,0.0000000000,0.0000000000
2026-09-06 19:23:59,0.3627539634,2132.6000976562,15.2666664123,26.0666675567,0.2413333177,3.3333332538,198.8666687011,198.8666687011,198.8666687011,12.2666664123,4.1733331680,2.6399998664,2.2433331012,0.2400000095,0.0000000000,0.0000000000,0.0000000000
2026-09-06 19:29:53,0.3629682540,1609.4000244140,11.8000001907,22.6000003814,0.1806666755,2.4666666984,198.8799896240,198.8799896240,198.8799896240,12.4666662216,4.0866670608,2.6199998855,2.2306666374,0.2400000095,0.0000000000,0.0000000000,0.0000000000
2026-09-06 19:35:45,0.3631646871,1181.8000488281,14.1333332061,28.5333328247,0.1573333263,2.5333333015,265.1933288574,265.1933288574,265.1933288574,16.9333324432,5.3733334541,3.5066668987,2.9886663436,0.3200000286,0.0000000000,0.0000000000,0.0000000000
2026-09-06 19:41:37,0.3634596824,812.2666625976,20.7999992370,35.2000007629,0.1753333187,1.8666666984,265.2066650390,265.2066650390,265.2066650390,17.2666664123,5.3066668510,3.5199999809,3.0026664733,0.3200000286,0.0000000000,0.0000000000,0.0000000000
2026-09-06 19:47:29,0.3636851310,499.4666748046,19.0666675567,33.4666671752,0.1473333358,1.3333333730,265.2266845703,265.2266845703,265.2266845703,17.5333328247,5.2466664314,3.5266668796,3.0079998970,0.3200000286,0.0000000000,0.0000000000,0.0000000000
2026-09-06 19:53:21,0.3638788223,263.6000061035,17.9333324432,32.2666664123,0.2133333206,0.8000000000,265.2200012207,265.2200012207,265.2200012207,17.7999992370,5.1933336257,3.5333333015,3.0160000324,0.3200000286,0.0000000000,0.0000000000,0.0000000000
2026-09-06 19:59:12,0.3640702247,108.5999984741,24.6666660308,42.6666679382,0.2133333444,0.4666666507,331.4866638183,331.4866638183,331.4866638183,22.5333328247,6.4266672134,4.4066667556,3.7639999389,0.4000000000,0.0000000000,0.0000000000,0.0000000000
2026-09-06 20:05:03,0.3636238813,34.2666664123,20.0000000000,37.9333343505,0.1346666693,0.2666666746,331.4933166503,331.4933166503,331.4933166503,22.6666660308,6.3799996376,4.3933329582,3.7566664218,0.4000000000,0.0000000000,0.0000000000,0.0000000000
2026-09-06 20:10:54,0.3639497995,10.0666666030,20.6666660308,38.6666679382,0.1093333244,0.2666666746,331.4666748046,331.4666748046,331.4666748046,22.6666660308,6.3200001716,4.3533334732,3.7313334941,0.4000000000,0.0000000000,0.0000000000,0.0000000000
2026-09-06 20:16:45,0.3640040159,3.2666666507,51.7999992370,69.8000030517,0.1766666650,0.4000000000,331.5200195312,331.5200195312,331.5200195312,22.6666660308,6.3066663742,4.3266668319,3.7106666564,0.4000000000,0.0000000000,0.0000000000,0.0000000000
2026-09-06 20:22:34,0.3637564659,1.0000000000,60.4666671752,82.0000000000,0.2706666469,0.8000000000,397.8600158691,397.8600158691,397.8600158691,27.2000007629,7.5999999046,5.2466664314,4.4879999160,0.4799999713,0.0000000000,0.0000000000,0.0000000000
2026-09-06 20:28:26,0.3638189792,0.3333333492,40.6666679382,55.0666656494,0.1460000038,0.3333333492,265.2266845703,265.2266845703,265.2266845703,18.3333339691,5.0666666030,3.5199999809,3.0126664638,0.3200000286,0.0000000000,0.0000000000,0.0000000000
2026-09-06 20:34:19,0.3644065856,0.0000000000,35.2000007629,25.6000003814,0.0980000019,0.2666666746,265.2599792480,265.2599792480,265.2599792480,18.5333328247,5.0333333015,3.5399999618,3.0226664543,0.3200000286,0.0000000000,0.0000000000,0.0000000000
2026-09-06 20:40:09,0.3655430078,0.0000000000,67.3333358764,37.3333320617,0.1333333373,0.2000000000,331.6466674804,331.6466674804,331.6466674804,23.3333339691,6.1999998092,4.3733334541,3.7533333301,0.4000000000,0.0000000000,0.0000000000,0.0000000000
