2026-09-12 04:10:04,0.6582477092,0.0000000000,122.1333312988,100.4666671752,0.3153333663,2.4666666984,925.1799316406,925.1799316406,925.1799316406,82.1333312988,11.8533315658,10.0733346939,9.1840000152,1.1200000047,0.0000000000,0.0000000000,0.0000000000
2026-09-12 04:15:38,0.6613183498,0.0000000000,187.8666687011,73.5999984741,0.2613333225,2.5333333015,991.2733154296,991.2733154296,991.2733154296,88.0000000000,12.6999979019,10.8000020980,9.8533334732,1.2000000476,0.0000000000,0.0000000000,0.0000000000
2026-09-12 04:21:12,0.6636208534,0.0000000000,116.5333328247,74.2666702270,0.3293333053,2.2000000476,991.2732543945,991.2732543945,991.2732543945,88.0000000000,12.7066650390,10.8000020980,9.8599996566,1.2000000476,0.0000000000,0.0000000000,0.0000000000
2026-09-12 04:26:45,0.6667256832,0.0000000000,237.3333282470,51.2666664123,0.2486666917,1.8666666984,991.2000732421,991.2000732421,991.2000732421,87.5999984741,12.7533321380,10.8000011444,9.8533334732,1.2000000476,0.0000000000,0.0000000000,0.0000000000
2026-09-12 04:32:19,0.6704085350,0.0000000000,95.4000015258,124.8666687011,0.1513333320,2.0000000000,991.2000732421,991.2000732421,991.2000732421,87.0000000000,12.6533346176,10.6799993515,9.7713336944,1.2000000476,0.0000000000,0.0000000000,0.0000000000
2026-09-12 04:37:53,0.6741876125,0.0000000000,92.5999984741,122.1999969482,0.1606666564,2.0000000000,991.2467651367,991.2467651367,991.2467651367,87.0000000000,12.6000013351,10.5666666030,9.7126665115,1.2000000476,0.0000000000,0.0000000000,0.0000000000
2026-09-12 04:43:27,0.6777306079,0.0000000000,196.3333282470,129.4666595458,0.2220000267,2.7999999523,991.2200927734,991.2200927734,991.2200927734,87.0000000000,12.5000000000,10.5199995040,9.6859998703,1.2000000476,0.0000000000,0.0000000000,0.0000000000
2026-09-12 04:49:01,0.6807748794,0.0000000000,108.8000030517,89.8000030517,0.2393333435,2.7333333492,991.3067016601,991.3067016601,991.3067016601,87.0000000000,12.5000000000,10.5266675949,9.6880006790,1.2000000476,0.0000000000,0.0000000000,0.0000000000
2026-09-12 04:54:35,0.6840776443,0.0000000000,129.8000030517,87.8000030517,0.2193333625,2.8666666030,991.3132934570,991.3132934570,991.3132934570,87.0666656494,12.5000000000,10.6000003814,9.7119998931,1.2000000476,0.0000000000,0.0000000000,0.0000000000
2026-09-12 05:00:09,0.6869657039,0.0000000000,114.0000000000,95.2666702270,0.2286666870,2.9333333969,991.2733154296,991.2733154296,991.2733154296,88.0000000000,12.5333356857,10.6066656112,9.7313337326,1.2000000476,0.0000000000,0.0000000000,0.0000000000
2026-09-12 05:05:43,0.6896457672,0.0000000000,194.0000000000,55.3333320617,0.3620000123,2.9333333969,991.2865600585,991.2865600585,991.2865600585,88.0000000000,12.6399984359,10.7466678619,9.8146657943,1.2000000476,0.0000000000,0.0000000000,0.0000000000
2026-09-12 05:11:17,0.6921150207,0.0000000000,193.9333343505,103.8666687011,0.1786666870,2.1333334445,991.3132934570,991.3132934570,991.3132934570,88.0000000000,12.6200008392,10.7333316802,9.8179979324,1.2000000476,0.0000000000,0.0000000000,0.0000000000
2026-09-12 05:16:50,0.6938579082,0.0000000000,331.3999938964,25.1333332061,0.3006666898,2.0666666030,991.2800292968,991.2800292968,991.2800292968,88.0000000000,12.6000013351,10.6999979019,9.7960004806,1.2000000476,0.0000000000,0.0000000000,0.0000000000
2026-09-12 05:22:24,0.6965385437,0.0000000000,170.3999938964,55.4666671752,0.2000000238,1.7999999523,991.1533203125,991.1533203125,991.1533203125,88.0000000000,12.5466661453,10.6333332061,9.7453327178,1.2000000476,0.0000000000,0.0000000000,0.0000000000
2026-09-12 05:27:58,0.6984992980,0.0000000000,168.4666595458,170.7333374023,0.1673333168,1.9333333015,925.0465698242,925.0465698242,925.0465698242,82.1333312988,11.6666669845,9.8933324813,9.0686664581,1.1200000047,0.0000000000,0.0000000000,0.0000000000
2026-09-12 05:33:32,0.6992145061,0.0000000000,262.6000061035,144.1999969482,0.1613333225,1.9333333015,925.0265502929,925.0265502929,925.0265502929,82.1333312988,11.6599998474,9.8333330154,9.0433340072,1.1200000047,0.0000000000,0.0000000000,0.0000000000
2026-09-12 05:39:06,0.7000589847,0.0000000000,225.6000061035,87.4666671752,0.1926666641,2.0000000000,991.0732421875,991.0732421875,991.0732421875,88.0000000000,12.3999986648,10.4533329010,9.6413326263,1.2000000476,0.0000000000,0.0000000000,0.0000000000
2026-09-12 05:44:54,0.7027367591,0.0000000000,61.3333320617,38.5333328247,0.0900000000,1.2000000476,462.5200195312,462.5200195312,462.5200195312,41.0666656494,5.7600002288,4.8533334732,4.4866666793,0.5599999904,0.0000000000,0.0000000000,0.0000000000
2026-09-12 05:50:43,0.7050547122,0.0000000000,84.1999969482,33.7333335876,0.0613333320,0.9333333015,396.4333190917,396.4333190917,396.4333190917,35.2000007629,4.9200000762,4.1600003242,3.8466668128,0.4799999713,0.0000000000,0.0000000000,0.0000000000
2026-09-12 05:56:32,0.7060621261,0.0000000000,142.6666717529,23.8666667938,0.0820000076,1.2666666507,462.4933166503,462.4933166503,462.4933166503,41.0666656494,5.7400002479,4.8533334732,4.4846658706,0.5599999904,0.0000000000,0.0000000000,0.0000000000
2026-09-12 06:02:22,0.7088930606,0.0000000000,120.9333343505,22.3333339691,0.1286666631,0.8000000000,396.3999938964,396.3999938964,396.3999938964,35.2000007629,4.9133329391,4.1600003242,3.8433332443,0.4799999713,0.0000000000,0.0000000000,0.0000000000
2026-09-12 06:08:12,0.7108909606,0.0000000000,100.5999984741,50.2000007629,0.0519999980,1.2000000476,396.4133605957,396.4133605957,396.4133605957,35.2000007629,4.9200000762,4.1600003242,3.8459997177,0.4799999713,0.0000000000,0.0000000000,0.0000000000
2026-09-12 06:14:00,0.7131924152,0.0000000000,30.0666675567,55.0000000000,0.1153333306,1.2000000476,462.4866943359,462.4866943359,462.4866943359,41.0666656494,5.7600002288,4.8866667747,4.5113329887,0.5599999904,0.0000000000,0.0000000000,0.0000000000
2026-09-12 06:19:49,0.7135822296,0.2666666746,97.2666702270,26.0666675567,0.1599999904,1.0666667222,462.4733276367,462.4733276367,462.4733276367,41.0666656494,5.7600007057,4.9000000953,4.5186662673,0.5599999904,0.0000000000,0.0000000000,0.0000000000
2026-09-12 06:25:39,0.7139351844,1.3333333730,70.5999984741,20.2000007629,0.0593333292,0.8666666984,396.3799743652,396.3799743652,396.3799743652,35.2000007629,4.9266667366,4.1999998092,3.8699996948,0.4799999713,0.0000000000,0.0000000000,0.0000000000
2026-09-12 06:31:28,0.7155273437,4.1999998092,34.1333351135,31.6666660308,0.1113333225,1.0666667222,396.3733520507,396.3733520507,396.3733520507,35.2000007629,4.9333333969,4.1999998092,3.8713333129,0.4799999713,0.0000000000,0.0000000000,0.0000000000
2026-09-12 06:37:17,0.7189960956,14.6000003814,112.1333312988,64.9333343505,0.0999999904,1.2666666507,462.4266662597,462.4266662597,462.4266662597,41.0666656494,5.7866668701,4.9200000762,4.5306668281,0.5599999904,0.0000000000,0.0000000000,0.0000000000
2026-09-12 06:43:07,0.7204034805,48.4000015258,103.0666656494,52.5333328247,0.0793333292,1.4666666984,396.3466796875,396.3466796875,396.3466796875,35.2000007629,4.9600000381,4.2399997711,3.8919997215,0.4799999713,0.0000000000,0.0000000000,0.0000000000
2026-09-12 06:48:55,0.7146614074,129.8666687011,112.2666702270,65.4666671752,0.0946666526,1.9333333015,462.3866577148,462.3866577148,462.3866577148,41.0666656494,5.7866668701,4.9466662406,4.5339994430,0.5599999904,0.0000000000,0.0000000000,0.0000000000
