2026-10-03 10:15:49,0.4957489013,5531.7998046875,0.0000000000,0.0000000000,0.0000000000,0.0000000000,0.0000000000,0.0000000000,0.0000000000,0.0000000000,0.0000000000,0.0000000000,0.0000000000,0.0000000000,0.0000000000,0.0000000000,0.0000000000
2026-10-03 10:21:23,0.4794833183,5951.9331054687,0.0000000000,0.0000000000,0.0000000000,0.0000000000,0.0000000000,0.0000000000,0.0000000000,0.0000000000,0.0000000000,0.0000000000,0.0000000000,0.0000000000,0.0000000000,0.0000000000,0.0000000000
2026-10-03 10:26:56,0.4594324111,5204.1333007812,0.0000000000,0.0000000000,0.0000000000,0.0000000000,0.0000000000,0.0000000000,0.0000000000,0.0000000000,0.0000000000,0.0000000000,0.0000000000,0.0000000000,0.0000000000,0.0000000000,0.0000000000
2026-10-03 10:32:30,0.4326920032,6468.5332031250,0.0000000000,0.0000000000,0.0000000000,0.0000000000,0.0000000000,0.0000000000,0.0000000000,0.0000000000,0.0000000000,0.0000000000,0.0000000000,0.0000000000,0.0000000000,0.0000000000,0.0000000000
2026-10-03 10:38:04,0.3975105285,384.0000000000,0.0000000000,0.0000000000,0.0000000000,0.0000000000,0.0000000000,0.0000000000,0.0000000000,0.0000000000,0.0000000000,0.0000000000,0.0000000000,0.0000000000,0.0000000000,0.0000000000,0.0000000000
2026-10-03 10:43:39,0.3634886980,384.0000000000,0.0000000000,0.0000000000,0.0000000000,0.0000000000,0.0000000000,0.0000000000,0.0000000000,0.0000000000,0.0000000000,0.0000000000,0.0000000000,0.0000000000,0.0000000000,0.0000000000,0.0000000000
2026-10-03 10:49:12,0.3607959747,5193.4667968750,0.0000000000,0.0000000000,0.0000000000,0.0000000000,0.0000000000,0.0000000000,0.0000000000,0.0000000000,0.0000000000,0.0000000000,0.0000000000,0.0000000000,0.0000000000,0.0000000000,0.0000000000
2026-10-03 10:54:45,0.3605044126,543.1333618164,0.0000000000,0.0000000000,0.0000000000,0.0000000000,0.0000000000,0.0000000000,0.0000000000,0.0000000000,0.0000000000,0.0000000000,0.0000000000,0.0000000000,0.0000000000,0.0000000000,0.0000000000
2026-10-03 11:00:19,0.3609633207,516.7999877929,0.0000000000,0.0000000000,0.0000000000,0.0000000000,0.0000000000,0.0000000000,0.0000000000,0.0000000000,0.0000000000,0.0000000000,0.0000000000,0.0000000000,0.0000000000,0.0000000000,0.0000000000
2026-10-03 11:05:53,0.3606031417,4379.4667968750,0.0000000000,0.0000000000,0.0000000000,0.0000000000,0.0000000000,0.0000000000,0.0000000000,0.0000000000,0.0000000000,0.0000000000,0.0000000000,0.0000000000,0.0000000000,0.0000000000,0.0000000000
2026-10-03 11:11:25,0.3606871604,3488.8666992187,0.0000000000,0.0000000000,0.0000000000,0.0000000000,0.0000000000,0.0000000000,0.0000000000,0.0000000000,0.0000000000,0.0000000000,0.0000000000,0.0000000000,0.0000000000,0.0000000000,0.0000000000
2026-10-03 11:17:00,0.3626904726,390.3333435058,0.0000000000,0.0000000000,0.0000000000,0.0000000000,0.0000000000,0.0000000000,0.0000000000,0.0000000000,0.0000000000,0.0000000000,0.0000000000,0.0000000000,0.0000000000,0.0000000000,0.0000000000
2026-10-03 11:22:35,0.3619547367,4821.0000000000,0.0000000000,0.0000000000,0.0000000000,0.0000000000,0.0000000000,0.0000000000,0.0000000000,0.0000000000,0.0000000000,0.0000000000,0.0000000000,0.0000000000,0.0000000000,0.0000000000,0.0000000000
2026-10-03 11:28:08,0.3610088586,7136.6665039062,0.0000000000,0.0000000000,0.0000000000,0.0000000000,0.0000000000,0.0000000000,0.0000000000,0.0000000000,0.0000000000,0.0000000000,0.0000000000,0.0000000000,0.0000000000,0.0000000000,0.0000000000
2026-10-03 11:33:42,0.3610528707,6700.1333007812,0.0000000000,0.0000000000,0.0000000000,0.0000000000,0.0000000000,0.0000000000,0.0000000000,0.0000000000,0.0000000000,0.0000000000,0.0000000000,0.0000000000,0.0000000000,0.0000000000,0.0000000000
2026-10-03 11:39:16,0.3606167078,7345.3999023437,0.0000000000,0.0000000000,0.0000000000,0.0000000000,0.0000000000,0.0000000000,0.0000000000,0.0000000000,0.0000000000,0.0000000000,0.0000000000,0.0000000000,0.0000000000,0.0000000000,0.0000000000
2026-10-03 11:44:49,0.3600797653,7698.8666992187,0.0000000000,0.0000000000,0.0000000000,0.0000000000,0.0000000000,0.0000000000,0.0000000000,0.0000000000,0.0000000000,0.0000000000,0.0000000000,0.0000000000,0.0000000000,0.0000000000,0.0000000000
2026-10-03 11:50:24,0.3602295398,9445.4667968750,0.0000000000,0.0000000000,0.0000000000,0.0000000000,0.0000000000,0.0000000000,0.0000000000,0.0000000000,0.0000000000,0.0000000000,0.0000000000,0.0000000000,0.0000000000,0.0000000000,0.0000000000
2026-10-03 11:56:18,0.3603398561,12453.3330078125,0.0000000000,0.0000000000,0.0000000000,0.0000000000,0.0000000000,0.0000000000,0.0000000000,0.0000000000,0.0000000000,0.0000000000,0.0000000000,0.0000000000,0.0000000000,0.0000000000,0.0000000000
2026-10-03 12:02:14,0.3601413249,11583.4003906250,4.1999998092,7.7333331108,0.1640000104,47.7999992370,66.9000015258,66.9000015258,66.9000015258,3.2000000476,1.1733334064,0.4400000095,0.4866666316,0.0800000095,0.0000000000,0.0000000000,0.0000000000
2026-10-03 12:08:10,0.3598278760,3021.6667480468,3.4666666984,7.0000000000,0.0933333301,48.3333320617,66.9000015258,66.9000015258,66.9000015258,3.2000000476,1.1533334255,0.4200000286,0.4773333549,0.0800000095,0.0000000000,0.0000000000,0.0000000000
2026-10-03 12:14:05,0.3598510026,384.0000000000,6.4666666984,10.0666666030,0.1180000066,46.0000000000,66.9000015258,66.9000015258,66.9000015258,3.2000000476,1.1466667652,0.4133333683,0.4720000267,0.0800000095,0.0000000000,0.0000000000,0.0000000000
2026-10-03 12:19:59,0.3596001148,3205.5334472656,25.3999996185,32.4666671752,0.1600000143,62.5999984741,133.7799987792,133.7799987792,133.7799987792,6.0000000000,2.2666666507,0.6733333587,0.8773333549,0.1600000143,0.0000000000,0.0000000000,0.0000000000
2026-10-03 12:25:54,0.3605444669,10823.0000000000,9.5333337783,16.6000003814,0.1966666603,89.1999969482,133.7866668701,133.7866668701,133.7866668701,6.2666668891,2.2200000286,0.7200000286,0.8966666221,0.1600000143,0.0000000000,0.0000000000,0.0000000000
2026-10-03 12:31:47,0.3614663600,13826.0664062500,29.1333332061,15.7333335876,0.3166666507,40.4000015258,200.6666717529,200.6666717529,200.6666717529,9.7333335876,3.2266666889,1.0933334827,1.3566665649,0.2400000095,0.0000000000,0.0000000000,0.0000000000
2026-10-03 12:37:40,0.3610195636,3753.2666015625,23.6666660308,34.3333320617,0.3086666822,154.8000030517,200.6999969482,200.6999969482,200.6999969482,9.9333333969,3.2466664314,1.1666666269,1.3893333625,0.2400000095,0.0000000000,0.0000000000,0.0000000000
2026-10-03 12:43:35,0.3604712009,4160.6665039062,11.6000003814,18.6666660308,0.2406666517,60.0666656494,133.7599945068,133.7599945068,133.7599945068,6.4666666984,2.2200002670,0.7666666507,0.9233333587,0.1600000143,0.0000000000,0.0000000000,0.0000000000
2026-10-03 12:49:29,0.3594560861,7262.7998046875,7.6666665077,14.7333335876,0.2680000066,62.8666648864,133.7666625976,133.7666625976,133.7666625976,6.5999999046,2.2933335304,0.8933333396,0.9819999694,0.1600000143,0.0000000000,0.0000000000,0.0000000000
2026-10-03 12:55:23,0.3606119632,7262.6000976562,16.2666664123,23.3333339691,0.1319999933,66.4666671752,133.7466583251,133.7466583251,133.7466583251,6.6666665077,2.2400002479,0.8666666984,0.9680000305,0.1600000143,0.0000000000,0.0000000000,0.0000000000
2026-10-03 13:01:17,0.3610279798,15800.2001953125,11.6666669845,22.2666664123,0.5419999122,34.4666671752,200.6266784667,200.6266784667,200.6266784667,10.0000000000,3.2466669082,1.1666666269,1.3899999809,0.2400000095,0.0000000000,0.0000000000,0.0000000000
2026-10-03 13:07:09,0.3616248130,12655.3330078125,15.6666669845,29.7999992370,0.5013332843,64.4000015258,267.5333251953,267.5333251953,267.5333251953,13.6666669845,4.2400002479,1.5800000190,1.8673333168,0.3200000286,0.0000000000,0.0000000000,0.0000000000
2026-10-03 13:13:01,0.3615692853,10675.2666015625,27.7999992370,41.9333343505,0.2940000057,64.1999969482,267.5333251953,267.5333251953,267.5333251953,13.6666669845,4.2200002670,1.5599999427,1.8600000381,0.3200000286,0.0000000000,0.0000000000,0.0000000000
2026-10-03 13:18:54,0.3610073089,3999.9333496093,19.5333328247,30.1333332061,0.4099999427,84.3333358764,200.6333312988,200.6333312988,200.6333312988,9.8666667938,3.2000000476,1.1066666841,1.3600000143,0.2400000095,0.0000000000,0.0000000000,0.0000000000
2026-10-03 13:24:47,0.3602655410,384.0000000000,24.8666667938,35.5333328247,0.4299999713,177.0666656494,200.6266784667,200.6266784667,200.6266784667,10.0666666030,3.2933335304,1.2533333301,1.4333333015,0.2400000095,0.0000000000,0.0000000000,0.0000000000
2026-10-03 13:30:42,0.3593101978,743.0000000000,11.3999996185,18.4666671752,0.2366666555,118.7333297729,133.7400054931,133.7400054931,133.7400054931,6.4000000953,2.2599999904,0.8066666603,0.9373332977,0.1600000143,0.0000000000,0.0000000000,0.0000000000
2026-10-03 13:36:36,0.3585571765,424.7333374023,11.1999998092,18.2666664123,0.2493333339,94.1333312988,133.7333374023,133.7333374023,133.7333374023,6.4000000953,2.2333333492,0.7733333587,0.9226666450,0.1600000143,0.0000000000,0.0000000000,0.0000000000
2026-10-03 13:42:30,0.3588193893,5456.0668945312,14.5333337783,21.6000003814,0.1759999847,70.7333297729,133.7066802978,133.7066802978,133.7066802978,6.1333332061,2.2733333110,0.7266666412,0.8993332862,0.1600000143,0.0000000000,0.0000000000,0.0000000000
2026-10-03 13:48:24,0.3595994472,3511.4665527343,14.3999996185,25.0000000000,0.2699999809,75.2666702270,200.5933227539,200.5933227539,200.5933227539,9.6666669845,3.3733332157,1.1933333873,1.3999999809,0.2400000095,0.0000000000,0.0000000000,0.0000000000
2026-10-03 13:54:17,0.3597659587,8842.3330078125,14.0000000000,24.6000003814,0.2633333206,54.6666679382,200.5800170898,200.5800170898,200.5800170898,9.6000003814,3.3466668128,1.1600000858,1.3853334236,0.2400000095,0.0000000000,0.0000000000,0.0000000000
2026-10-03 14:00:08,0.3600355386,11061.8662109375,24.0666675567,41.8666648864,0.4633333206,83.8000030517,334.2933349609,334.2933349609,334.2933349609,16.0666675567,5.5266661643,1.9000000953,2.2946665287,0.4000000000,0.0000000000,0.0000000000,0.0000000000
2026-10-03 14:05:59,0.3601580619,9079.5996093750,25.6000003814,43.2666664123,0.3193333387,87.8666687011,334.3133544921,334.3133544921,334.3133544921,16.0000000000,5.4600005149,1.8333333969,2.2673332691,0.4000000000,0.0000000000,0.0000000000,0.0000000000
2026-10-03 14:11:50,0.3601046562,6476.0000000000,24.6000003814,42.2666664123,0.5046666145,91.9333343505,334.3266601562,334.3266601562,334.3266601562,15.9333333969,5.4733333587,1.8200000762,2.2553334236,0.4000000000,0.0000000000,0.0000000000,0.0000000000
2026-10-03 14:17:41,0.3600392341,9131.4003906250,32.2000007629,49.9333343505,0.4839999198,88.4666671752,334.3066711425,334.3066711425,334.3066711425,15.8666667938,5.4333333969,1.7666666507,2.2326664924,0.4000000000,0.0000000000,0.0000000000,0.0000000000
2026-10-03 14:23:33,0.3600914001,9931.5332031250,32.1333351135,46.2666664123,0.2053333282,66.6666641235,267.4266662597,267.4266662597,267.4266662597,12.8000001907,4.3200001716,1.4200000762,1.7906665802,0.3200000286,0.0000000000,0.0000000000,0.0000000000
2026-10-03 14:29:25,0.3602689743,10413.1337890625,19.5333328247,33.6666679382,0.3179999589,59.2666664123,267.3933410644,267.3933410644,267.3933410644,12.9333333969,4.2933335304,1.4266666412,1.7926666736,0.3200000286,0.0000000000,0.0000000000,0.0000000000
2026-10-03 14:35:17,0.3606240272,8811.7998046875,21.1333332061,35.2666664123,0.3753333091,59.1333351135,267.3999938964,267.3999938964,267.3999938964,12.9333333969,4.3066668510,1.4466667175,1.8006666183,0.3200000286,0.0000000000,0.0000000000,0.0000000000
