2026-09-14 16:10:44,0.3562917232,384.0000000000,0.0000000000,0.0000000000,0.0000000000,0.0000000000,0.0000000000,0.0000000000,0.0000000000,0.0000000000,0.0000000000,0.0000000000,0.0000000000,0.0000000000,0.0000000000,0.0000000000,0.0000000000
2026-09-14 16:16:19,0.3563699245,384.0000000000,0.0000000000,0.0000000000,0.0000000000,0.0000000000,0.0000000000,0.0000000000,0.0000000000,0.0000000000,0.0000000000,0.0000000000,0.0000000000,0.0000000000,0.0000000000,0.0000000000,0.0000000000
2026-09-14 16:21:53,0.3564547538,384.0000000000,0.0000000000,0.0000000000,0.0000000000,0.0000000000,0.0000000000,0.0000000000,0.0000000000,0.0000000000,0.0000000000,0.0000000000,0.0000000000,0.0000000000,0.0000000000,0.0000000000,0.0000000000
2026-09-14 16:27:28,0.3566099643,384.0000000000,0.0000000000,0.0000000000,0.0000000000,0.0000000000,0.0000000000,0.0000000000,0.0000000000,0.0000000000,0.0000000000,0.0000000000,0.0000000000,0.0000000000,0.0000000000,0.0000000000,0.0000000000
2026-09-14 16:33:02,0.3566135168,384.0000000000,0.0000000000,0.0000000000,0.0000000000,0.0000000000,0.0000000000,0.0000000000,0.0000000000,0.0000000000,0.0000000000,0.0000000000,0.0000000000,0.0000000000,0.0000000000,0.0000000000,0.0000000000
2026-09-14 16:38:37,0.3562469244,384.0000000000,0.0000000000,0.0000000000,0.0000000000,0.0000000000,0.0000000000,0.0000000000,0.0000000000,0.0000000000,0.0000000000,0.0000000000,0.0000000000,0.0000000000,0.0000000000,0.0000000000,0.0000000000
2026-09-14 16:44:12,0.3561949968,384.0000000000,0.0000000000,0.0000000000,0.0000000000,0.0000000000,0.0000000000,0.0000000000,0.0000000000,0.0000000000,0.0000000000,0.0000000000,0.0000000000,0.0000000000,0.0000000000,0.0000000000,0.0000000000
2026-09-14 16:49:46,0.3566780567,384.0000000000,0.0000000000,0.0000000000,0.0000000000,0.0000000000,0.0000000000,0.0000000000,0.0000000000,0.0000000000,0.0000000000,0.0000000000,0.0000000000,0.0000000000,0.0000000000,0.0000000000,0.0000000000
2026-09-14 16:55:21,0.3565398454,384.0000000000,0.0000000000,0.0000000000,0.0000000000,0.0000000000,0.0000000000,0.0000000000,0.0000000000,0.0000000000,0.0000000000,0.0000000000,0.0000000000,0.0000000000,0.0000000000,0.0000000000,0.0000000000
2026-09-14 17:00:55,0.3563317775,5823.6665039062,0.0000000000,0.0000000000,0.0000000000,0.0000000000,0.0000000000,0.0000000000,0.0000000000,0.0000000000,0.0000000000,0.0000000000,0.0000000000,0.0000000000,0.0000000000,0.0000000000,0.0000000000
2026-09-14 17:06:29,0.3572242021,1943.1999511718,0.0000000000,0.0000000000,0.0000000000,0.0000000000,0.0000000000,0.0000000000,0.0000000000,0.0000000000,0.0000000000,0.0000000000,0.0000000000,0.0000000000,0.0000000000,0.0000000000,0.0000000000
2026-09-14 17:12:04,0.3582231044,12999.0664062500,0.0000000000,0.0000000000,0.0000000000,0.0000000000,0.0000000000,0.0000000000,0.0000000000,0.0000000000,0.0000000000,0.0000000000,0.0000000000,0.0000000000,0.0000000000,0.0000000000,0.0000000000
2026-09-14 17:17:38,0.3591297626,5045.2666015625,0.0000000000,0.0000000000,0.0000000000,0.0000000000,0.0000000000,0.0000000000,0.0000000000,0.0000000000,0.0000000000,0.0000000000,0.0000000000,0.0000000000,0.0000000000,0.0000000000,0.0000000000
2026-09-14 17:23:13,0.3585137367,384.0000000000,0.0000000000,0.0000000000,0.0000000000,0.0000000000,0.0000000000,0.0000000000,0.0000000000,0.0000000000,0.0000000000,0.0000000000,0.0000000000,0.0000000000,0.0000000000,0.0000000000,0.0000000000
2026-09-14 17:28:47,0.3582085132,384.0000000000,0.0000000000,0.0000000000,0.0000000000,0.0000000000,0.0000000000,0.0000000000,0.0000000000,0.0000000000,0.0000000000,0.0000000000,0.0000000000,0.0000000000,0.0000000000,0.0000000000,0.0000000000
2026-09-14 17:34:22,0.3580828905,384.0000000000,0.0000000000,0.0000000000,0.0000000000,0.0000000000,0.0000000000,0.0000000000,0.0000000000,0.0000000000,0.0000000000,0.0000000000,0.0000000000,0.0000000000,0.0000000000,0.0000000000,0.0000000000
2026-09-14 17:39:56,0.3580464124,384.0000000000,0.0000000000,0.0000000000,0.0000000000,0.0000000000,0.0000000000,0.0000000000,0.0000000000,0.0000000000,0.0000000000,0.0000000000,0.0000000000,0.0000000000,0.0000000000,0.0000000000,0.0000000000
2026-09-14 17:45:31,0.3580333948,384.0000000000,0.0000000000,0.0000000000,0.0000000000,0.0000000000,0.0000000000,0.0000000000,0.0000000000,0.0000000000,0.0000000000,0.0000000000,0.0000000000,0.0000000000,0.0000000000,0.0000000000,0.0000000000
2026-09-14 17:51:26,0.3582290410,384.0000000000,0.0000000000,0.0000000000,0.0000000000,0.0000000000,0.0000000000,0.0000000000,0.0000000000,0.0000000000,0.0000000000,0.0000000000,0.0000000000,0.0000000000,0.0000000000,0.0000000000,0.0000000000
2026-09-14 17:57:21,0.3583024978,384.0000000000,21.3999996185,0.9333333015,0.0606666660,15.6666669845,66.5400009155,66.5400009155,66.5400009155,3.0666666030,1.4400000572,0.6400000572,0.5860000133,0.0800000095,0.0000000000,0.0000000000,0.0000000000
2026-09-14 18:03:17,0.3582787513,384.0000000000,21.6666660308,1.2000000476,0.1120000004,14.5333337783,66.5466690063,66.5466690063,66.5466690063,3.0666666030,1.4599999427,0.6533333778,0.5946666717,0.0800000095,0.0000000000,0.0000000000,0.0000000000
2026-09-14 18:09:12,0.3581172466,408.4666748046,19.8666667938,23.3999996185,0.0479999971,13.1333332061,66.5466690063,66.5466690063,66.5466690063,2.9333333969,1.4733333587,0.6199999809,0.5753333568,0.0800000095,0.0000000000,0.0000000000,0.0000000000
2026-09-14 18:15:08,0.3584382772,453.6666564941,17.3999996185,20.9333324432,0.0419999980,12.0000000000,66.5666656494,66.5666656494,66.5666656494,3.0000000000,1.4866667747,0.6600000381,0.5980000019,0.0800000095,0.0000000000,0.0000000000,0.0000000000
2026-09-14 18:21:03,0.3586348295,606.9333496093,17.4666671752,21.0000000000,0.0333333349,10.5333337783,66.5600051879,66.5600051879,66.5600051879,3.0666666030,1.4666666984,0.6533333778,0.5953332901,0.0800000095,0.0000000000,0.0000000000,0.0000000000
2026-09-14 18:26:58,0.3589358568,5617.4667968750,24.2666664123,7.3333334922,0.1059999942,11.9333333969,133.1466674804,133.1466674804,133.1466674804,6.6666665077,2.8133333206,1.3733333349,1.2373332977,0.1600000143,0.0000000000,0.0000000000,0.0000000000
2026-09-14 18:32:53,0.3597722530,5669.7998046875,20.6666660308,0.2000000000,0.0239999985,2.4000000953,66.5733337402,66.5733337402,66.5733337402,3.3333332538,1.3866667747,0.6800000190,0.6146667003,0.0800000095,0.0000000000,0.0000000000,0.0000000000
2026-09-14 18:38:49,0.3597333192,4907.3334960937,21.1333332061,0.6666666984,0.0779999971,7.5333333015,66.5866622924,66.5866622924,66.5866622924,3.4000000953,1.3733333349,0.6800000190,0.6133333206,0.0800000095,0.0000000000,0.0000000000,0.0000000000
2026-09-14 18:44:43,0.3596569538,7723.2666015625,31.1333332061,38.2000007629,0.1033333301,12.0666666030,133.1600036621,133.1600036621,133.1600036621,6.7333331108,2.7266666889,1.3200000524,1.2053332328,0.1600000143,0.0000000000,0.0000000000,0.0000000000
2026-09-14 18:50:36,0.3599908113,3900.3332519531,63.8666648864,2.4666666984,0.1879999923,13.4666662216,199.7200012207,199.7200012207,199.7200012207,10.3999996185,3.9533333778,1.9800000190,1.8073331832,0.2400000095,0.0000000000,0.0000000000,0.0000000000
2026-09-14 18:56:30,0.3605761766,3031.4665527343,61.5999984741,48.2000007629,0.2186666488,8.0666666030,199.7200012207,199.7200012207,199.7200012207,10.6666669845,3.8666666030,1.9533332824,1.7999999523,0.2400000095,0.0000000000,0.0000000000,0.0000000000
2026-09-14 19:02:23,0.3609725475,2624.4665527343,62.1333351135,24.7333335876,0.1033333301,4.2666668891,199.7200012207,199.7200012207,199.7200012207,10.7333335876,3.8133337020,1.9333333015,1.7839999198,0.2400000095,0.0000000000,0.0000000000,0.0000000000
2026-09-14 19:08:16,0.3612713575,2301.3332519531,61.5999984741,24.3999996185,0.1199999923,3.9333333969,199.7200012207,199.7200012207,199.7200012207,11.1999998092,3.7066664695,1.9400001525,1.7933332920,0.2400000095,0.0000000000,0.0000000000,0.0000000000
2026-09-14 19:14:07,0.3616228580,1751.2667236328,73.0000000000,19.0000000000,0.1126666784,4.9333333969,332.8600158691,332.8600158691,332.8600158691,19.2000007629,6.0733332633,3.2533333301,3.0039999485,0.4000000000,0.0000000000,0.0000000000,0.0000000000
2026-09-14 19:19:58,0.3618783473,1198.2667236328,87.8666687011,33.7999992370,0.0513333320,3.7999999523,332.9066772460,332.9066772460,332.9066772460,19.2666664123,5.9666671752,3.2000002861,2.9780001640,0.4000000000,0.0000000000,0.0000000000,0.0000000000
2026-09-14 19:25:49,0.3622406482,824.0666503906,53.1333351135,23.1333332061,0.1953333091,3.1333334445,332.9066772460,332.9066772460,332.9066772460,19.9333324432,5.8266668319,3.2200002670,2.9980001449,0.4000000000,0.0000000000,0.0000000000,0.0000000000
2026-09-14 19:31:39,0.3624499082,487.7999877929,106.7333297729,32.2666664123,0.2193333387,2.3333332538,399.4866638183,399.4866638183,399.4866638183,24.3999996185,6.8133335113,3.8333332061,3.5766668319,0.4799999713,0.0000000000,0.0000000000,0.0000000000
2026-09-14 19:37:28,0.3618904590,239.8000030517,110.4666671752,36.0666656494,0.1653333187,1.2000000476,399.4933471679,399.4933471679,399.4933471679,24.7333335876,6.7266674041,3.8133330345,3.5700001716,0.4799999713,0.0000000000,0.0000000000,0.0000000000
2026-09-14 19:43:18,0.3623031616,106.1999969482,73.3333358764,22.8666667938,0.2786666393,0.8000000000,399.4866943359,399.4866943359,399.4866943359,25.2666664123,6.6066665649,3.8333334922,3.5846667289,0.4799999713,0.0000000000,0.0000000000,0.0000000000
2026-09-14 19:49:09,0.3624074935,36.7333335876,84.7333297729,54.7333335876,0.2766666412,0.6666666984,332.9133605957,332.9133605957,332.9133605957,21.1333332061,5.4200000762,3.1400001049,2.9579999923,0.4000000000,0.0000000000,0.0000000000,0.0000000000
2026-09-14 19:55:00,0.3624453306,11.3333330154,89.5333328247,35.4666671752,0.0959999847,0.5333333492,332.9333190917,332.9333190917,332.9333190917,21.1333332061,5.3800001144,3.0800001621,2.9279999732,0.4000000000,0.0000000000,0.0000000000,0.0000000000
2026-09-14 20:00:51,0.3626494884,3.5333333015,93.4000015258,39.4000015258,0.0900000000,0.5333333492,332.9666748046,332.9666748046,332.9666748046,21.1333332061,5.3200001716,3.0466663837,2.9033334732,0.4000000000,0.0000000000,0.0000000000,0.0000000000
2026-09-14 20:06:42,0.3626114368,1.0000000000,27.0000000000,44.9333343505,0.1180000066,0.8666666984,333.0266723632,333.0266723632,333.0266723632,20.8666667938,5.3000001907,2.9533336639,2.8486666679,0.4000000000,0.0000000000,0.0000000000,0.0000000000
2026-09-14 20:12:31,0.3627347707,0.3333333492,118.1333312988,43.7333335876,0.1279999971,0.9333333015,399.6333312988,399.6333312988,399.6333312988,25.2000007629,6.3066663742,3.5533335208,3.4273333549,0.4799999713,0.0000000000,0.0000000000,0.0000000000
