2026-10-03 16:15:53,0.3584593534,384.0000000000,124.8666687011,126.2666702270,1.1226667165,387.7333374023,935.2000122070,935.2000122070,935.2000122070,38.7333335876,16.8466682434,4.5666666030,6.0360007286,1.1200000047,0.0000000000,0.0000000000,0.0000000000
2026-10-03 16:21:27,0.3584094524,384.0000000000,73.0666656494,122.5333328247,2.2260000705,373.7999877929,935.1134033203,935.1134033203,935.1134033203,38.5333328247,16.5000000000,4.1933336257,5.8819994926,1.1200000047,0.0000000000,0.0000000000,0.0000000000
2026-10-03 16:27:02,0.3587193012,384.0000000000,63.6666679382,113.1333312988,1.6546668052,359.1333312988,935.1134033203,935.1134033203,935.1134033203,39.1333351135,16.1066665649,4.0933332443,5.8420004844,1.1200000047,0.0000000000,0.0000000000,0.0000000000
2026-10-03 16:32:36,0.3586797475,384.0000000000,78.9333343505,128.4666595458,1.5480000972,344.7999877929,935.1134033203,935.1134033203,935.1134033203,38.4000015258,16.2933368682,3.9800000190,5.7866668701,1.1200000047,0.0000000000,0.0000000000,0.0000000000
2026-10-03 16:38:10,0.3585063934,384.0000000000,94.1999969482,143.6666717529,1.4179999828,328.4666748046,935.0800781250,935.0800781250,935.0800781250,37.4000015258,16.5266666412,3.8866667747,5.7473330497,1.1200000047,0.0000000000,0.0000000000,0.0000000000
2026-10-03 16:43:45,0.3585978984,384.0000000000,69.9333343505,119.4000015258,1.2979998588,314.6000061035,935.0467529296,935.0467529296,935.0467529296,37.6666679382,16.1000003814,3.5666668415,5.6179995536,1.1200000047,0.0000000000,0.0000000000,0.0000000000
2026-10-03 16:49:19,0.3585847377,384.0000000000,62.7333335876,112.1999969482,1.2693332433,299.5333251953,935.0599975585,935.0599975585,935.0599975585,38.3333320617,16.4666671752,4.0666666030,5.8226656913,1.1200000047,0.0000000000,0.0000000000,0.0000000000
2026-10-03 16:54:53,0.3578475713,384.0000000000,67.2666702270,116.6666641235,1.4893333911,283.5333251953,934.9999389648,934.9999389648,934.9999389648,38.2000007629,16.2599983215,3.8600001335,5.7393331527,1.1200000047,0.0000000000,0.0000000000,0.0000000000
2026-10-03 17:00:28,0.3579827547,384.0000000000,80.4666671752,130.0000000000,1.6093332767,268.5333251953,934.9266967773,934.9266967773,934.9266967773,36.4666671752,16.0600013732,3.0800001621,5.4160003662,1.1200000047,0.0000000000,0.0000000000,0.0000000000
2026-10-03 17:06:02,0.3581264257,384.0000000000,65.8000030517,115.2666702270,1.1953333663,253.4666595458,934.9267578125,934.9267578125,934.9267578125,37.1333351135,15.9933338165,3.2466669082,5.4893336296,1.1200000047,0.0000000000,0.0000000000,0.0000000000
2026-10-03 17:11:36,0.3580431461,384.0000000000,70.3333358764,119.8000030517,1.8973332405,238.9333343505,934.9800415039,934.9800415039,934.9800415039,35.6666679382,15.7266683578,2.4866666793,5.1786665916,1.1200000047,0.0000000000,0.0000000000,0.0000000000
2026-10-03 17:17:10,0.3583235740,384.0000000000,78.3333358764,127.8000030517,0.8926667213,222.4666595458,934.9666748046,934.9666748046,934.9666748046,38.4000015258,15.9866676330,3.6666667461,5.6640005111,1.1200000047,0.0000000000,0.0000000000,0.0000000000
2026-10-03 17:22:45,0.3582627534,384.0000000000,71.3333358764,120.8000030517,1.3333332538,206.3333282470,934.8998413085,934.8998413085,934.8998413085,37.7999992370,16.1599998474,3.6533331871,5.6613335609,1.1200000047,0.0000000000,0.0000000000,0.0000000000
2026-10-03 17:28:19,0.3583990573,384.0000000000,94.4666671752,143.9333343505,1.2926666736,192.3333282470,934.7999267578,934.7999267578,934.7999267578,37.1333351135,15.6066675186,2.8533332824,5.3373327255,1.1200000047,0.0000000000,0.0000000000,0.0000000000
2026-10-03 17:33:53,0.3584826231,384.0000000000,70.3333358764,119.8000030517,1.6340002059,178.0000000000,934.7266845703,934.7266845703,934.7266845703,36.4666671752,15.4133319854,2.5200002193,5.2053332328,1.1200000047,0.0000000000,0.0000000000,0.0000000000
2026-10-03 17:39:28,0.3587354660,384.0000000000,94.5333328247,96.0000000000,1.6626665592,162.7333374023,934.6800537109,934.6800537109,934.6800537109,37.7333335876,15.2466669082,2.8333334922,5.3299999237,1.1200000047,0.0000000000,0.0000000000,0.0000000000
2026-10-03 17:45:01,0.3587531566,384.0000000000,91.6666641235,117.1333312988,1.3439999818,147.2666625976,934.6334228515,934.6334228515,934.6334228515,37.2000007629,15.2133350372,2.6466667652,5.2566657066,1.1200000047,0.0000000000,0.0000000000,0.0000000000
2026-10-03 17:50:36,0.3590064287,398.2000122070,60.3333320617,109.8000030517,1.6839999198,133.7333374023,934.5933837890,934.5933837890,934.5933837890,38.6666679382,15.0666675567,2.9466667175,5.3760004043,1.1200000047,0.0000000000,0.0000000000,0.0000000000
2026-10-03 17:56:31,0.3591123104,526.0666503906,0.0000000000,0.0000000000,0.0000000000,0.0000000000,0.0000000000,0.0000000000,0.0000000000,0.0000000000,0.0000000000,0.0000000000,0.0000000000,0.0000000000,0.0000000000,0.0000000000,0.0000000000
2026-10-03 18:02:26,0.3598613977,772.3333129882,7.0666666030,10.6000003814,0.0719999980,7.9333333969,66.7533340454,66.7533340454,66.7533340454,2.6666667461,1.0466666221,0.1533333301,0.3613333463,0.0800000095,0.0000000000,0.0000000000,0.0000000000
2026-10-03 18:08:22,0.3607290983,5018.3334960937,6.0666666030,9.6000003814,0.0573333311,6.8666667938,66.7533340454,66.7533340454,66.7533340454,2.7999999523,1.0466666221,0.1933333396,0.3766666650,0.0800000095,0.0000000000,0.0000000000,0.0000000000
2026-10-03 18:14:17,0.3609389066,3727.6000976562,5.1333332061,8.6666669845,0.0906666660,5.8000001907,66.7600021362,66.7600021362,66.7600021362,2.7999999523,1.0333333015,0.1866666698,0.3746666669,0.0800000095,0.0000000000,0.0000000000,0.0000000000
2026-10-03 18:20:11,0.3614235162,3270.1333007812,9.8000001907,16.8666667938,0.3806666851,8.6666669845,133.5000000000,133.5000000000,133.5000000000,5.6666665077,2.0333333015,0.3466666936,0.7426666259,0.1600000143,0.0000000000,0.0000000000,0.0000000000
2026-10-03 18:26:06,0.3616950988,2854.3332519531,12.2666664123,19.4666671752,0.1753333187,2.5999999046,133.4933319091,133.4933319091,133.4933319091,5.9333333969,1.9733333587,0.4000000000,0.7646666049,0.1600000143,0.0000000000,0.0000000000,0.0000000000
2026-10-03 18:31:59,0.3619338035,2430.5334472656,13.6000003814,24.3999996185,0.2453333377,3.5333333015,200.2400054931,200.2400054931,200.2400054931,9.1999998092,2.9133334159,0.6400000572,1.1639999151,0.2400000095,0.0000000000,0.0000000000,0.0000000000
2026-10-03 18:37:52,0.3621446847,1990.8666992187,11.2666664123,22.0666675567,0.3426666498,3.0000000000,200.2266693115,200.2266693115,200.2266693115,9.5333337783,2.8600001335,0.7000000000,1.1886667060,0.2400000095,0.0000000000,0.0000000000,0.0000000000
2026-10-03 18:43:46,0.3622876167,1539.1999511718,8.1999998092,19.0000000000,0.2226666450,2.4666666984,200.2266693115,200.2266693115,200.2266693115,9.3999996185,2.8133333206,0.6199999809,1.1566665172,0.2400000095,0.0000000000,0.0000000000,0.0000000000
2026-10-03 18:49:39,0.3624075412,1095.2667236328,14.3333330154,25.1333332061,0.1906666660,1.7999999523,200.1999969482,200.1999969482,200.1999969482,9.8666667938,2.7733335494,0.7066667079,1.1933332633,0.2400000095,0.0000000000,0.0000000000,0.0000000000
2026-10-03 18:55:31,0.3626370668,700.1333618164,51.5333328247,17.7333335876,0.1866666793,1.3999999809,266.9333190917,266.9333190917,266.9333190917,13.6000003814,3.6066668033,0.9733333587,1.6060000419,0.3200000286,0.0000000000,0.0000000000,0.0000000000
2026-10-03 19:01:23,0.3630100488,395.0000000000,36.8666648864,27.2666664123,0.2273333311,0.9333333015,266.9333190917,266.9333190917,266.9333190917,13.9333333969,3.5333333015,0.9933334350,1.6186665534,0.3200000286,0.0000000000,0.0000000000,0.0000000000
2026-10-03 19:07:16,0.3630396366,190.3333282470,15.5333337783,29.8666667938,0.1726666831,0.7333333492,266.9600219726,266.9600219726,266.9600219726,13.8000001907,3.5199999809,0.9666666030,1.6026667594,0.3200000286,0.0000000000,0.0000000000,0.0000000000
2026-10-03 19:13:09,0.3632161855,73.6666641235,48.1333351135,10.9333333969,0.1846666526,0.2000000000,200.2266693115,200.2266693115,200.2266693115,10.8000001907,2.5800001621,0.7733333587,1.2273333072,0.2400000095,0.0000000000,0.0000000000,0.0000000000
2026-10-03 19:19:01,0.3635039806,23.0000000000,69.1333312988,35.4666671752,0.0786666631,0.2000000000,266.9866638183,266.9866638183,266.9866638183,14.7333335876,3.3666665554,1.0800000381,1.6560000419,0.3200000286,0.0000000000,0.0000000000,0.0000000000
2026-10-03 19:24:54,0.3638851881,6.8000001907,6.8666667938,17.6666660308,0.1073333263,0.2000000000,200.2400054931,200.2400054931,200.2400054931,11.2666664123,2.4933333396,0.8266667366,1.2506667375,0.2400000095,0.0000000000,0.0000000000,0.0000000000
2026-10-03 19:30:47,0.3640306949,2.0666666030,6.7333331108,17.5333328247,0.1593333244,0.2000000000,200.2466583251,200.2466583251,200.2466583251,11.5333337783,2.4533333778,0.8400000572,1.2593332529,0.2400000095,0.0000000000,0.0000000000,0.0000000000
2026-10-03 19:36:39,0.3641105890,0.6000000000,12.2666664123,26.6000003814,0.2013333320,0.3333333492,267.0066528320,267.0066528320,267.0066528320,15.5333337783,3.2466666698,1.1533334255,1.6940000057,0.3200000286,0.0000000000,0.0000000000,0.0000000000
2026-10-03 19:42:30,0.3640597105,0.1333333373,20.4666671752,38.2000007629,0.3953333377,0.5333333492,333.7799987792,333.7799987792,333.7799987792,19.4666671752,4.0666666030,1.4666666984,2.1239998340,0.4000000000,0.0000000000,0.0000000000,0.0000000000
2026-10-03 19:48:22,0.3639496326,0.0000000000,18.2000007629,36.2000007629,0.4180000305,0.6000000000,333.7733459472,333.7733459472,333.7733459472,19.6666660308,4.1066670417,1.5466667175,2.1646666526,0.4000000000,0.0000000000,0.0000000000,0.0000000000
2026-10-03 19:54:14,0.3640048980,0.0000000000,18.9333324432,33.3333320617,0.3073333263,0.3333333492,267.0133361816,267.0133361816,267.0133361816,16.0666675567,3.2933335304,1.3266665935,1.7666666507,0.3200000286,0.0000000000,0.0000000000,0.0000000000
2026-10-03 20:00:07,0.3640542984,0.0000000000,12.9333333969,23.7333335876,0.2546666622,0.2000000000,200.2666625976,200.2666625976,200.2666625976,12.1999998092,2.4800000190,1.0333333015,1.3426666259,0.2400000095,0.0000000000,0.0000000000,0.0000000000
2026-10-03 20:05:59,0.3642663717,0.0000000000,12.8666667938,27.2666664123,0.2379999637,0.0000000000,267.0000000000,267.0000000000,267.0000000000,16.4666671752,3.2666666507,1.4066666603,1.8059999465,0.3200000286,0.0000000000,0.0000000000,0.0000000000
2026-10-03 20:11:51,0.3646857261,0.0000000000,20.7333335876,35.0666656494,0.2119999885,0.0000000000,267.0199890136,267.0199890136,267.0199890136,16.7333335876,3.2466664314,1.4199999809,1.8153332710,0.3200000286,0.0000000000,0.0000000000,0.0000000000
2026-10-03 20:17:43,0.3648808956,0.0000000000,19.7333335876,34.1333351135,0.2919999599,0.0666666698,266.9933166503,266.9933166503,266.9933166503,16.9333324432,3.2066664695,1.4266666412,1.8226666450,0.3200000286,0.0000000000,0.0000000000,0.0000000000
2026-10-03 20:23:35,0.3648944854,0.0000000000,14.7333335876,28.9333324432,0.2593333244,0.2000000000,266.9866638183,266.9866638183,266.9866638183,17.1333332061,3.1933333873,1.4733333587,1.8386667251,0.3200000286,0.0000000000,0.0000000000,0.0000000000
