2026-09-27 22:14:15,0.3605143785,0.0000000000,0.0000000000,0.0000000000,0.0000000000,0.0000000000,0.0000000000,0.0000000000,0.0000000000,0.0000000000,0.0000000000,0.0000000000,0.0000000000,0.0000000000,0.0000000000,0.0000000000,0.0000000000
2026-09-27 22:19:48,0.3605784893,0.0000000000,0.0000000000,0.0000000000,0.0000000000,0.0000000000,0.0000000000,0.0000000000,0.0000000000,0.0000000000,0.0000000000,0.0000000000,0.0000000000,0.0000000000,0.0000000000,0.0000000000,0.0000000000
2026-09-27 22:25:22,0.3605594158,0.0000000000,0.0000000000,0.0000000000,0.0000000000,0.0000000000,0.0000000000,0.0000000000,0.0000000000,0.0000000000,0.0000000000,0.0000000000,0.0000000000,0.0000000000,0.0000000000,0.0000000000,0.0000000000
2026-09-27 22:30:56,0.3609496116,0.0000000000,0.0000000000,0.0000000000,0.0000000000,0.0000000000,0.0000000000,0.0000000000,0.0000000000,0.0000000000,0.0000000000,0.0000000000,0.0000000000,0.0000000000,0.0000000000,0.0000000000,0.0000000000
2026-09-27 22:36:31,0.3616165161,0.0000000000,0.0000000000,0.0000000000,0.0000000000,0.0000000000,0.0000000000,0.0000000000,0.0000000000,0.0000000000,0.0000000000,0.0000000000,0.0000000000,0.0000000000,0.0000000000,0.0000000000,0.0000000000
2026-09-27 22:42:05,0.3619946479,0.0000000000,0.0000000000,0.0000000000,0.0000000000,0.0000000000,0.0000000000,0.0000000000,0.0000000000,0.0000000000,0.0000000000,0.0000000000,0.0000000000,0.0000000000,0.0000000000,0.0000000000,0.0000000000
2026-09-27 22:47:39,0.3623732089,0.0000000000,0.0000000000,0.0000000000,0.0000000000,0.0000000000,0.0000000000,0.0000000000,0.0000000000,0.0000000000,0.0000000000,0.0000000000,0.0000000000,0.0000000000,0.0000000000,0.0000000000,0.0000000000
2026-09-27 22:53:14,0.3627214431,0.0000000000,0.0000000000,0.0000000000,0.0000000000,0.0000000000,0.0000000000,0.0000000000,0.0000000000,0.0000000000,0.0000000000,0.0000000000,0.0000000000,0.0000000000,0.0000000000,0.0000000000,0.0000000000
2026-09-27 22:58:48,0.3629827260,0.0000000000,0.0000000000,0.0000000000,0.0000000000,0.0000000000,0.0000000000,0.0000000000,0.0000000000,0.0000000000,0.0000000000,0.0000000000,0.0000000000,0.0000000000,0.0000000000,0.0000000000,0.0000000000
2026-09-27 23:04:22,0.3631551504,0.0000000000,0.0000000000,0.0000000000,0.0000000000,0.0000000000,0.0000000000,0.0000000000,0.0000000000,0.0000000000,0.0000000000,0.0000000000,0.0000000000,0.0000000000,0.0000000000,0.0000000000,0.0000000000
2026-09-27 23:09:57,0.3636800289,0.0000000000,0.0000000000,0.0000000000,0.0000000000,0.0000000000,0.0000000000,0.0000000000,0.0000000000,0.0000000000,0.0000000000,0.0000000000,0.0000000000,0.0000000000,0.0000000000,0.0000000000,0.0000000000
2026-09-27 23:15:31,0.3648339748,0.0000000000,0.0000000000,0.0000000000,0.0000000000,0.0000000000,0.0000000000,0.0000000000,0.0000000000,0.0000000000,0.0000000000,0.0000000000,0.0000000000,0.0000000000,0.0000000000,0.0000000000,0.0000000000
2026-09-27 23:21:06,0.3648510456,0.0000000000,0.0000000000,0.0000000000,0.0000000000,0.0000000000,0.0000000000,0.0000000000,0.0000000000,0.0000000000,0.0000000000,0.0000000000,0.0000000000,0.0000000000,0.0000000000,0.0000000000,0.0000000000
2026-09-27 23:26:40,0.3649117708,0.0000000000,0.0000000000,0.0000000000,0.0000000000,0.0000000000,0.0000000000,0.0000000000,0.0000000000,0.0000000000,0.0000000000,0.0000000000,0.0000000000,0.0000000000,0.0000000000,0.0000000000,0.0000000000
2026-09-27 23:32:15,0.3649890184,0.0000000000,0.0000000000,0.0000000000,0.0000000000,0.0000000000,0.0000000000,0.0000000000,0.0000000000,0.0000000000,0.0000000000,0.0000000000,0.0000000000,0.0000000000,0.0000000000,0.0000000000,0.0000000000
2026-09-27 23:37:49,0.3650994062,0.0000000000,0.0000000000,0.0000000000,0.0000000000,0.0000000000,0.0000000000,0.0000000000,0.0000000000,0.0000000000,0.0000000000,0.0000000000,0.0000000000,0.0000000000,0.0000000000,0.0000000000,0.0000000000
2026-09-27 23:43:23,0.3650791406,0.0000000000,0.0000000000,0.0000000000,0.0000000000,0.0000000000,0.0000000000,0.0000000000,0.0000000000,0.0000000000,0.0000000000,0.0000000000,0.0000000000,0.0000000000,0.0000000000,0.0000000000,0.0000000000
2026-09-27 23:48:56,0.3651062488,0.0000000000,0.0000000000,0.0000000000,0.0000000000,0.0000000000,0.0000000000,0.0000000000,0.0000000000,0.0000000000,0.0000000000,0.0000000000,0.0000000000,0.0000000000,0.0000000000,0.0000000000,0.0000000000
2026-09-27 23:54:51,0.3651988029,0.0000000000,0.0000000000,0.0000000000,0.0000000000,0.0000000000,0.0000000000,0.0000000000,0.0000000000,0.0000000000,0.0000000000,0.0000000000,0.0000000000,0.0000000000,0.0000000000,0.0000000000,0.0000000000
2026-09-28 00:00:46,0.3651957511,0.0000000000,5.3333334922,8.9333333969,0.0566666650,0.0666666698,66.0600051879,66.0600051879,66.0600051879,5.1999998092,1.1000000238,0.8466666221,0.7346666336,0.0800000095,0.0000000000,0.0000000000,0.0000000000
2026-09-28 00:06:42,0.3652477741,0.0000000000,5.2666668891,8.8000001907,0.0346666622,0.0000000000,66.0600051879,66.0600051879,66.0600051879,5.1999998092,1.1066666841,0.8533333778,0.7386666297,0.0800000095,0.0000000000,0.0000000000,0.0000000000
2026-09-28 00:12:37,0.3652721881,0.0000000000,4.1333332061,7.6666665077,0.0719999980,0.0666666698,66.0600051879,66.0600051879,66.0600051879,5.1999998092,1.1066666841,0.8533333778,0.7406666278,0.0800000095,0.0000000000,0.0000000000,0.0000000000
2026-09-28 00:18:33,0.3653106212,0.0000000000,4.0000000000,7.5999999046,0.0219999980,0.0000000000,66.0533294677,66.0533294677,66.0533294677,5.1999998092,1.1000000238,0.8533333778,0.7413332939,0.0800000095,0.0000000000,0.0000000000,0.0000000000
2026-09-28 00:24:28,0.3652692079,0.0000000000,5.2666668891,8.8666667938,0.0533333301,0.0666666698,66.0533294677,66.0533294677,66.0533294677,5.1999998092,1.1000000238,0.8533333778,0.7406666278,0.0800000095,0.0000000000,0.0000000000,0.0000000000
2026-09-28 00:30:23,0.3653377532,0.0000000000,25.6000003814,8.6666669845,0.0853333377,0.0666666698,132.1133270263,132.1133270263,132.1133270263,10.3999996185,2.2066664695,1.7133333683,1.4819999694,0.1600000143,0.0000000000,0.0000000000,0.0000000000
2026-09-28 00:36:17,0.3653682231,0.2666666746,37.0666656494,44.1333351135,0.0413333320,0.0000000000,132.1000061035,132.1000061035,132.1000061035,10.3999996185,2.2066664695,1.7066667079,1.4806666374,0.1600000143,0.0000000000,0.0000000000,0.0000000000
2026-09-28 00:42:11,0.3652669429,0.0000000000,23.0000000000,30.2000007629,0.0199999990,0.0666666698,132.1000061035,132.1000061035,132.1000061035,10.3333330154,2.2133333683,1.7000000476,1.4733333587,0.1600000143,0.0000000000,0.0000000000,0.0000000000
2026-09-28 00:48:07,0.3652501106,0.0000000000,17.7333335876,21.2666664123,0.0086666660,0.0666666698,66.0400009155,66.0400009155,66.0400009155,5.1333332061,1.1066666841,0.8466666221,0.7360000133,0.0800000095,0.0000000000,0.0000000000,0.0000000000
2026-09-28 00:54:02,0.3652732133,0.0000000000,0.2000000000,3.7333333492,0.0433333349,0.0000000000,66.0400009155,66.0400009155,66.0400009155,5.1333332061,1.1000000238,0.8400000572,0.7299999713,0.0800000095,0.0000000000,0.0000000000,0.0000000000
2026-09-28 00:59:56,0.3653055429,0.0000000000,65.1333312988,3.7999999523,0.0500000000,0.0000000000,198.1133422851,198.1133422851,198.1133422851,15.3999996185,3.3133332729,2.5133333206,2.1833333969,0.2400000095,0.0000000000,0.0000000000,0.0000000000
2026-09-28 01:05:51,0.3653651475,0.0000000000,3.6666667461,7.2666668891,0.0133333325,0.0000000000,66.0466690063,66.0466690063,66.0466690063,5.1333332061,1.1000000238,0.8400000572,0.7273333072,0.0800000095,0.0000000000,0.0000000000,0.0000000000
2026-09-28 01:11:46,0.3653630733,0.0000000000,40.7999992370,23.9333324432,0.0346666622,0.0666666698,132.0666656494,132.0666656494,132.0666656494,10.2666664123,2.2000000476,1.6666666030,1.4519999027,0.1600000143,0.0000000000,0.0000000000,0.0000000000
2026-09-28 01:17:40,0.3653600454,0.0000000000,22.3333339691,5.5333333015,0.0339999961,0.0666666698,132.0666656494,132.0666656494,132.0666656494,10.2666664123,2.2000000476,1.6666666030,1.4519999027,0.1600000143,0.0000000000,0.0000000000,0.0000000000
2026-09-28 01:23:34,0.3653786659,0.0000000000,21.5333328247,4.7333331108,0.0946666622,0.0666666698,132.0666656494,132.0666656494,132.0666656494,10.2666664123,2.2000000476,1.6666666030,1.4513334274,0.1600000143,0.0000000000,0.0000000000,0.0000000000
2026-09-28 01:29:29,0.3653726577,0.0000000000,41.7999992370,1.0000000000,0.0766666650,0.1333333373,132.0599975585,132.0599975585,132.0599975585,10.2666664123,2.1933333873,1.6733334064,1.4539999961,0.1600000143,0.0000000000,0.0000000000,0.0000000000
2026-09-28 01:35:23,0.3653364419,0.0000000000,33.1333351135,16.2000007629,0.0500000000,0.0666666698,132.0533294677,132.0533294677,132.0533294677,10.2666664123,2.1866667270,1.6666666030,1.4500000476,0.1600000143,0.0000000000,0.0000000000,0.0000000000
2026-09-28 01:41:19,0.3646666049,0.0000000000,22.1333332061,1.6666666030,0.0413333320,0.0000000000,66.0266647338,66.0266647338,66.0266647338,5.1333332061,1.0933333587,0.8266667366,0.7213333129,0.0800000095,0.0000000000,0.0000000000,0.0000000000
2026-09-28 01:47:14,0.3647283554,0.0000000000,20.1333332061,23.6666660308,0.0339999961,0.0666666698,66.0266647338,66.0266647338,66.0266647338,5.1333332061,1.0933333587,0.8266667366,0.7213333129,0.0800000095,0.0000000000,0.0000000000,0.0000000000
2026-09-28 01:53:10,0.3648042678,0.0000000000,21.7999992370,1.3999999809,0.0199999990,0.0666666698,66.0199966430,66.0199966430,66.0199966430,5.1333332061,1.0933333587,0.8266667366,0.7226666927,0.0800000095,0.0000000000,0.0000000000,0.0000000000
2026-09-28 01:59:05,0.3649767398,0.0000000000,21.3999996185,1.0000000000,0.0506666660,0.0000000000,66.0199966430,66.0199966430,66.0199966430,5.1333332061,1.0866666984,0.8266667366,0.7226666927,0.0800000095,0.0000000000,0.0000000000,0.0000000000
2026-09-28 02:05:01,0.3653428316,0.1333333373,21.1333332061,0.7333333492,0.0206666660,0.0000000000,66.0199966430,66.0199966430,66.0199966430,5.1333332061,1.0866666984,0.8333333015,0.7239999771,0.0800000095,0.0000000000,0.0000000000,0.0000000000
2026-09-28 02:10:56,0.3655129909,0.0000000000,19.8666667938,23.3999996185,0.0353333330,0.0000000000,66.0199966430,66.0199966430,66.0199966430,5.1999998092,1.0800000381,0.8333333015,0.7239999771,0.0800000095,0.0000000000,0.0000000000,0.0000000000
2026-09-28 02:16:52,0.3655155897,0.0000000000,20.4666671752,0.0666666698,0.0293333320,0.0000000000,66.0199966430,66.0199966430,66.0199966430,5.1999998092,1.0800000381,0.8333333015,0.7239999771,0.0800000095,0.0000000000,0.0000000000,0.0000000000
2026-09-28 02:22:47,0.3652540683,0.0000000000,19.7999992370,23.3999996185,0.0559999990,0.0666666698,66.0266647338,66.0266647338,66.0266647338,5.1999998092,1.0733333826,0.8266667366,0.7220000267,0.0800000095,0.0000000000,0.0000000000,0.0000000000
2026-09-28 02:28:43,0.3648380756,0.0000000000,20.3999996185,23.9333324432,0.0453333330,0.0666666698,66.0266647338,66.0266647338,66.0266647338,5.1999998092,1.0733333826,0.8199999809,0.7159999847,0.0800000095,0.0000000000,0.0000000000,0.0000000000
2026-09-28 02:34:38,0.3643522262,0.0000000000,20.6000003814,0.1333333373,0.0966666603,0.0666666698,66.0266647338,66.0266647338,66.0266647338,4.8666667938,1.0733333826,0.7600000381,0.6746666431,0.0800000095,0.0000000000,0.0000000000,0.0000000000
2026-09-28 02:40:32,0.3641825199,0.0000000000,26.3333339691,9.4666662216,0.1593333244,0.1333333373,132.0466613769,132.0466613769,132.0466613769,9.5333337783,2.1600000858,1.4866665840,1.3273333311,0.1600000143,0.0000000000,0.0000000000,0.0000000000
2026-09-28 02:46:28,0.3639953374,0.0000000000,1.6666666030,5.2666668891,0.0206666660,0.0666666698,66.0199966430,66.0199966430,66.0199966430,4.6666665077,1.0866666984,0.7266666889,0.6539999961,0.0800000095,0.0000000000,0.0000000000,0.0000000000
2026-09-28 02:52:23,0.3639550447,0.0000000000,1.3333333730,4.8666667938,0.1299999952,0.0000000000,66.0199966430,66.0199966430,66.0199966430,4.6666665077,1.0866666984,0.7266666889,0.6519999980,0.0800000095,0.0000000000,0.0000000000,0.0000000000
2026-09-28 02:58:19,0.3639659404,0.0000000000,23.6666660308,3.2000000476,0.0299999980,0.0000000000,66.0133361816,66.0133361816,66.0133361816,4.6666665077,1.0933333587,0.7266666889,0.6519999980,0.0800000095,0.0000000000,0.0000000000,0.0000000000
2026-09-28 03:04:15,0.3653566360,0.0000000000,1.6666666030,5.1999998092,0.0466666650,0.0666666698,66.0066680908,66.0066680908,66.0066680908,4.5999999046,1.0933333587,0.7200000286,0.6486666202,0.0800000095,0.0000000000,0.0000000000,0.0000000000
2026-09-28 03:10:08,0.3653431415,0.0000000000,34.9333343505,18.0000000000,0.0320000028,0.0666666698,132.0200042724,132.0200042724,132.0200042724,9.3333330154,2.1866667270,1.4533333778,1.3046666383,0.1600000143,0.0000000000,0.0000000000,0.0000000000
2026-09-28 03:16:04,0.3652664422,0.0000000000,21.3999996185,0.9333333015,0.0273333311,0.0000000000,66.0066680908,66.0066680908,66.0066680908,4.6666665077,1.0933333587,0.7333333492,0.6579999923,0.0800000095,0.0000000000,0.0000000000,0.0000000000
2026-09-28 03:21:59,0.3652490139,0.0000000000,22.0666675567,1.6666666030,0.0306666660,0.0666666698,66.0066680908,66.0066680908,66.0066680908,4.6666665077,1.0933333587,0.7266666889,0.6546666622,0.0800000095,0.0000000000,0.0000000000,0.0000000000
2026-09-28 03:27:55,0.3652419090,0.0000000000,20.0666675567,23.6000003814,0.0379999995,0.0666666698,66.0066680908,66.0066680908,66.0066680908,4.6666665077,1.0866666984,0.7333333492,0.6586666584,0.0800000095,0.0000000000,0.0000000000,0.0000000000
2026-09-28 03:33:49,0.3651978015,0.0000000000,23.6666660308,6.7333331108,0.0786666631,0.0000000000,132.0266723632,132.0266723632,132.0266723632,9.4666662216,2.1733334064,1.4733333587,1.3186665773,0.1600000143,0.0000000000,0.0000000000,0.0000000000
2026-09-28 03:39:44,0.3651123285,0.0000000000,20.1333332061,23.6666660308,0.0586666631,0.0666666698,66.0133361816,66.0133361816,66.0133361816,4.7333331108,1.0800000381,0.7333333492,0.6560000419,0.0800000095,0.0000000000,0.0000000000,0.0000000000
2026-09-28 03:45:40,0.3649792432,0.0000000000,20.2000007629,23.7999992370,0.0246666669,0.0000000000,66.0133361816,66.0133361816,66.0133361816,4.7333331108,1.0800000381,0.7266666889,0.6533333778,0.0800000095,0.0000000000,0.0000000000,0.0000000000
2026-09-28 03:51:35,0.3649502277,0.1333333373,20.3999996185,23.9333324432,0.0293333320,0.0000000000,66.0133361816,66.0133361816,66.0133361816,4.6666665077,1.0733333826,0.7066667079,0.6420000076,0.0800000095,0.0000000000,0.0000000000,0.0000000000
2026-09-28 03:57:31,0.3649495601,0.2000000000,20.5333328247,0.1333333373,0.0326666641,0.0000000000,66.0133361816,66.0133361816,66.0133361816,4.6666665077,1.0666667222,0.7133333206,0.6440000057,0.0800000095,0.0000000000,0.0000000000,0.0000000000
2026-09-28 04:03:24,0.3649821281,0.1333333373,41.5999984741,24.7333335876,0.0759999990,0.0000000000,132.0200042724,132.0200042724,132.0200042724,9.3333330154,2.1133334636,1.4133334159,1.2786667346,0.1600000143,0.0000000000,0.0000000000,0.0000000000
