2026-09-26 16:13:57,0.3577894926,1210.0666503906,0.0000000000,0.0000000000,0.0000000000,0.0000000000,0.0000000000,0.0000000000,0.0000000000,0.0000000000,0.0000000000,0.0000000000,0.0000000000,0.0000000000,0.0000000000,0.0000000000,0.0000000000
2026-09-26 16:19:32,0.3578411579,1479.0666503906,0.0000000000,0.0000000000,0.0000000000,0.0000000000,0.0000000000,0.0000000000,0.0000000000,0.0000000000,0.0000000000,0.0000000000,0.0000000000,0.0000000000,0.0000000000,0.0000000000,0.0000000000
2026-09-26 16:25:07,0.3579961776,462.5333251953,0.0000000000,0.0000000000,0.0000000000,0.0000000000,0.0000000000,0.0000000000,0.0000000000,0.0000000000,0.0000000000,0.0000000000,0.0000000000,0.0000000000,0.0000000000,0.0000000000,0.0000000000
2026-09-26 16:30:41,0.3580384016,6227.7998046875,0.0000000000,0.0000000000,0.0000000000,0.0000000000,0.0000000000,0.0000000000,0.0000000000,0.0000000000,0.0000000000,0.0000000000,0.0000000000,0.0000000000,0.0000000000,0.0000000000,0.0000000000
2026-09-26 16:36:16,0.3583254814,13893.6669921875,0.0000000000,0.0000000000,0.0000000000,0.0000000000,0.0000000000,0.0000000000,0.0000000000,0.0000000000,0.0000000000,0.0000000000,0.0000000000,0.0000000000,0.0000000000,0.0000000000,0.0000000000
2026-09-26 16:41:50,0.3585367441,14048.5332031250,0.0000000000,0.0000000000,0.0000000000,0.0000000000,0.0000000000,0.0000000000,0.0000000000,0.0000000000,0.0000000000,0.0000000000,0.0000000000,0.0000000000,0.0000000000,0.0000000000,0.0000000000
2026-09-26 16:47:25,0.3585973978,12918.5332031250,0.0000000000,0.0000000000,0.0000000000,0.0000000000,0.0000000000,0.0000000000,0.0000000000,0.0000000000,0.0000000000,0.0000000000,0.0000000000,0.0000000000,0.0000000000,0.0000000000,0.0000000000
2026-09-26 16:53:00,0.3587298154,15371.2001953125,0.0000000000,0.0000000000,0.0000000000,0.0000000000,0.0000000000,0.0000000000,0.0000000000,0.0000000000,0.0000000000,0.0000000000,0.0000000000,0.0000000000,0.0000000000,0.0000000000,0.0000000000
2026-09-26 16:58:34,0.3587221145,16539.0000000000,0.0000000000,0.0000000000,0.0000000000,0.0000000000,0.0000000000,0.0000000000,0.0000000000,0.0000000000,0.0000000000,0.0000000000,0.0000000000,0.0000000000,0.0000000000,0.0000000000,0.0000000000
2026-09-26 17:04:09,0.3588243484,15505.0664062500,0.0000000000,0.0000000000,0.0000000000,0.0000000000,0.0000000000,0.0000000000,0.0000000000,0.0000000000,0.0000000000,0.0000000000,0.0000000000,0.0000000000,0.0000000000,0.0000000000,0.0000000000
2026-09-26 17:09:43,0.3588778018,15204.8662109375,0.0000000000,0.0000000000,0.0000000000,0.0000000000,0.0000000000,0.0000000000,0.0000000000,0.0000000000,0.0000000000,0.0000000000,0.0000000000,0.0000000000,0.0000000000,0.0000000000,0.0000000000
2026-09-26 17:15:18,0.3589218616,13493.0664062500,0.0000000000,0.0000000000,0.0000000000,0.0000000000,0.0000000000,0.0000000000,0.0000000000,0.0000000000,0.0000000000,0.0000000000,0.0000000000,0.0000000000,0.0000000000,0.0000000000,0.0000000000
2026-09-26 17:20:52,0.3590034246,12174.7333984375,0.0000000000,0.0000000000,0.0000000000,0.0000000000,0.0000000000,0.0000000000,0.0000000000,0.0000000000,0.0000000000,0.0000000000,0.0000000000,0.0000000000,0.0000000000,0.0000000000,0.0000000000
2026-09-26 17:26:27,0.3590929746,11003.7333984375,0.0000000000,0.0000000000,0.0000000000,0.0000000000,0.0000000000,0.0000000000,0.0000000000,0.0000000000,0.0000000000,0.0000000000,0.0000000000,0.0000000000,0.0000000000,0.0000000000,0.0000000000
2026-09-26 17:32:02,0.3591996669,10432.3330078125,0.0000000000,0.0000000000,0.0000000000,0.0000000000,0.0000000000,0.0000000000,0.0000000000,0.0000000000,0.0000000000,0.0000000000,0.0000000000,0.0000000000,0.0000000000,0.0000000000,0.0000000000
2026-09-26 17:37:36,0.3592357873,10044.6669921875,0.0000000000,0.0000000000,0.0000000000,0.0000000000,0.0000000000,0.0000000000,0.0000000000,0.0000000000,0.0000000000,0.0000000000,0.0000000000,0.0000000000,0.0000000000,0.0000000000,0.0000000000
2026-09-26 17:43:11,0.3593011140,9692.0000000000,0.0000000000,0.0000000000,0.0000000000,0.0000000000,0.0000000000,0.0000000000,0.0000000000,0.0000000000,0.0000000000,0.0000000000,0.0000000000,0.0000000000,0.0000000000,0.0000000000,0.0000000000
2026-09-26 17:48:45,0.3592934131,9284.4003906250,0.0000000000,0.0000000000,0.0000000000,0.0000000000,0.0000000000,0.0000000000,0.0000000000,0.0000000000,0.0000000000,0.0000000000,0.0000000000,0.0000000000,0.0000000000,0.0000000000,0.0000000000
2026-09-26 17:54:39,0.3593083620,8928.2001953125,0.0000000000,0.0000000000,0.0000000000,0.0000000000,0.0000000000,0.0000000000,0.0000000000,0.0000000000,0.0000000000,0.0000000000,0.0000000000,0.0000000000,0.0000000000,0.0000000000,0.0000000000
2026-09-26 18:00:34,0.3586775064,8076.0668945312,21.6000003814,1.1333333253,0.1166666626,5.9333333969,66.2933349609,66.2933349609,66.2933349609,3.0666666030,1.4133334159,0.6133333206,0.5726666927,0.0800000095,0.0000000000,0.0000000000,0.0000000000
2026-09-26 18:06:30,0.3587771654,7149.6000976562,23.7333335876,3.2666666507,0.0246666669,5.4666666984,66.2866668701,66.2866668701,66.2866668701,3.0666666030,1.4133334159,0.6133333206,0.5713333129,0.0800000095,0.0000000000,0.0000000000,0.0000000000
2026-09-26 18:12:25,0.3588471651,6363.8666992187,13.6666669845,17.2000007629,0.0226666665,4.9333333969,66.2799987792,66.2799987792,66.2799987792,3.0666666030,1.4066666603,0.6133333206,0.5726666927,0.0800000095,0.0000000000,0.0000000000,0.0000000000
2026-09-26 18:18:21,0.3589939117,5500.7998046875,20.6666660308,0.2000000000,0.0226666665,4.2666668891,66.2799987792,66.2799987792,66.2799987792,3.1333334445,1.3933333206,0.6266667366,0.5806666374,0.0800000095,0.0000000000,0.0000000000,0.0000000000
2026-09-26 18:24:16,0.3590837001,4690.1333007812,17.7999992370,21.3333339691,0.0713333225,3.6666667461,66.2733383178,66.2733383178,66.2733383178,3.0666666030,1.3866667747,0.6066666603,0.5686666488,0.0800000095,0.0000000000,0.0000000000,0.0000000000
2026-09-26 18:30:12,0.3592781066,3976.5334472656,21.8666667938,1.3999999809,0.0373333334,3.1333334445,66.2799987792,66.2799987792,66.2799987792,3.2666666507,1.3733333349,0.6400000572,0.5899999618,0.0800000095,0.0000000000,0.0000000000,0.0000000000
2026-09-26 18:36:07,0.3593595981,3281.1333007812,22.1333332061,1.6666666030,0.0226666665,2.6666667461,66.2866668701,66.2866668701,66.2866668701,3.2000000476,1.3600000143,0.6199999809,0.5766666412,0.0800000095,0.0000000000,0.0000000000,0.0000000000
2026-09-26 18:42:03,0.3595075368,2595.8000488281,22.0666675567,1.6000000000,0.0426666688,2.2000000476,66.2733383178,66.2733383178,66.2733383178,3.2000000476,1.3533333539,0.6133333206,0.5759999752,0.0800000095,0.0000000000,0.0000000000,0.0000000000
2026-09-26 18:47:58,0.3596992254,1933.1333007812,17.2666664123,20.7999992370,0.0286666660,1.7333333492,66.2799987792,66.2799987792,66.2799987792,3.2666666507,1.3466666936,0.6199999809,0.5780000209,0.0800000095,0.0000000000,0.0000000000,0.0000000000
2026-09-26 18:53:54,0.3599606037,1386.7332763671,16.6000003814,20.1333332061,0.0679999923,1.2000000476,66.2866668701,66.2866668701,66.2866668701,3.5333333015,1.3266665935,0.6800000190,0.6166666984,0.0800000095,0.0000000000,0.0000000000,0.0000000000
2026-09-26 18:59:48,0.3605157136,980.5333251953,42.5999984741,25.6666660308,0.0753333330,1.6000000000,132.5733337402,132.5733337402,132.5733337402,7.4000000953,2.6133334636,1.4066666603,1.2613333463,0.1600000143,0.0000000000,0.0000000000,0.0000000000
2026-09-26 19:05:41,0.3617668628,603.0666503906,56.7999992370,43.4000015258,0.3006666898,1.3333333730,198.8466644287,198.8466644287,198.8466644287,11.6000003814,3.8800003051,2.2066667079,1.9539999961,0.2400000095,0.0000000000,0.0000000000,0.0000000000
2026-09-26 19:11:35,0.3618620395,373.0000000000,49.3333320617,59.9333343505,0.2406666517,1.0000000000,198.8533325195,198.8533325195,198.8533325195,11.9333333969,3.8399999618,2.2599999904,1.9906667709,0.2400000095,0.0000000000,0.0000000000,0.0000000000
2026-09-26 19:17:28,0.3619830131,186.3999938964,54.7999992370,41.4000015258,0.2699999809,1.1333333253,198.8533325195,198.8533325195,198.8533325195,12.0000000000,3.7800002098,2.2133333683,1.9639999389,0.2400000095,0.0000000000,0.0000000000,0.0000000000
2026-09-26 19:23:22,0.3620333671,65.5333328247,30.3333339691,37.4666671752,0.0726666545,0.4000000000,132.5733337402,132.5733337402,132.5733337402,8.0666666030,2.4866669178,1.4666666984,1.3013333082,0.1600000143,0.0000000000,0.0000000000,0.0000000000
2026-09-26 19:29:16,0.3621281385,24.6000003814,56.2000007629,42.9333343505,0.4339999675,0.0666666698,198.8600006103,198.8600006103,198.8600006103,12.2666664123,3.6800003051,2.1800000667,1.9466666221,0.2400000095,0.0000000000,0.0000000000,0.0000000000
2026-09-26 19:35:08,0.3621939182,6.3333334922,76.5999984741,91.0000000000,0.2253333091,0.0666666698,265.1400146484,265.1400146484,265.1400146484,16.5333328247,4.8466663360,2.9066667556,2.5933334827,0.3200000286,0.0000000000,0.0000000000,0.0000000000
2026-09-26 19:41:00,0.3623076677,2.1333334445,83.8000030517,26.1333332061,0.2446666717,0.1333333373,265.1466674804,265.1466674804,265.1466674804,16.7333335876,4.8000001907,2.8933334350,2.5886664390,0.3200000286,0.0000000000,0.0000000000,0.0000000000
2026-09-26 19:46:52,0.3624114036,0.5333333492,75.5333328247,65.9333343505,0.4779999732,0.0666666698,265.1266479492,265.1266479492,265.1266479492,16.9333324432,4.7466664314,2.8933334350,2.5899999141,0.3200000286,0.0000000000,0.0000000000,0.0000000000
2026-09-26 19:52:44,0.3624771833,0.0666666698,74.5333328247,88.8666687011,0.3833333206,0.2666666746,265.1266479492,265.1266479492,265.1266479492,17.0666675567,4.7200002670,2.8800001144,2.5866665840,0.3200000286,0.0000000000,0.0000000000,0.0000000000
2026-09-26 19:58:37,0.3625208854,0.0000000000,59.4000015258,46.0000000000,0.1013333320,0.2000000000,198.8400115966,198.8400115966,198.8400115966,12.8000001907,3.5266668796,2.1666667461,1.9399999618,0.2400000095,0.0000000000,0.0000000000,0.0000000000
2026-09-26 20:04:32,0.3625921964,0.0000000000,40.5999984741,23.7999992370,0.2279999971,0.0666666698,132.5599975585,132.5599975585,132.5599975585,8.5333337783,2.3266668319,1.4266666412,1.2853332710,0.1600000143,0.0000000000,0.0000000000,0.0000000000
2026-09-26 20:10:26,0.3626724481,0.0000000000,36.0666656494,43.1333351135,0.1079999923,0.0666666698,132.5533294677,132.5533294677,132.5533294677,8.5333337783,2.3066668510,1.4266666412,1.2813333320,0.1600000143,0.0000000000,0.0000000000,0.0000000000
2026-09-26 20:16:20,0.3627377986,0.0000000000,43.3333320617,2.4000000953,0.2919999599,0.0666666698,132.5599975585,132.5599975585,132.5599975585,8.6666669845,2.2999999523,1.4133334159,1.2773333787,0.1600000143,0.0000000000,0.0000000000,0.0000000000
2026-09-26 20:22:12,0.3627995967,0.0000000000,77.4000015258,67.5333328247,0.4353333473,0.2666666746,265.1466674804,265.1466674804,265.1466674804,17.3333339691,4.5666666030,2.7933335304,2.5346667766,0.3200000286,0.0000000000,0.0000000000,0.0000000000
2026-09-26 20:28:06,0.3629407882,0.0000000000,55.5999984741,42.2000007629,0.2266666650,0.0000000000,198.8733367919,198.8733367919,198.8733367919,13.0000000000,3.3866667747,2.0666666030,1.8833333015,0.2400000095,0.0000000000,0.0000000000,0.0000000000
2026-09-26 20:33:59,0.3630946636,0.0000000000,43.4666671752,30.0666675567,0.2566666603,0.0666666698,198.8733367919,198.8733367919,198.8733367919,13.0000000000,3.3600001335,2.0399999618,1.8666666984,0.2400000095,0.0000000000,0.0000000000,0.0000000000
2026-09-26 20:39:52,0.3631730556,0.0000000000,58.6666679382,69.3333358764,0.1679999923,0.1333333373,198.9133453369,198.9133453369,198.9133453369,13.0000000000,3.3333332538,2.0266666412,1.8579998970,0.2400000095,0.0000000000,0.0000000000,0.0000000000
2026-09-26 20:45:46,0.3634047508,0.0000000000,37.4666671752,44.5333328247,0.1559999942,0.1333333373,132.6133422851,132.6133422851,132.6133422851,8.7333335876,2.2000000476,1.3466666936,1.2353332042,0.1600000143,0.0000000000,0.0000000000,0.0000000000
2026-09-26 20:51:40,0.3634337425,0.0000000000,53.2000007629,63.9333343505,0.2980000019,0.1333333373,198.9333343505,198.9333343505,198.9333343505,13.1999998092,3.2733333110,2.0199999809,1.8560000419,0.2400000095,0.0000000000,0.0000000000,0.0000000000
2026-09-26 20:57:33,0.3636157035,0.0000000000,54.9333343505,41.5999984741,0.1553333282,0.1333333373,198.9400024414,198.9400024414,198.9400024414,13.3999996185,3.2333333492,2.0199999809,1.8613333702,0.2400000095,0.0000000000,0.0000000000,0.0000000000
2026-09-26 21:03:26,0.3637741804,0.0000000000,59.0666656494,45.7999992370,0.1846666526,0.0000000000,198.9400024414,198.9400024414,198.9400024414,13.5333337783,3.2133333683,2.0266666412,1.8626666069,0.2400000095,0.0000000000,0.0000000000,0.0000000000
2026-09-26 21:09:19,0.3640801429,0.0000000000,60.5333328247,47.2666664123,0.1379999995,0.0000000000,198.9466705322,198.9466705322,198.9466705322,13.6000003814,3.1800000667,2.0199999809,1.8626667022,0.2400000095,0.0000000000,0.0000000000,0.0000000000
2026-09-26 21:15:13,0.3641856193,0.0000000000,61.2000007629,24.0000000000,0.1093333244,0.2000000000,198.9533386230,198.9533386230,198.9533386230,13.7333335876,3.1600000858,2.0266668796,1.8653333663,0.2400000095,0.0000000000,0.0000000000,0.0000000000
