2026-10-07 16:16:59,0.3577538728,384.0000000000,0.0000000000,0.0000000000,0.0000000000,0.0000000000,0.0000000000,0.0000000000,0.0000000000,0.0000000000,0.0000000000,0.0000000000,0.0000000000,0.0000000000,0.0000000000,0.0000000000,0.0000000000
2026-10-07 16:22:34,0.3578672409,1334.0000000000,0.0000000000,0.0000000000,0.0000000000,0.0000000000,0.0000000000,0.0000000000,0.0000000000,0.0000000000,0.0000000000,0.0000000000,0.0000000000,0.0000000000,0.0000000000,0.0000000000,0.0000000000
2026-10-07 16:28:08,0.3579730987,384.0000000000,0.0000000000,0.0000000000,0.0000000000,0.0000000000,0.0000000000,0.0000000000,0.0000000000,0.0000000000,0.0000000000,0.0000000000,0.0000000000,0.0000000000,0.0000000000,0.0000000000,0.0000000000
2026-10-07 16:33:43,0.3579718828,384.0000000000,0.0000000000,0.0000000000,0.0000000000,0.0000000000,0.0000000000,0.0000000000,0.0000000000,0.0000000000,0.0000000000,0.0000000000,0.0000000000,0.0000000000,0.0000000000,0.0000000000,0.0000000000
2026-10-07 16:39:17,0.3580240726,1407.6666259765,0.0000000000,0.0000000000,0.0000000000,0.0000000000,0.0000000000,0.0000000000,0.0000000000,0.0000000000,0.0000000000,0.0000000000,0.0000000000,0.0000000000,0.0000000000,0.0000000000,0.0000000000
2026-10-07 16:44:52,0.3583219528,3332.0000000000,0.0000000000,0.0000000000,0.0000000000,0.0000000000,0.0000000000,0.0000000000,0.0000000000,0.0000000000,0.0000000000,0.0000000000,0.0000000000,0.0000000000,0.0000000000,0.0000000000,0.0000000000
2026-10-07 16:50:27,0.3583795785,12187.1337890625,0.0000000000,0.0000000000,0.0000000000,0.0000000000,0.0000000000,0.0000000000,0.0000000000,0.0000000000,0.0000000000,0.0000000000,0.0000000000,0.0000000000,0.0000000000,0.0000000000,0.0000000000
2026-10-07 16:56:01,0.3588887691,11822.1337890625,0.0000000000,0.0000000000,0.0000000000,0.0000000000,0.0000000000,0.0000000000,0.0000000000,0.0000000000,0.0000000000,0.0000000000,0.0000000000,0.0000000000,0.0000000000,0.0000000000,0.0000000000
2026-10-07 17:01:36,0.3588996410,8219.4003906250,0.0000000000,0.0000000000,0.0000000000,0.0000000000,0.0000000000,0.0000000000,0.0000000000,0.0000000000,0.0000000000,0.0000000000,0.0000000000,0.0000000000,0.0000000000,0.0000000000,0.0000000000
2026-10-07 17:07:11,0.3588208198,11826.8662109375,0.0000000000,0.0000000000,0.0000000000,0.0000000000,0.0000000000,0.0000000000,0.0000000000,0.0000000000,0.0000000000,0.0000000000,0.0000000000,0.0000000000,0.0000000000,0.0000000000,0.0000000000
2026-10-07 17:12:45,0.3590847969,9892.1337890625,0.0000000000,0.0000000000,0.0000000000,0.0000000000,0.0000000000,0.0000000000,0.0000000000,0.0000000000,0.0000000000,0.0000000000,0.0000000000,0.0000000000,0.0000000000,0.0000000000,0.0000000000
2026-10-07 17:18:20,0.3601240634,9811.8662109375,0.0000000000,0.0000000000,0.0000000000,0.0000000000,0.0000000000,0.0000000000,0.0000000000,0.0000000000,0.0000000000,0.0000000000,0.0000000000,0.0000000000,0.0000000000,0.0000000000,0.0000000000
2026-10-07 17:23:54,0.3603326082,6690.0668945312,0.0000000000,0.0000000000,0.0000000000,0.0000000000,0.0000000000,0.0000000000,0.0000000000,0.0000000000,0.0000000000,0.0000000000,0.0000000000,0.0000000000,0.0000000000,0.0000000000,0.0000000000
2026-10-07 17:29:29,0.3601065874,3387.3332519531,0.0000000000,0.0000000000,0.0000000000,0.0000000000,0.0000000000,0.0000000000,0.0000000000,0.0000000000,0.0000000000,0.0000000000,0.0000000000,0.0000000000,0.0000000000,0.0000000000,0.0000000000
2026-10-07 17:35:03,0.3600706100,5057.2001953125,0.0000000000,0.0000000000,0.0000000000,0.0000000000,0.0000000000,0.0000000000,0.0000000000,0.0000000000,0.0000000000,0.0000000000,0.0000000000,0.0000000000,0.0000000000,0.0000000000,0.0000000000
2026-10-07 17:40:38,0.3603139162,7770.2666015625,0.0000000000,0.0000000000,0.0000000000,0.0000000000,0.0000000000,0.0000000000,0.0000000000,0.0000000000,0.0000000000,0.0000000000,0.0000000000,0.0000000000,0.0000000000,0.0000000000,0.0000000000
2026-10-07 17:46:13,0.3605319499,4673.6665039062,0.0000000000,0.0000000000,0.0000000000,0.0000000000,0.0000000000,0.0000000000,0.0000000000,0.0000000000,0.0000000000,0.0000000000,0.0000000000,0.0000000000,0.0000000000,0.0000000000,0.0000000000
2026-10-07 17:51:47,0.3606179237,5517.4667968750,0.0000000000,0.0000000000,0.0000000000,0.0000000000,0.0000000000,0.0000000000,0.0000000000,0.0000000000,0.0000000000,0.0000000000,0.0000000000,0.0000000000,0.0000000000,0.0000000000,0.0000000000
2026-10-07 17:57:22,0.3605889797,4506.7998046875,0.0000000000,0.0000000000,0.0000000000,0.0000000000,0.0000000000,0.0000000000,0.0000000000,0.0000000000,0.0000000000,0.0000000000,0.0000000000,0.0000000000,0.0000000000,0.0000000000,0.0000000000
2026-10-07 18:02:56,0.3607244491,3367.0000000000,0.0000000000,0.0000000000,0.0000000000,0.0000000000,0.0000000000,0.0000000000,0.0000000000,0.0000000000,0.0000000000,0.0000000000,0.0000000000,0.0000000000,0.0000000000,0.0000000000,0.0000000000
2026-10-07 18:08:33,0.3607634305,3861.8000488281,0.0000000000,0.0000000000,0.0000000000,0.0000000000,0.0000000000,0.0000000000,0.0000000000,0.0000000000,0.0000000000,0.0000000000,0.0000000000,0.0000000000,0.0000000000,0.0000000000,0.0000000000
2026-10-07 18:14:28,0.3607304334,5607.0000000000,16.0000000000,19.5333328247,0.1933333301,5.5333333015,65.2866668701,65.2866668701,65.2866668701,3.5999999046,1.4866667747,0.8466666221,0.7200000286,0.0800000095,0.0000000000,0.0000000000,0.0000000000
2026-10-07 18:20:24,0.3608525991,3529.0000000000,13.7333335876,17.2666664123,0.1579999923,2.6666667461,65.2933349609,65.2933349609,65.2933349609,3.5999999046,1.4666666984,0.8333333015,0.7106666564,0.0800000095,0.0000000000,0.0000000000,0.0000000000
2026-10-07 18:26:19,0.3610035419,2411.6000976562,14.8000001907,18.3333339691,0.1406666660,1.3999999809,65.3000030517,65.3000030517,65.3000030517,3.6666667461,1.4533333778,0.8199999809,0.7053333282,0.0800000095,0.0000000000,0.0000000000,0.0000000000
2026-10-07 18:32:15,0.3610689878,1965.1999511718,15.1333332061,18.6666660308,0.2320000171,1.3333333730,65.3066711425,65.3066711425,65.3066711425,3.6666667461,1.4400000572,0.8133333206,0.7006666660,0.0800000095,0.0000000000,0.0000000000,0.0000000000
2026-10-07 18:38:11,0.3611596107,1411.4000244140,17.1333332061,20.6666660308,0.0606666660,1.0000000000,65.3066711425,65.3066711425,65.3066711425,3.7333333492,1.4266666412,0.8133333206,0.7013332843,0.0800000095,0.0000000000,0.0000000000,0.0000000000
2026-10-07 18:44:06,0.3612733364,864.4000244140,14.6000003814,18.1333332061,0.1299999952,0.6666666984,65.3133316040,65.3133316040,65.3133316040,3.7333333492,1.4133334159,0.8133333206,0.7013332843,0.0800000095,0.0000000000,0.0000000000,0.0000000000
2026-10-07 18:50:02,0.3613664865,487.3333435058,15.1999998092,18.7333335876,0.1453333377,0.3333333492,65.3066711425,65.3066711425,65.3066711425,3.7999999523,1.3999999809,0.8199999809,0.7033333301,0.0800000095,0.0000000000,0.0000000000,0.0000000000
2026-10-07 18:55:55,0.3613648176,271.5333251953,32.7999992370,39.8666648864,0.4239999771,0.3333333492,130.6266632080,130.6266632080,130.6266632080,7.6666665077,2.7799999713,1.6333333015,1.4060000419,0.1600000143,0.0000000000,0.0000000000,0.0000000000
2026-10-07 19:01:51,0.3613950729,124.0000000000,16.3999996185,19.9333324432,0.1666666746,0.1333333373,65.3199996948,65.3199996948,65.3199996948,3.8666666030,1.3866667747,0.8199999809,0.7039999485,0.0800000095,0.0000000000,0.0000000000,0.0000000000
2026-10-07 19:07:46,0.3615705013,41.8666648864,16.9333324432,20.4666671752,0.1306666612,0.0000000000,65.3199996948,65.3199996948,65.3199996948,3.9333333969,1.3733333349,0.8266667366,0.7093333244,0.0800000095,0.0000000000,0.0000000000,0.0000000000
2026-10-07 19:13:41,0.3616626024,11.4666662216,33.4666671752,40.5333328247,0.1626666641,0.0000000000,130.6333312988,130.6333312988,130.6333312988,8.0000000000,2.7266666889,1.6600000858,1.4253332614,0.1600000143,0.0000000000,0.0000000000,0.0000000000
2026-10-07 19:19:36,0.3616977930,3.4666666984,19.4666671752,23.0000000000,0.0219999980,0.0666666698,65.3266677856,65.3266677856,65.3266677856,4.0000000000,1.3600000143,0.8333333015,0.7146666049,0.0800000095,0.0000000000,0.0000000000,0.0000000000
2026-10-07 19:25:32,0.3618232727,1.0000000000,13.1999998092,16.7333335876,0.1399999980,0.0000000000,65.3333358764,65.3333358764,65.3333358764,4.0666666030,1.3466666936,0.8333333015,0.7146666049,0.0800000095,0.0000000000,0.0000000000,0.0000000000
2026-10-07 19:31:26,0.3619308471,0.2666666746,32.6666679382,39.7333335876,0.1613333320,0.0000000000,130.6800079345,130.6800079345,130.6800079345,8.2666664123,2.6600000858,1.6800000667,1.4413332939,0.1600000143,0.0000000000,0.0000000000,0.0000000000
2026-10-07 19:37:20,0.3620653629,0.0000000000,35.0666656494,42.1333351135,0.3013333320,0.0000000000,130.6933288574,130.6933288574,130.6933288574,8.3333330154,2.6399998664,1.6733334064,1.4379999637,0.1600000143,0.0000000000,0.0000000000,0.0000000000
2026-10-07 19:43:15,0.3614056348,0.0000000000,30.4666671752,37.5333328247,0.2386666774,0.0000000000,130.7066650390,130.7066650390,130.7066650390,8.3999996185,2.6133334636,1.6666666030,1.4353332519,0.1600000143,0.0000000000,0.0000000000,0.0000000000
2026-10-07 19:49:09,0.3615339756,0.0000000000,40.5999984741,23.6666660308,0.1486666679,0.0000000000,130.7066650390,130.7066650390,130.7066650390,8.4666662216,2.5999999046,1.6733334064,1.4379999637,0.1600000143,0.0000000000,0.0000000000,0.0000000000
2026-10-07 19:55:04,0.3616027832,0.0000000000,35.1333351135,42.2000007629,0.1473333358,0.0666666698,130.6999969482,130.6999969482,130.6999969482,8.5333337783,2.5933334827,1.6733334064,1.4399999618,0.1600000143,0.0000000000,0.0000000000,0.0000000000
2026-10-07 20:00:57,0.3616753101,0.0000000000,56.7999992370,43.4000015258,0.3140000104,0.0000000000,196.0533294677,196.0533294677,196.0533294677,13.0000000000,3.8466670989,2.5133333206,2.1666667461,0.2400000095,0.0000000000,0.0000000000,0.0000000000
2026-10-07 20:06:50,0.3618252038,0.0000000000,57.2000007629,19.7999992370,0.1986666679,0.0000000000,196.0266723632,196.0266723632,196.0266723632,13.1333332061,3.8066665649,2.5000000000,2.1600000858,0.2400000095,0.0000000000,0.0000000000,0.0000000000
2026-10-07 20:12:44,0.3619102001,0.0000000000,33.8666648864,40.9333343505,0.2159999847,0.0000000000,130.6666717529,130.6666717529,130.6666717529,8.8000001907,2.5133333206,1.6600000858,1.4340000152,0.1600000143,0.0000000000,0.0000000000,0.0000000000
2026-10-07 20:18:39,0.3620457172,0.0000000000,39.4000015258,46.4666671752,0.2599999904,0.0000000000,130.6533355712,130.6533355712,130.6533355712,8.8000001907,2.4733331203,1.6333333015,1.4139999389,0.1600000143,0.0000000000,0.0000000000,0.0000000000
2026-10-07 20:24:32,0.3621457576,0.0000000000,53.4666671752,40.0666656494,0.1180000066,0.0000000000,195.9933319091,195.9933319091,195.9933319091,13.1999998092,3.6733331680,2.4000000953,2.0940001010,0.2400000095,0.0000000000,0.0000000000,0.0000000000
2026-10-07 20:30:25,0.3622715950,0.0000000000,57.3333320617,43.9333343505,0.1279999971,0.0000000000,195.9933319091,195.9933319091,195.9933319091,13.1999998092,3.6533334255,2.3666665554,2.0706665515,0.2400000095,0.0000000000,0.0000000000,0.0000000000
2026-10-07 20:36:18,0.3623759508,0.0000000000,55.7333335876,42.3333320617,0.1700000047,0.0000000000,195.9866638183,195.9866638183,195.9866638183,13.1999998092,3.6133334636,2.3399999141,2.0533332824,0.2400000095,0.0000000000,0.0000000000,0.0000000000
2026-10-07 20:42:12,0.3624297380,0.4666666507,62.7333335876,25.3333339691,0.2646666765,0.0666666698,196.0266723632,196.0266723632,196.0266723632,13.1333332061,3.5933334827,2.3066668510,2.0273332595,0.2400000095,0.0000000000,0.0000000000,0.0000000000
2026-10-07 20:48:05,0.3627887964,1.0000000000,59.2000007629,45.7999992370,0.1786666488,0.2000000000,196.1333312988,196.1333312988,196.1333312988,12.8000001907,3.5933334827,2.2400000095,1.9873332023,0.2400000095,0.0000000000,0.0000000000,0.0000000000
2026-10-07 20:53:57,0.3633677005,1.0000000000,62.7999992370,52.9333343505,0.3193333387,0.2666666746,261.6133422851,261.6133422851,261.6133422851,16.8666667938,4.7933335304,2.9466667175,2.6180000305,0.3200000286,0.0000000000,0.0000000000,0.0000000000
2026-10-07 20:59:49,0.3630762577,1.0000000000,64.8000030517,78.9333343505,0.2740000247,0.2666666746,261.6266784667,261.6266784667,261.6266784667,16.5333328247,4.8199996948,2.8800001144,2.5820000171,0.3200000286,0.0000000000,0.0000000000,0.0000000000
2026-10-07 21:05:42,0.3629348039,1.0000000000,47.4666671752,58.0666656494,0.2113333225,0.1333333373,196.2200012207,196.2200012207,196.2200012207,12.2666664123,3.6133332252,2.1400001049,1.9193332672,0.2400000095,0.0000000000,0.0000000000,0.0000000000
2026-10-07 21:11:36,0.3628618240,1.0000000000,50.4666671752,37.0666656494,0.1553333282,0.1333333373,196.1999969482,196.1999969482,196.1999969482,12.1999998092,3.6200001239,2.1266665458,1.9120000839,0.2400000095,0.0000000000,0.0000000000,0.0000000000
2026-10-07 21:17:29,0.3627939462,0.0000000000,52.2666664123,62.8666648864,0.1606666564,0.0000000000,196.2066802978,196.2066802978,196.2066802978,12.1999998092,3.6200001239,2.1200001239,1.9053331375,0.2400000095,0.0000000000,0.0000000000,0.0000000000
2026-10-07 21:23:22,0.3628687620,0.0000000000,55.2666664123,41.8666648864,0.1873333358,0.0000000000,196.2200012207,196.2200012207,196.2200012207,12.4666662216,3.5733337402,2.1333334445,1.9166666030,0.2400000095,0.0000000000,0.0000000000,0.0000000000
2026-10-07 21:29:14,0.3645909070,0.0666666698,60.0666656494,74.1999969482,0.2033333301,0.0000000000,261.6333312988,261.6333312988,261.6333312988,16.6000003814,4.7400002479,2.8066668510,2.5333330631,0.3200000286,0.0000000000,0.0000000000,0.0000000000
2026-10-07 21:35:06,0.3642919540,1.0000000000,63.1333351135,77.2666702270,0.1546666622,0.0000000000,261.6533508300,261.6533508300,261.6533508300,16.4666671752,4.7733330726,2.8133333206,2.5360000133,0.3200000286,0.0000000000,0.0000000000,0.0000000000
