2026-09-30 22:15:05,0.3637727499,0.0000000000,140.1333312988,189.6666717529,1.3459999561,0.9333333015,924.4266967773,924.4266967773,924.4266967773,61.5999984741,18.6666660308,12.6933345794,10.7906656265,1.1200000047,0.0000000000,0.0000000000,0.0000000000
2026-09-30 22:20:39,0.3637852907,0.0000000000,142.6666717529,192.1333312988,1.1393333673,0.8000000000,924.3800659179,924.3800659179,924.3800659179,61.9333343505,18.6666660308,12.7799978256,10.8206672668,1.1200000047,0.0000000000,0.0000000000,0.0000000000
2026-09-30 22:26:14,0.3651175260,0.0000000000,141.0000000000,190.6000061035,1.3513333797,0.8000000000,924.3867797851,924.3867797851,924.3867797851,62.0666656494,18.6666660308,12.7866649627,10.8493337631,1.1200000047,0.0000000000,0.0000000000,0.0000000000
2026-09-30 22:31:47,0.3650294303,0.0000000000,137.8666687011,187.4666595458,1.0599999427,0.0000000000,924.2865600585,924.2865600585,924.2865600585,62.5333328247,18.6666660308,12.8133335113,10.8773326873,1.1200000047,0.0000000000,0.0000000000,0.0000000000
2026-09-30 22:37:20,0.3650107622,0.0000000000,131.0666656494,180.6666717529,1.5999999046,0.0000000000,924.2067260742,924.2067260742,924.2067260742,62.5333328247,18.5733318328,12.8800020217,10.9080009460,1.1200000047,0.0000000000,0.0000000000,0.0000000000
2026-09-30 22:42:53,0.3649952173,0.0000000000,144.6666717529,194.1999969482,1.1380000114,0.0000000000,924.2000732421,924.2000732421,924.2000732421,62.7333335876,18.5733318328,12.8800020217,10.9253339767,1.1200000047,0.0000000000,0.0000000000,0.0000000000
2026-09-30 22:48:27,0.3651083469,0.0000000000,125.4666671752,175.0000000000,1.1473332643,0.0000000000,924.2000732421,924.2000732421,924.2000732421,63.4666671752,18.5399990081,12.8800020217,10.9379997253,1.1200000047,0.0000000000,0.0000000000,0.0000000000
2026-09-30 22:54:01,0.3650389909,0.0000000000,154.1333312988,203.6666717529,1.3013333082,0.7333333492,924.3133544921,924.3133544921,924.3133544921,63.4666671752,18.4800014495,12.9266653060,10.9606657028,1.1200000047,0.0000000000,0.0000000000,0.0000000000
2026-09-30 22:59:36,0.3649157047,0.0000000000,149.0666656494,198.6000061035,1.3466664552,0.9333333015,924.3132934570,924.3132934570,924.3132934570,63.4666671752,18.4800014495,12.9733314514,10.9859991073,1.1200000047,0.0000000000,0.0000000000,0.0000000000
2026-09-30 23:05:10,0.3648354053,0.0000000000,169.3333282470,218.8666687011,1.4006667137,0.9333333015,924.3132934570,924.3132934570,924.3132934570,63.4666671752,18.4800014495,12.9733314514,11.0006656646,1.1200000047,0.0000000000,0.0000000000,0.0000000000
2026-09-30 23:10:44,0.3647101879,0.0000000000,171.6666717529,221.1333312988,1.6280000209,0.7333333492,924.2932739257,924.2932739257,924.2932739257,63.4666671752,18.4933338165,12.9799985885,11.0159997940,1.1200000047,0.0000000000,0.0000000000,0.0000000000
2026-09-30 23:16:19,0.3648107528,0.0000000000,170.0000000000,219.4666595458,1.2133331298,0.1333333373,924.3933715820,924.3933715820,924.3933715820,64.0000000000,18.4933338165,13.0599994659,11.0420007705,1.1200000047,0.0000000000,0.0000000000,0.0000000000
2026-09-30 23:21:53,0.3648043155,0.0666666698,149.3333282470,174.9333343505,1.3873332786,0.4666666507,924.3734130859,924.3734130859,924.3734130859,64.4000015258,18.4800014495,13.0666666030,11.0673332214,1.1200000047,0.0000000000,0.0000000000,0.0000000000
2026-09-30 23:27:27,0.3647001028,1.0000000000,156.1333312988,205.6000061035,1.4246666431,0.2666666746,924.3267211914,924.3267211914,924.3267211914,64.4000015258,18.4400005340,13.0800008773,11.0986652374,1.1200000047,0.0000000000,0.0000000000,0.0000000000
2026-09-30 23:33:01,0.3647194862,1.0000000000,161.8000030517,211.2666625976,1.5726667404,0.0000000000,924.2999877929,924.2999877929,924.2999877929,65.0000000000,18.3866653442,13.1400012969,11.1173315048,1.1200000047,0.0000000000,0.0000000000,0.0000000000
2026-09-30 23:38:34,0.3646898508,1.0000000000,170.4666595458,220.0000000000,1.4386667251,0.0000000000,924.3601074218,924.3601074218,924.3601074218,65.3333358764,18.3133354187,13.1199998855,11.1113328933,1.1200000047,0.0000000000,0.0000000000,0.0000000000
2026-09-30 23:44:06,0.3647195100,1.0000000000,185.1333312988,234.6000061035,2.2326667308,0.0000000000,924.4067993164,924.4067993164,924.4067993164,65.3333358764,18.2133350372,13.0933351516,11.0993337631,1.1200000047,0.0000000000,0.0000000000,0.0000000000
2026-09-30 23:49:39,0.3647020816,1.0000000000,162.2666625976,211.8666687011,1.7073333263,0.0000000000,924.4133911132,924.4133911132,924.4133911132,65.3333358764,18.2000007629,13.1600017547,11.1360015869,1.1200000047,0.0000000000,0.0000000000,0.0000000000
2026-09-30 23:55:32,0.3648066282,1.0000000000,14.8000001907,18.3333339691,0.2333333253,0.0000000000,66.0266647338,66.0266647338,66.0266647338,4.7333331108,1.2999999523,0.9466666221,0.8039999961,0.0800000095,0.0000000000,0.0000000000,0.0000000000
2026-10-01 00:01:28,0.3648357391,1.0000000000,9.0000000000,12.5333337783,0.1959999942,0.0000000000,66.0266647338,66.0266647338,66.0266647338,4.7333331108,1.2999999523,0.9533332824,0.8079999923,0.0800000095,0.0000000000,0.0000000000,0.0000000000
2026-10-01 00:07:23,0.3649162292,1.0000000000,13.8666667938,17.3999996185,0.1299999952,0.0000000000,66.0266647338,66.0266647338,66.0266647338,4.8000001907,1.2933332920,0.9600000381,0.8126667022,0.0800000095,0.0000000000,0.0000000000,0.0000000000
2026-10-01 00:13:17,0.3652933835,1.0000000000,27.2000007629,34.2666664123,0.2113333225,0.0000000000,132.0599975585,132.0599975585,132.0599975585,9.8666667938,2.5666666030,1.9400000572,1.6439999580,0.1600000143,0.0000000000,0.0000000000,0.0000000000
2026-10-01 00:19:12,0.3652349948,1.0000000000,12.8666667938,16.3999996185,0.1473333358,0.0000000000,66.0333328247,66.0333328247,66.0333328247,4.9333333969,1.2800000953,0.9733333587,0.8239999771,0.0800000095,0.0000000000,0.0000000000,0.0000000000
2026-10-01 00:25:08,0.3653137207,1.0000000000,12.4666662216,16.0000000000,0.0933333301,0.0000000000,66.0333328247,66.0333328247,66.0333328247,5.0000000000,1.2733333110,0.9799999237,0.8293333053,0.0800000095,0.0000000000,0.0000000000,0.0000000000
2026-10-01 00:31:03,0.3653532266,1.0000000000,13.9333333969,17.4666671752,0.0706666660,0.0000000000,66.0266647338,66.0266647338,66.0266647338,5.0666666030,1.2666666507,0.9799999237,0.8319999694,0.0800000095,0.0000000000,0.0000000000,0.0000000000
2026-10-01 00:36:59,0.3654213190,1.0000000000,12.6666669845,16.2000007629,0.0966666603,0.0000000000,66.0266647338,66.0266647338,66.0266647338,5.0666666030,1.2733333110,0.9866666793,0.8339999198,0.0800000095,0.0000000000,0.0000000000,0.0000000000
2026-10-01 00:42:54,0.3654570341,1.0000000000,12.2666664123,15.8000001907,0.0913333320,0.0000000000,66.0266647338,66.0266647338,66.0266647338,5.0666666030,1.2666666507,0.9866666793,0.8333333015,0.0800000095,0.0000000000,0.0000000000,0.0000000000
2026-10-01 00:48:50,0.3680091381,1.0000000000,4.8666667938,8.3999996185,0.0353333330,0.0000000000,66.0266647338,66.0266647338,66.0266647338,5.1333332061,1.2666666507,0.9933334350,0.8386667251,0.0800000095,0.0000000000,0.0000000000,0.0000000000
2026-10-01 00:54:45,0.3655129909,1.0000000000,10.3333330154,13.8666667938,0.0766666650,0.0000000000,66.0266647338,66.0266647338,66.0266647338,5.1333332061,1.2533334493,0.9866666793,0.8333333015,0.0800000095,0.0000000000,0.0000000000,0.0000000000
2026-10-01 01:00:41,0.3654246091,1.0000000000,9.8666667938,13.3999996185,0.1073333263,0.0000000000,66.0266647338,66.0266647338,66.0266647338,5.1333332061,1.2533334493,0.9799999237,0.8319999694,0.0800000095,0.0000000000,0.0000000000,0.0000000000
2026-10-01 01:06:36,0.3656797647,1.0000000000,13.5333337783,17.0666675567,0.1613333225,0.0000000000,66.0266647338,66.0266647338,66.0266647338,5.1333332061,1.2466666698,0.9799999237,0.8300000190,0.0800000095,0.0000000000,0.0000000000,0.0000000000
2026-10-01 01:12:32,0.3655114650,1.0000000000,10.8000001907,14.3333330154,0.1413333320,0.0000000000,66.0199966430,66.0199966430,66.0199966430,5.1333332061,1.2466666698,0.9733333587,0.8266666412,0.0800000095,0.0000000000,0.0000000000,0.0000000000
2026-10-01 01:18:27,0.3655276536,1.0000000000,11.0666666030,14.6000003814,0.1146666646,0.0000000000,66.0133361816,66.0133361816,66.0133361816,5.1333332061,1.2466666698,0.9799999237,0.8293333053,0.0800000095,0.0000000000,0.0000000000,0.0000000000
2026-10-01 01:24:23,0.3655271768,1.0000000000,23.3333339691,2.8666666030,0.0113333332,0.0000000000,66.0133361816,66.0133361816,66.0133361816,5.1333332061,1.2400000095,0.9799999237,0.8286665916,0.0800000095,0.0000000000,0.0000000000,0.0000000000
2026-10-01 01:30:18,0.3661834001,1.0000000000,11.0000000000,14.5333337783,0.0540000009,0.0000000000,66.0133361816,66.0133361816,66.0133361816,5.1999998092,1.2400000095,0.9733333587,0.8279999732,0.0800000095,0.0000000000,0.0000000000,0.0000000000
2026-10-01 01:36:14,0.3679046392,1.0000000000,10.2666664123,13.8000001907,0.2113333225,0.0000000000,66.0133361816,66.0133361816,66.0133361816,5.1999998092,1.2266666889,0.9733333587,0.8273333549,0.0800000095,0.0000000000,0.0000000000,0.0000000000
2026-10-01 01:42:09,0.3678087234,1.0000000000,7.4666666984,11.0000000000,0.0299999980,0.0000000000,66.0133361816,66.0133361816,66.0133361816,5.2666668891,1.2266666889,0.9799999237,0.8300000190,0.0800000095,0.0000000000,0.0000000000,0.0000000000
2026-10-01 01:48:05,0.3679202079,1.0000000000,11.7333335876,15.2666664123,0.1073333263,0.0000000000,66.0133361816,66.0133361816,66.0133361816,5.2666668891,1.2200000286,0.9799999237,0.8300000190,0.0800000095,0.0000000000,0.0000000000,0.0000000000
2026-10-01 01:53:59,0.3677439928,1.0000000000,18.6000003814,25.6666660308,0.3526666641,0.0000000000,132.0066680908,132.0066680908,132.0066680908,10.6666669845,2.4133334159,1.9599999427,1.6686666011,0.1600000143,0.0000000000,0.0000000000,0.0000000000
2026-10-01 01:59:54,0.3674180984,1.0000000000,18.5333328247,25.6000003814,0.1733333349,0.1333333373,132.0000000000,132.0000000000,132.0000000000,10.7333335876,2.4066665172,1.9666666984,1.6699999809,0.1600000143,0.0000000000,0.0000000000,0.0000000000
2026-10-01 02:05:47,0.3673621416,1.0000000000,28.3333339691,38.9333343505,0.2393333435,0.0000000000,197.9733428955,197.9733428955,197.9733428955,16.0000000000,3.6200001239,2.9466667175,2.5033333301,0.2400000095,0.0000000000,0.0000000000,0.0000000000
2026-10-01 02:11:41,0.3672863483,1.0000000000,18.7999992370,25.8666667938,0.1473333358,0.0000000000,131.9933319091,131.9933319091,131.9933319091,10.6666669845,2.4133334159,1.9733333587,1.6726666450,0.1600000143,0.0000000000,0.0000000000,0.0000000000
2026-10-01 02:17:36,0.3672116041,1.0000000000,15.1999998092,22.2666664123,0.2920000076,0.1333333373,131.9933319091,131.9933319091,131.9933319091,10.6666669845,2.4133334159,1.9666666984,1.6713333129,0.1600000143,0.0000000000,0.0000000000,0.0000000000
2026-10-01 02:23:30,0.3672085762,1.0000000000,19.6000003814,26.6666660308,0.2079999923,0.0666666698,131.9799957275,131.9799957275,131.9799957275,10.6666669845,2.4133334159,1.9599999427,1.6686666011,0.1600000143,0.0000000000,0.0000000000,0.0000000000
2026-10-01 02:29:24,0.3673682212,1.0000000000,19.0000000000,26.0666675567,0.3493333101,0.0000000000,131.9799957275,131.9799957275,131.9799957275,10.8000001907,2.4000000953,1.9733333587,1.6706665992,0.1600000143,0.0000000000,0.0000000000,0.0000000000
2026-10-01 02:35:19,0.3679627895,1.0000000000,19.3999996185,26.4666671752,0.4179999351,0.0000000000,131.9733276367,131.9733276367,131.9733276367,10.8666667938,2.3933334350,1.9733333587,1.6726666450,0.1600000143,0.0000000000,0.0000000000,0.0000000000
2026-10-01 02:41:14,0.3674905538,1.0000000000,9.1999998092,12.7333335876,0.1746666526,0.0000000000,65.9866638183,65.9866638183,65.9866638183,5.4666666984,1.1866667270,0.9866666793,0.8366666793,0.0800000095,0.0000000000,0.0000000000,0.0000000000
2026-10-01 02:47:09,0.3730402946,1.0000000000,18.9333324432,26.0000000000,0.3393333435,0.0000000000,131.9666595458,131.9666595458,131.9666595458,10.9333333969,2.3666665554,1.9733333587,1.6740000247,0.1600000143,0.0000000000,0.0000000000,0.0000000000
2026-10-01 02:53:03,0.6240945816,1.0000000000,20.2666664123,27.3333339691,0.1359999895,0.0000000000,131.9600067138,131.9600067138,131.9600067138,11.0666666030,2.3600001335,1.9800000190,1.6846667289,0.1600000143,0.0000000000,0.0000000000,0.0000000000
2026-10-01 02:58:58,0.8099776268,1.0000000000,10.1333332061,13.6666669845,0.1126666545,0.0000000000,65.9800033569,65.9800033569,65.9800033569,5.5999999046,1.1800000667,1.0000000000,0.8493333816,0.0800000095,0.0000000000,0.0000000000,0.0000000000
2026-10-01 03:04:52,0.8311798095,1.0000000000,30.2000007629,40.8666648864,0.3393333435,0.0000000000,197.9400024414,197.9400024414,197.9400024414,17.2000007629,3.4600000381,3.0000000000,2.5486667156,0.2400000095,0.0000000000,0.0000000000,0.0000000000
2026-10-01 03:10:44,0.7312307834,1.0000000000,39.6666679382,53.7999992370,0.5306666374,0.0000000000,263.9000244140,263.9000244140,263.9000244140,23.2000007629,4.5666666030,4.0000000000,3.4086663722,0.3200000286,0.0000000000,0.0000000000,0.0000000000
2026-10-01 03:16:37,0.4896808624,1.0000000000,28.9333324432,39.5333328247,0.4366666316,0.0666666698,197.9199981689,197.9199981689,197.9199981689,17.5333328247,3.4000000953,3.0000000000,2.5593333244,0.2400000095,0.0000000000,0.0000000000,0.0000000000
2026-10-01 03:22:32,0.4501891613,1.0000000000,18.7999992370,25.8666667938,0.1533333301,0.0000000000,131.9333343505,131.9333343505,131.9333343505,11.7333335876,2.2666666507,2.0133333206,1.7106666564,0.1600000143,0.0000000000,0.0000000000,0.0000000000
2026-10-01 03:28:26,0.4286084175,1.0000000000,18.7333335876,25.7999992370,0.3159999847,0.0000000000,131.9400024414,131.9400024414,131.9400024414,11.7333335876,2.2666666507,2.0066666603,1.7099999427,0.1600000143,0.0000000000,0.0000000000,0.0000000000
2026-10-01 03:34:18,0.4143721580,1.0000000000,39.4000015258,53.5333328247,0.5699999809,0.2000000000,263.8666687011,263.8666687011,263.8666687011,23.4666671752,4.5333333015,4.0266666412,3.4306666851,0.3200000286,0.0000000000,0.0000000000,0.0000000000
2026-10-01 03:40:13,0.4075736045,1.0000000000,22.1333332061,29.2000007629,0.1446666717,0.1333333373,131.9199981689,131.9199981689,131.9199981689,11.7333335876,2.2666666507,2.0266666412,1.7206666469,0.1600000143,0.0000000000,0.0000000000,0.0000000000
2026-10-01 03:46:06,0.4037665367,1.0000000000,29.6666660308,40.2666664123,0.3386666536,0.2000000000,197.8466644287,197.8466644287,197.8466644287,17.7333335876,3.4133331775,3.0399999618,2.5886666774,0.2400000095,0.0000000000,0.0000000000,0.0000000000
2026-10-01 03:51:59,0.4010354042,1.0000000000,28.0000000000,38.5999984741,0.3226666688,0.2000000000,197.8333282470,197.8333282470,197.8333282470,17.7999992370,3.4200003147,3.0533332824,2.5973331928,0.2400000095,0.0000000000,0.0000000000,0.0000000000
2026-10-01 03:57:52,0.3996166706,1.0000000000,28.1333332061,38.7333335876,0.1786666631,0.2000000000,197.8333282470,197.8333282470,197.8333282470,17.7999992370,3.4333336353,3.0733335018,2.6153333187,0.2400000095,0.0000000000,0.0000000000,0.0000000000
2026-10-01 04:03:47,0.3987318515,1.0000000000,20.3999996185,27.4666671752,0.2373333215,0.1333333373,131.8800048828,131.8800048828,131.8800048828,11.8666667938,2.2933335304,2.0533335208,1.7493332862,0.1600000143,0.0000000000,0.0000000000,0.0000000000
