2026-09-03 22:07:51,0.3645670890,0.0000000000,244.7333374023,222.1999969482,0.3133333206,1.8666666984,923.2800292968,923.2800292968,923.2800292968,63.4666671752,18.7733364105,13.1533346176,11.1159992218,1.1200000047,0.0000000000,0.0000000000,0.0000000000
2026-09-03 22:13:26,0.3648375034,0.0000000000,284.8666687011,142.3999938964,0.2759999752,1.9333333015,923.2267456054,923.2267456054,923.2267456054,64.0666656494,18.6933326721,13.1933336257,11.1680011749,1.1200000047,0.0000000000,0.0000000000,0.0000000000
2026-09-03 22:19:00,0.3649340152,0.0000000000,262.9333190917,240.3999938964,0.3033333301,1.8666666984,923.2600097656,923.2600097656,923.2600097656,64.4000015258,18.5866641998,13.2266654968,11.1846656799,1.1200000047,0.0000000000,0.0000000000,0.0000000000
2026-09-03 22:24:35,0.3650448799,0.0000000000,258.6000061035,164.1999969482,0.2726666450,1.8666666984,923.3132934570,923.3132934570,923.3132934570,65.0000000000,18.5266666412,13.2733325958,11.2353343963,1.1200000047,0.0000000000,0.0000000000,0.0000000000
2026-09-03 22:30:10,0.3650952577,0.0000000000,252.7333374023,230.1999969482,0.3713333129,1.8666666984,923.4866333007,923.4866333007,923.4866333007,65.3333358764,18.4800014495,13.3466682434,11.2980003356,1.1200000047,0.0000000000,0.0000000000,0.0000000000
2026-09-03 22:35:44,0.3650593757,0.0000000000,262.2666625976,240.0000000000,0.4360000133,2.1333334445,923.5000610351,923.5000610351,923.5000610351,66.1333312988,18.3866653442,13.3466682434,11.3033342361,1.1200000047,0.0000000000,0.0000000000,0.0000000000
2026-09-03 22:41:19,0.3649804353,0.0000000000,253.8666687011,231.9333343505,0.4659999847,1.7999999523,923.4467163085,923.4467163085,923.4467163085,66.2666702270,18.3599987030,13.3466682434,11.2886657714,1.1200000047,0.0000000000,0.0000000000,0.0000000000
2026-09-03 22:46:53,0.3650209426,0.0000000000,238.6000061035,168.1333312988,0.3366666316,1.7999999523,923.4065551757,923.4065551757,923.4065551757,66.2666702270,18.2466678619,13.2799987792,11.2553339004,1.1200000047,0.0000000000,0.0000000000,0.0000000000
2026-09-03 22:52:28,0.3651471376,0.0000000000,270.3999938964,175.8666687011,0.3693332910,1.9333333015,923.4134521484,923.4134521484,923.4134521484,66.6666641235,18.2000007629,13.3866643905,11.3239994049,1.1200000047,0.0000000000,0.0000000000,0.0000000000
2026-09-03 22:58:02,0.3651137351,0.0000000000,273.6000061035,179.1333312988,0.4019999980,1.8666666984,923.4667968750,923.4667968750,923.4667968750,67.1999969482,18.2000007629,13.4399986267,11.3480005264,1.1200000047,0.0000000000,0.0000000000,0.0000000000
2026-09-03 23:03:37,0.3651399850,0.0000000000,262.8666687011,240.3333282470,0.3279999732,1.9333333015,923.5067138671,923.5067138671,923.5067138671,67.1999969482,18.2000007629,13.4733333587,11.3999986648,1.1200000047,0.0000000000,0.0000000000,0.0000000000
2026-09-03 23:09:10,0.3650185108,0.0000000000,256.7999877929,234.3333282470,0.3079999685,2.2000000476,923.4866943359,923.4866943359,923.4866943359,67.4666671752,18.2000007629,13.5600013732,11.4746685028,1.1200000047,0.0000000000,0.0000000000,0.0000000000
2026-09-03 23:14:45,0.3649841308,0.0000000000,254.6000061035,232.0666656494,0.4493332862,2.2666666507,923.4800415039,923.4800415039,923.4800415039,68.1333312988,18.2000007629,13.6799983978,11.5566663742,1.1200000047,0.0000000000,0.0000000000,0.0000000000
2026-09-03 23:20:19,0.3648602724,0.0000000000,242.8000030517,172.3333282470,0.4813333034,2.6666667461,923.5266723632,923.5266723632,923.5266723632,68.1333312988,18.2533340454,13.8000001907,11.6540012359,1.1200000047,0.0000000000,0.0000000000,0.0000000000
2026-09-03 23:25:53,0.3648106575,0.0000000000,218.4666595458,99.9333343505,0.5399999618,1.8666666984,923.5266723632,923.5266723632,923.5266723632,68.8000030517,18.4133319854,13.9800004959,11.7853336334,1.1200000047,0.0000000000,0.0000000000,0.0000000000
2026-09-03 23:31:26,0.3638958930,0.0000000000,259.8666687011,165.3999938964,0.4506666183,1.8666666984,923.5598754882,923.5598754882,923.5598754882,68.4000015258,18.4866676330,13.9933328628,11.7993335723,1.1200000047,0.0000000000,0.0000000000,0.0000000000
2026-09-03 23:37:01,0.3640390634,0.0000000000,246.0666656494,199.9333343505,0.4673333168,1.4666666984,923.5333862304,923.5333862304,923.5333862304,68.0000000000,18.5799980163,13.9600000381,11.7680006027,1.1200000047,0.0000000000,0.0000000000,0.0000000000
2026-09-03 23:42:35,0.3639200210,0.0000000000,252.1333312988,157.7333374023,0.3639999628,1.0000000000,923.5932006835,923.5932006835,923.5932006835,67.1999969482,18.6666660308,13.8933324813,11.7213325500,1.1200000047,0.0000000000,0.0000000000,0.0000000000
2026-09-03 23:48:30,0.3638942003,0.0000000000,0.0000000000,0.0000000000,0.0000000000,0.0000000000,0.0000000000,0.0000000000,0.0000000000,0.0000000000,0.0000000000,0.0000000000,0.0000000000,0.0000000000,0.0000000000,0.0000000000,0.0000000000
2026-09-03 23:54:25,0.3637379169,0.0000000000,17.4666671752,21.0000000000,0.0439999961,0.0666666698,65.9800033569,65.9800033569,65.9800033569,4.7333331108,1.3466666936,0.9866666793,0.8313332557,0.0800000095,0.0000000000,0.0000000000,0.0000000000
2026-09-04 00:00:21,0.3637249231,0.0000000000,19.6000003814,23.1333332061,0.0039999998,0.0666666698,65.9866638183,65.9866638183,65.9866638183,4.6666665077,1.3466666936,0.9866666793,0.8293333053,0.0800000095,0.0000000000,0.0000000000,0.0000000000
2026-09-04 00:06:16,0.3636947154,0.0000000000,17.2000007629,20.7999992370,0.0219999980,0.0666666698,65.9866638183,65.9866638183,65.9866638183,4.6666665077,1.3533333539,0.9799999237,0.8273333549,0.0800000095,0.0000000000,0.0000000000,0.0000000000
2026-09-04 00:12:12,0.3636098146,0.0000000000,17.5333328247,21.1333332061,0.0366666674,0.0666666698,65.9933319091,65.9933319091,65.9933319091,4.5999999046,1.3600000143,0.9733333587,0.8193332672,0.0800000095,0.0000000000,0.0000000000,0.0000000000
2026-09-04 00:18:07,0.3635921001,0.0000000000,16.3333339691,19.9333324432,0.0900000000,0.0666666698,65.9933319091,65.9933319091,65.9933319091,4.5333333015,1.3666666746,0.9666666030,0.8153332710,0.0800000095,0.0000000000,0.0000000000,0.0000000000
2026-09-04 00:24:03,0.3635560512,0.0000000000,16.6000003814,20.1333332061,0.0233333325,0.0666666698,65.9933319091,65.9933319091,65.9933319091,4.5333333015,1.3666666746,0.9733333587,0.8186666488,0.0800000095,0.0000000000,0.0000000000,0.0000000000
2026-09-04 00:29:58,0.3635958671,0.0000000000,3.7333333492,7.2666668891,0.0039999998,0.0000000000,65.9933319091,65.9933319091,65.9933319091,4.5333333015,1.3666666746,0.9733333587,0.8193332672,0.0800000095,0.0000000000,0.0000000000,0.0000000000
2026-09-04 00:35:54,0.3642765045,0.0000000000,21.7333335876,1.2666666507,0.0179999995,0.0000000000,65.9933319091,65.9933319091,65.9933319091,4.5333333015,1.3666666746,0.9733333587,0.8193332672,0.0800000095,0.0000000000,0.0000000000,0.0000000000
2026-09-04 00:41:49,0.3650136470,0.0000000000,23.0666675567,2.5999999046,0.0219999980,0.0666666698,66.0066680908,66.0066680908,66.0066680908,4.5333333015,1.3666666746,0.9666666030,0.8159999847,0.0800000095,0.0000000000,0.0000000000,0.0000000000
2026-09-04 00:47:45,0.3649339437,0.0000000000,16.6666660308,20.2666664123,0.0173333311,0.0666666698,66.0000000000,66.0000000000,66.0000000000,4.5999999046,1.3600000143,0.9733333587,0.8179999351,0.0800000095,0.0000000000,0.0000000000,0.0000000000
2026-09-04 00:53:40,0.3648682117,0.0000000000,20.0666675567,23.6666660308,0.0259999990,0.0666666698,66.0066680908,66.0066680908,66.0066680908,4.5999999046,1.3600000143,0.9666666030,0.8166666984,0.0800000095,0.0000000000,0.0000000000,0.0000000000
2026-09-04 00:59:36,0.3648288011,0.0000000000,21.6666660308,1.2000000476,0.0173333311,0.0666666698,66.0133361816,66.0133361816,66.0133361816,4.5333333015,1.3533333539,0.9533332824,0.8039999961,0.0800000095,0.0000000000,0.0000000000,0.0000000000
2026-09-04 01:05:31,0.3648207426,0.0000000000,3.0666666030,6.6666665077,0.0059999995,0.0666666698,66.0199966430,66.0199966430,66.0199966430,4.5333333015,1.3533333539,0.9533332824,0.8026666641,0.0800000095,0.0000000000,0.0000000000,0.0000000000
2026-09-04 01:11:27,0.3648876905,0.0000000000,17.0666675567,20.6666660308,0.0299999980,0.0666666698,66.0266647338,66.0266647338,66.0266647338,4.5333333015,1.3466666936,0.9399999618,0.7959999561,0.0800000095,0.0000000000,0.0000000000,0.0000000000
2026-09-04 01:17:20,0.3651057243,0.0000000000,58.5999984741,45.2666664123,0.0706666660,0.0000000000,198.0200042724,198.0200042724,198.0200042724,13.7333335876,4.0000000000,2.8399999618,2.4006664752,0.2400000095,0.0000000000,0.0000000000,0.0000000000
2026-09-04 01:23:15,0.3654179096,0.0000000000,39.0666656494,22.1333332061,0.0493333339,0.0000000000,132.0133361816,132.0133361816,132.0133361816,9.3333330154,2.6399998664,1.8933333396,1.6033332347,0.1600000143,0.0000000000,0.0000000000,0.0000000000
2026-09-04 01:29:08,0.3654869794,0.0000000000,57.1333351135,19.7333335876,0.1539999961,0.1333333373,198.0133514404,198.0133514404,198.0133514404,14.0000000000,3.8933334350,2.7999999523,2.3759999275,0.2400000095,0.0000000000,0.0000000000,0.0000000000
2026-09-04 01:35:03,0.3652501106,0.0000000000,20.7333335876,0.2666666746,0.0353333330,0.0666666698,66.0066680908,66.0066680908,66.0066680908,4.6666665077,1.2933332920,0.9199999809,0.7839999675,0.0800000095,0.0000000000,0.0000000000,0.0000000000
2026-09-04 01:40:58,0.3652438640,0.0000000000,38.2000007629,21.3333339691,0.0686666679,0.1333333373,132.0000000000,132.0000000000,132.0000000000,9.3333330154,2.5666666030,1.8400000572,1.5599999427,0.1600000143,0.0000000000,0.0000000000,0.0000000000
2026-09-04 01:46:52,0.3651916503,0.0000000000,35.4666671752,42.5999984741,0.0413333320,0.1333333373,132.0133361816,132.0133361816,132.0133361816,9.3333330154,2.5533335208,1.8266666412,1.5533332824,0.1600000143,0.0000000000,0.0000000000,0.0000000000
2026-09-04 01:52:48,0.3652452468,0.0000000000,20.7333335876,0.2666666746,0.0206666660,0.1333333373,65.9933319091,65.9933319091,65.9933319091,4.6666665077,1.2733333110,0.9133333206,0.7746666908,0.0800000095,0.0000000000,0.0000000000,0.0000000000
2026-09-04 01:58:43,0.3655348300,0.0000000000,21.3333339691,0.8666666984,0.0186666669,0.0666666698,65.9866638183,65.9866638183,65.9866638183,4.7333331108,1.2666666507,0.9066666603,0.7746666908,0.0800000095,0.0000000000,0.0000000000,0.0000000000
2026-09-04 02:04:39,0.3658153057,0.0000000000,16.8666667938,20.3999996185,0.0500000000,0.0666666698,65.9866638183,65.9866638183,65.9866638183,4.7333331108,1.2533334493,0.9066666603,0.7713333129,0.0800000095,0.0000000000,0.0000000000,0.0000000000
2026-09-04 02:10:34,0.3658641338,0.0000000000,20.9333324432,0.5333333492,0.0113333332,0.1333333373,65.9933319091,65.9933319091,65.9933319091,4.8000001907,1.2400000095,0.9000000000,0.7686666488,0.0800000095,0.0000000000,0.0000000000,0.0000000000
2026-09-04 02:16:30,0.3659461021,0.0000000000,20.7333335876,0.3333333492,0.0246666669,0.1333333373,65.9866638183,65.9866638183,65.9866638183,4.8000001907,1.2333333492,0.9000000000,0.7679999351,0.0800000095,0.0000000000,0.0000000000,0.0000000000
2026-09-04 02:22:25,0.3657688617,0.0000000000,19.5333328247,23.0666675567,0.0259999990,0.1333333373,65.9866638183,65.9866638183,65.9866638183,4.8666667938,1.2333333492,0.9066666603,0.7739999771,0.0800000095,0.0000000000,0.0000000000,0.0000000000
2026-09-04 02:28:21,0.3656329154,0.0000000000,16.2666664123,19.7999992370,0.0346666622,0.1333333373,65.9866638183,65.9866638183,65.9866638183,4.8666667938,1.2400000095,0.9133333206,0.7779999732,0.0800000095,0.0000000000,0.0000000000,0.0000000000
2026-09-04 02:34:16,0.3655655622,0.0000000000,22.0666675567,1.6000000000,0.1073333263,0.1333333373,65.9800033569,65.9800033569,65.9800033569,4.8000001907,1.2466666698,0.9133333206,0.7786665916,0.0800000095,0.0000000000,0.0000000000,0.0000000000
2026-09-04 02:40:10,0.3656765937,0.0000000000,35.5999984741,42.6666679382,0.1053333282,0.2000000000,131.9666595458,131.9666595458,131.9666595458,9.6666669845,2.4733331203,1.8066667556,1.5440000534,0.1600000143,0.0000000000,0.0000000000,0.0000000000
2026-09-04 02:46:05,0.3658241033,0.0000000000,39.8666648864,22.9333324432,0.0493333292,0.2000000000,131.9666595458,131.9666595458,131.9666595458,9.7333335876,2.4600000381,1.7999999523,1.5406666755,0.1600000143,0.0000000000,0.0000000000,0.0000000000
2026-09-04 02:51:58,0.3661437273,0.0000000000,61.9333343505,48.5333328247,0.0639999961,0.2000000000,197.9333343505,197.9333343505,197.9333343505,14.6666669845,3.6600000858,2.7000000476,2.3120000362,0.2400000095,0.0000000000,0.0000000000,0.0000000000
2026-09-04 02:57:51,0.3660930156,0.0000000000,61.3333320617,24.1333332061,0.0959999942,0.2000000000,197.9266815185,197.9266815185,197.9266815185,14.8000001907,3.6333334445,2.7000000476,2.3106665611,0.2400000095,0.0000000000,0.0000000000,0.0000000000
2026-09-04 03:03:46,0.3665523529,0.0000000000,40.1333351135,23.2000007629,0.0333333349,0.2666666746,131.9600067138,131.9600067138,131.9600067138,9.8666667938,2.4133334159,1.7999999523,1.5419999122,0.1600000143,0.0000000000,0.0000000000,0.0000000000
2026-09-04 03:09:40,0.3669655561,0.0000000000,37.2000007629,20.2666664123,0.0580000019,0.1333333373,131.9733276367,131.9733276367,131.9733276367,10.0666666030,2.4000000953,1.8266666412,1.5573333740,0.1600000143,0.0000000000,0.0000000000,0.0000000000
2026-09-04 03:15:34,0.3683400392,0.0000000000,44.1333351135,3.2666666507,0.0786666631,0.1333333373,131.9799957275,131.9799957275,131.9799957275,10.1333332061,2.3800001144,1.8133334159,1.5513333320,0.1600000143,0.0000000000,0.0000000000,0.0000000000
2026-09-04 03:21:29,0.3684904336,0.0000000000,34.1333351135,41.3333320617,0.0299999980,0.2666666746,131.9866638183,131.9866638183,131.9866638183,10.1999998092,2.3533334732,1.8133334159,1.5493333339,0.1600000143,0.0000000000,0.0000000000,0.0000000000
2026-09-04 03:27:22,0.3681205511,0.0000000000,55.7333335876,42.5333328247,0.1133333325,0.4666666507,197.9666595458,197.9666595458,197.9666595458,15.3999996185,3.5133333206,2.7200002670,2.3306665420,0.2400000095,0.0000000000,0.0000000000,0.0000000000
2026-09-04 03:33:15,0.3674977302,0.0000000000,53.7333335876,40.4666671752,0.0480000019,0.4000000000,197.9866638183,197.9866638183,197.9866638183,15.4666662216,3.5000000000,2.7266666889,2.3326666355,0.2400000095,0.0000000000,0.0000000000,0.0000000000
2026-09-04 03:39:10,0.3671174287,0.0000000000,34.4000015258,41.5999984741,0.0779999971,0.2666666746,132.0066680908,132.0066680908,132.0066680908,10.3999996185,2.3399999141,1.8333333969,1.5666666984,0.1600000143,0.0000000000,0.0000000000,0.0000000000
2026-09-04 03:45:05,0.3669161558,0.0000000000,12.6666669845,16.2000007629,0.0359999990,0.1333333373,66.0000000000,66.0000000000,66.0000000000,5.1999998092,1.1733334064,0.9133333206,0.7826666355,0.0800000095,0.0000000000,0.0000000000,0.0000000000
2026-09-04 03:51:01,0.3666878938,0.0000000000,16.0000000000,19.5333328247,0.0413333320,0.1333333373,66.0000000000,66.0000000000,66.0000000000,5.1999998092,1.1800000667,0.9199999809,0.7880000114,0.0800000095,0.0000000000,0.0000000000,0.0000000000
2026-09-04 03:56:56,0.3666249752,0.0000000000,15.6666669845,19.2000007629,0.0786666631,0.1333333373,66.0000000000,66.0000000000,66.0000000000,5.1999998092,1.1800000667,0.9266666412,0.7926666259,0.0800000095,0.0000000000,0.0000000000,0.0000000000
