2026-10-04 16:16:09,0.3596914052,384.0000000000,172.6666717529,222.1333312988,1.7859997749,390.6000061035,924.5133056640,924.5133056640,924.5133056640,42.5333328247,19.7199993133,8.4333324432,7.9359993934,1.1200000047,0.0000000000,0.0000000000,0.0000000000
2026-10-04 16:21:43,0.3594226360,4536.7333984375,157.0666656494,206.5333404541,2.4006667137,282.4666748046,924.4600830078,924.4600830078,924.4600830078,42.2666664123,19.5866661071,8.2733335494,7.8440003395,1.1200000047,0.0000000000,0.0000000000,0.0000000000
2026-10-04 16:27:18,0.3602322578,12330.5996093750,187.0666656494,236.6000061035,2.3426668643,113.4000015258,924.4999389648,924.4999389648,924.4999389648,42.2000007629,19.3933353424,8.0666656494,7.7379999160,1.1200000047,0.0000000000,0.0000000000,0.0000000000
2026-10-04 16:32:52,0.3605028629,7516.2666015625,173.5333404541,223.1999969482,1.4733332633,97.6666641235,924.5800170898,924.5800170898,924.5800170898,43.1333351135,19.2133350372,8.2200002670,7.8193330764,1.1200000047,0.0000000000,0.0000000000,0.0000000000
2026-10-04 16:38:27,0.3606638669,7005.0000000000,184.2666625976,233.7333374023,2.1866667270,85.3333358764,924.6334228515,924.6334228515,924.6334228515,43.4666671752,19.0866641998,8.1533336639,7.7913331985,1.1200000047,0.0000000000,0.0000000000,0.0000000000
2026-10-04 16:44:01,0.3606625795,12209.1337890625,182.2666625976,231.8666687011,1.9966665267,136.8000030517,924.5665893554,924.5665893554,924.5665893554,43.6666679382,19.0333309173,8.1266660690,7.7846670150,1.1200000047,0.0000000000,0.0000000000,0.0000000000
2026-10-04 16:49:36,0.3604226350,8770.0664062500,156.3999938964,205.8666687011,2.2853329181,213.1333312988,924.5133666992,924.5133666992,924.5133666992,42.4000015258,19.2333335876,8.0000000000,7.6999998092,1.1200000047,0.0000000000,0.0000000000,0.0000000000
2026-10-04 16:55:11,0.3604446649,10076.5996093750,171.6000061035,221.0666656494,2.5559997558,157.3999938964,924.4066772460,924.4066772460,924.4066772460,42.0000000000,19.2399997711,7.8666672706,7.6386671066,1.1200000047,0.0000000000,0.0000000000,0.0000000000
2026-10-04 17:00:45,0.3598395586,13422.9335937500,167.2666625976,216.7333374023,2.0793333053,115.6666641235,924.3933715820,924.3933715820,924.3933715820,42.0000000000,19.2200012207,7.8200011253,7.6026663780,1.1200000047,0.0000000000,0.0000000000,0.0000000000
2026-10-04 17:06:20,0.3600755691,9523.7333984375,169.6000061035,219.0666656494,1.3640000820,87.2666702270,924.4000854492,924.4000854492,924.4000854492,41.7333335876,19.1933345794,7.6733331680,7.5279998779,1.1200000047,0.0000000000,0.0000000000,0.0000000000
2026-10-04 17:11:54,0.3601294517,6800.7333984375,172.6000061035,222.1333312988,2.2913331985,77.3333358764,924.4067993164,924.4067993164,924.4067993164,41.5999984741,19.1333332061,7.5666651725,7.4700002670,1.1200000047,0.0000000000,0.0000000000,0.0000000000
2026-10-04 17:17:29,0.3602766036,5114.7333984375,195.1999969482,244.7333374023,2.3419997692,64.5999984741,924.4200439453,924.4200439453,924.4200439453,41.1333351135,19.1266670227,7.4933328628,7.4213328361,1.1200000047,0.0000000000,0.0000000000,0.0000000000
2026-10-04 17:23:03,0.3602535247,6299.7333984375,205.9333343505,255.5333404541,1.9153331756,97.5333328247,924.3800659179,924.3800659179,924.3800659179,41.2666664123,19.1466693878,7.5666661262,7.4586668014,1.1200000047,0.0000000000,0.0000000000,0.0000000000
2026-10-04 17:28:38,0.3601975917,8877.4667968750,203.4666595458,252.9333343505,1.6273331642,75.5999984741,924.3733520507,924.3733520507,924.3733520507,41.0666656494,19.2266674041,7.4400005340,7.4019994735,1.1200000047,0.0000000000,0.0000000000,0.0000000000
2026-10-04 17:34:12,0.3602102279,7317.1333007812,152.3333282470,201.8666687011,1.9353333473,77.5333328247,924.3867797851,924.3867797851,924.3867797851,41.0666656494,19.1733322143,7.4666676521,7.4159994125,1.1200000047,0.0000000000,0.0000000000,0.0000000000
2026-10-04 17:39:47,0.3603453397,5463.1333007812,179.8666687011,229.3999938964,1.8273332595,116.7333297729,924.4333496093,924.4333496093,924.4333496093,41.0666656494,19.1466674804,7.4466662406,7.4053325653,1.1200000047,0.0000000000,0.0000000000,0.0000000000
2026-10-04 17:45:21,0.3602251768,7686.3999023437,201.8000030517,251.2666625976,2.2646667957,74.3333358764,924.4001464843,924.4001464843,924.4001464843,41.0000000000,19.1666660308,7.4266667366,7.3973326683,1.1200000047,0.0000000000,0.0000000000,0.0000000000
2026-10-04 17:50:56,0.3604129791,5878.7998046875,208.9333343505,258.3999938964,2.4046666622,60.2666664123,924.4333496093,924.4333496093,924.4333496093,41.2000007629,19.1066646575,7.4999995231,7.4386663436,1.1200000047,0.0000000000,0.0000000000,0.0000000000
2026-10-04 17:56:50,0.3604602336,4031.6000976562,14.8666667938,18.3999996185,0.2793333292,4.0000000000,66.0333328247,66.0333328247,66.0333328247,2.9333333969,1.3600000143,0.5266666889,0.5273333072,0.0800000095,0.0000000000,0.0000000000,0.0000000000
2026-10-04 18:02:45,0.3608478307,3243.4665527343,17.0666675567,20.6000003814,0.3026666641,2.5999999046,66.0400009155,66.0400009155,66.0400009155,2.9333333969,1.3533333539,0.5266666889,0.5273333072,0.0800000095,0.0000000000,0.0000000000,0.0000000000
2026-10-04 18:08:41,0.3619533777,2743.1333007812,12.3333330154,15.8666667938,0.0673333358,2.5999999046,66.0466690063,66.0466690063,66.0466690063,3.0000000000,1.3466666936,0.5466666698,0.5360000133,0.0800000095,0.0000000000,0.0000000000,0.0000000000
2026-10-04 18:14:35,0.3619211912,2040.1999511718,31.2666664123,38.3333320617,0.3319999933,4.0000000000,132.0933380126,132.0933380126,132.0933380126,6.1999998092,2.6800000667,1.1333333253,1.0953333377,0.1600000143,0.0000000000,0.0000000000,0.0000000000
2026-10-04 18:20:31,0.3621490955,1377.5333251953,16.3333339691,19.8666667938,0.2119999885,1.6666666030,66.0466690063,66.0466690063,66.0466690063,3.2666666507,1.3333333730,0.6000000000,0.5679999351,0.0800000095,0.0000000000,0.0000000000,0.0000000000
2026-10-04 18:26:25,0.3622144460,1168.1333007812,28.2000007629,35.2666664123,0.2406666517,2.2000000476,132.1066589355,132.1066589355,132.1066589355,6.7333331108,2.6133334636,1.2266666889,1.1519999504,0.1600000143,0.0000000000,0.0000000000,0.0000000000
2026-10-04 18:32:20,0.3622247695,1248.0666503906,14.1999998092,17.7333335876,0.1359999895,1.3999999809,66.0600051879,66.0600051879,66.0600051879,3.4000000953,1.2999999523,0.6199999809,0.5793333053,0.0800000095,0.0000000000,0.0000000000,0.0000000000
2026-10-04 18:38:16,0.3622030735,1145.9333496093,14.1999998092,17.7333335876,0.0933333301,1.2000000476,66.0533294677,66.0533294677,66.0533294677,3.4000000953,1.2999999523,0.6133333206,0.5766666412,0.0800000095,0.0000000000,0.0000000000,0.0000000000
2026-10-04 18:44:10,0.3622304201,595.1333618164,26.0666675567,33.1333351135,0.2946666717,1.6000000000,132.1066589355,132.1066589355,132.1066589355,6.8000001907,2.5999999046,1.2333333492,1.1553331613,0.1600000143,0.0000000000,0.0000000000,0.0000000000
2026-10-04 18:50:03,0.3622041225,479.7333374023,45.3333320617,55.9333343505,0.2446666717,1.4666666984,198.1733398437,198.1733398437,198.1733398437,10.1999998092,3.9000000953,1.8600001335,1.7413332462,0.2400000095,0.0000000000,0.0000000000,0.0000000000
2026-10-04 18:55:58,0.3622807502,380.7999877929,26.9333324432,34.0000000000,0.2560000181,0.6000000000,132.1266632080,132.1266632080,132.1266632080,6.8666667938,2.5999999046,1.2333333492,1.1606667041,0.1600000143,0.0000000000,0.0000000000,0.0000000000
2026-10-04 19:01:51,0.3623279571,201.5333404541,43.2666664123,53.8666648864,0.4333333492,0.6000000000,198.1933288574,198.1933288574,198.1933288574,10.3999996185,3.8666666030,1.8600001335,1.7413332462,0.2400000095,0.0000000000,0.0000000000,0.0000000000
2026-10-04 19:07:45,0.3624009609,84.3333358764,30.9333324432,38.0000000000,0.2833333206,0.2666666746,132.1333312988,132.1333312988,132.1333312988,7.0666666030,2.5466666221,1.2466666698,1.1673332452,0.1600000143,0.0000000000,0.0000000000,0.0000000000
2026-10-04 19:13:41,0.3624932527,32.2000007629,15.1333332061,18.6666660308,0.1659999942,0.0000000000,66.0800018310,66.0800018310,66.0800018310,3.5333333015,1.2599999904,0.6266667366,0.5853332996,0.0800000095,0.0000000000,0.0000000000,0.0000000000
2026-10-04 19:19:36,0.3627238035,8.7333335876,15.0000000000,18.5333328247,0.2033333301,0.0000000000,66.0800018310,66.0800018310,66.0800018310,3.6666667461,1.2400000095,0.6400000572,0.5953332901,0.0800000095,0.0000000000,0.0000000000,0.0000000000
2026-10-04 19:25:31,0.3628820180,2.9333333969,28.2666664123,35.3333320617,0.2613333225,0.0000000000,132.1799926757,132.1799926757,132.1799926757,7.8000001907,2.4200003147,1.3266667127,1.2180000543,0.1600000143,0.0000000000,0.0000000000,0.0000000000
2026-10-04 19:31:25,0.3630869150,1.1333333253,36.9333343505,44.0000000000,0.2346666574,0.0000000000,132.1866760253,132.1866760253,132.1866760253,7.9333333969,2.3933334350,1.3466666936,1.2313333749,0.1600000143,0.0000000000,0.0000000000,0.0000000000
2026-10-04 19:37:20,0.3632327079,0.2000000000,35.8666648864,42.9333343505,0.3326666593,0.0000000000,132.2066802978,132.2066802978,132.2066802978,8.0000000000,2.3600001335,1.3199999332,1.2139999866,0.1600000143,0.0000000000,0.0000000000,0.0000000000
2026-10-04 19:43:14,0.3630871295,0.0000000000,32.3333320617,39.4000015258,0.2733333349,0.0000000000,132.1999969482,132.1999969482,132.1999969482,7.7333331108,2.3266668319,1.2266668081,1.1586667299,0.1600000143,0.0000000000,0.0000000000,0.0000000000
2026-10-04 19:49:09,0.3630321502,0.0000000000,17.6666660308,21.2000007629,0.1546666622,0.0000000000,66.0933380126,66.0933380126,66.0933380126,3.7999999523,1.1533334255,0.5866666793,0.5659999847,0.0800000095,0.0000000000,0.0000000000,0.0000000000
2026-10-04 19:55:05,0.3630546331,0.0000000000,15.6000003814,19.1333332061,0.0879999923,0.0000000000,66.0933380126,66.0933380126,66.0933380126,3.7999999523,1.1466667652,0.5733333587,0.5599999904,0.0800000095,0.0000000000,0.0000000000,0.0000000000
2026-10-04 20:00:59,0.3631768226,0.0000000000,31.2666664123,38.3333320617,0.1293333292,0.0000000000,132.1933288574,132.1933288574,132.1933288574,7.7333331108,2.2666666507,1.1666666269,1.1293332576,0.1600000143,0.0000000000,0.0000000000,0.0000000000
2026-10-04 20:06:52,0.3633717536,0.0000000000,44.9333343505,55.5333328247,0.1019999980,0.0000000000,198.3066711425,198.3066711425,198.3066711425,11.7333335876,3.3666665554,1.7733334541,1.7059999465,0.2400000095,0.0000000000,0.0000000000,0.0000000000
2026-10-04 20:12:47,0.3634910106,0.0000000000,27.3333339691,34.4000015258,0.1293333292,0.0000000000,132.1999969482,132.1999969482,132.1999969482,7.8666667938,2.2333333492,1.1866667270,1.1393333673,0.1600000143,0.0000000000,0.0000000000,0.0000000000
2026-10-04 20:18:41,0.3633384704,0.0000000000,32.9333343505,40.0666656494,0.1286666631,0.2666666746,132.1999969482,132.1999969482,132.1999969482,7.9333333969,2.2200002670,1.1866667270,1.1380000114,0.1600000143,0.0000000000,0.0000000000,0.0000000000
2026-10-04 20:24:36,0.3625681638,0.0000000000,30.7333335876,37.7999992370,0.1353333234,0.2000000000,132.1933288574,132.1933288574,132.1933288574,8.0000000000,2.2133333683,1.1866667270,1.1393333673,0.1600000143,0.0000000000,0.0000000000,0.0000000000
2026-10-04 20:30:30,0.3626623153,0.0000000000,25.9333324432,33.0000000000,0.0933333301,0.1333333373,132.1999969482,132.1999969482,132.1999969482,8.0000000000,2.2066664695,1.1866667270,1.1426665782,0.1600000143,0.0000000000,0.0000000000,0.0000000000
2026-10-04 20:36:23,0.3626954317,0.0000000000,44.4666671752,55.0666656494,0.2779999971,0.1333333373,198.2666625976,198.2666625976,198.2666625976,12.0000000000,3.2999999523,1.7800001144,1.7126666069,0.2400000095,0.0000000000,0.0000000000,0.0000000000
2026-10-04 20:42:18,0.3627876281,0.0000000000,29.6666660308,36.7333335876,0.2026666641,0.0000000000,132.1733245849,132.1733245849,132.1733245849,8.0666666030,2.2000000476,1.1866667270,1.1426665782,0.1600000143,0.0000000000,0.0000000000,0.0000000000
2026-10-04 20:48:12,0.3628180980,0.0000000000,27.4666671752,34.5333328247,0.1946666717,0.0666666698,132.1733398437,132.1733398437,132.1733398437,8.1333332061,2.2000000476,1.1866667270,1.1433333158,0.1600000143,0.0000000000,0.0000000000,0.0000000000
2026-10-04 20:54:05,0.3627905368,0.0000000000,46.1333351135,56.7999992370,0.1786666488,0.1333333373,198.2333374023,198.2333374023,198.2333374023,12.1999998092,3.2866668701,1.7933334350,1.7186665534,0.2400000095,0.0000000000,0.0000000000,0.0000000000
2026-10-04 20:59:59,0.3628573417,0.0000000000,47.4000015258,58.0000000000,0.1679999923,0.0000000000,198.2266693115,198.2266693115,198.2266693115,12.1999998092,3.2799997329,1.7933334350,1.7186665534,0.2400000095,0.0000000000,0.0000000000,0.0000000000
2026-10-04 21:05:51,0.3628751039,0.0000000000,65.3333358764,79.4666671752,0.2240000009,0.0000000000,264.3466491699,264.3466491699,264.3466491699,16.4666671752,4.3400006294,2.4000000953,2.2986667156,0.3200000286,0.0000000000,0.0000000000,0.0000000000
2026-10-04 21:11:44,0.3630125999,0.0000000000,43.4666671752,54.0666656494,0.1326666474,0.0666666698,198.2466583251,198.2466583251,198.2466583251,12.3999996185,3.2400002479,1.7999999523,1.7266665458,0.2400000095,0.0000000000,0.0000000000,0.0000000000
2026-10-04 21:17:37,0.3630371332,0.0000000000,39.3333320617,49.9333343505,0.1799999952,0.1333333373,198.2466583251,198.2466583251,198.2466583251,12.3999996185,3.2266666889,1.7800001144,1.7166666984,0.2400000095,0.0000000000,0.0000000000,0.0000000000
2026-10-04 21:23:31,0.3630763530,0.0000000000,39.0666656494,49.7333335876,0.1933333396,0.0000000000,198.2466583251,198.2466583251,198.2466583251,12.3999996185,3.2200002670,1.7800001144,1.7146666049,0.2400000095,0.0000000000,0.0000000000,0.0000000000
2026-10-04 21:29:24,0.3643865108,0.0000000000,44.4000015258,55.0000000000,0.2519999742,0.0000000000,198.2266693115,198.2266693115,198.2266693115,12.3999996185,3.2000000476,1.7800001144,1.7119999885,0.2400000095,0.0000000000,0.0000000000,0.0000000000
2026-10-04 21:35:17,0.3644925117,0.0000000000,38.2000007629,48.7999992370,0.1506666660,0.0666666698,198.2466583251,198.2466583251,198.2466583251,12.4666662216,3.1866669654,1.7733334541,1.7113333702,0.2400000095,0.0000000000,0.0000000000,0.0000000000
2026-10-04 21:41:10,0.3644432067,0.0000000000,36.0000000000,46.5999984741,0.2046666383,0.2000000000,198.2466583251,198.2466583251,198.2466583251,12.6000003814,3.1666667461,1.7866668701,1.7166666984,0.2400000095,0.0000000000,0.0000000000,0.0000000000
