2026-10-05 22:16:29,0.3632318019,0.0000000000,214.6666717529,264.1333312988,0.9499999046,0.4000000000,930.7733154296,930.7733154296,930.7733154296,56.9333343505,7.1933321952,0.6599998950,4.6573328971,1.1200000047,0.4666666507,0.0000000000,0.0000000000
2026-10-05 22:22:03,0.3632328033,0.0000000000,262.3999938964,291.4666748046,0.8879999160,0.6000000000,997.2067260742,997.2067260742,997.2067260742,61.0000000000,7.6666660308,0.7199999809,4.9933328628,1.2000000476,0.0000000000,0.0000000000,0.0000000000
2026-10-05 22:27:37,0.3632611274,0.0000000000,241.0666656494,294.0666809082,1.3186666965,1.0000000000,997.2466430664,997.2466430664,997.2466430664,60.3333320617,7.6666655540,0.6066666603,4.9493336677,1.2000000476,2.2666666507,0.0000000000,0.0000000000
2026-10-05 22:33:11,0.3631414175,0.0000000000,226.8666687011,279.8666687011,1.9399999618,0.9333333015,997.2399902343,997.2399902343,997.2399902343,59.4666671752,7.8133335113,0.5333333492,4.9180002212,1.2000000476,4.8000001907,0.0000000000,0.0000000000
2026-10-05 22:38:45,0.3630233049,0.0000000000,216.3333282470,265.9333190917,1.7199998855,0.8000000000,930.7799682617,930.7799682617,930.7799682617,55.2000007629,7.3733344078,0.4799999713,4.5820002555,1.1200000047,4.4666666984,0.0000000000,0.0000000000
2026-10-05 22:44:19,0.3630067825,0.0000000000,218.4666595458,267.9333190917,1.5079998970,0.0000000000,930.7200317382,930.7200317382,930.7200317382,55.0666656494,7.3733344078,0.4733333110,4.5786666870,1.1200000047,3.2000000476,0.0000000000,0.0000000000
2026-10-05 22:49:53,0.3629927635,0.0000000000,220.6000061035,273.6000061035,1.3066667318,0.0000000000,997.1666870117,997.1666870117,997.1666870117,59.2000007629,7.9000010490,0.5266666412,4.9186658859,1.2000000476,2.7333333492,0.0000000000,0.0000000000
2026-10-05 22:55:26,0.3630601167,0.0000000000,236.6000061035,289.6666564941,1.2820000648,0.0000000000,997.1734008789,997.1734008789,997.1734008789,60.0000000000,7.8200011253,0.5933332920,4.9433336257,1.2000000476,1.3333333730,0.0000000000,0.0000000000
2026-10-05 23:01:00,0.3630479335,0.0000000000,238.6666717529,291.7999877929,1.4519999027,0.1333333373,997.1399536132,997.1399536132,997.1399536132,59.9333343505,7.7799997329,0.5866666316,4.9379992485,1.2000000476,3.2000000476,0.0000000000,0.0000000000
2026-10-05 23:06:34,0.3630722045,0.0000000000,229.9333343505,282.9333190917,1.2293332815,0.0000000000,997.2001342773,997.2001342773,997.2001342773,60.6666679382,7.6466660499,0.6599998950,4.9706668853,1.2000000476,1.8666666984,0.0000000000,0.0000000000
2026-10-05 23:12:08,0.3631359577,0.0000000000,237.6000061035,290.6666564941,1.3326666355,0.0000000000,997.1734008789,997.1734008789,997.1734008789,62.0000000000,7.4933333396,0.7199999809,4.9900002479,1.2000000476,1.6666666030,0.0000000000,0.0000000000
2026-10-05 23:17:42,0.3632140159,0.0000000000,238.4666595458,291.5333251953,1.2806667137,0.0666666698,997.2400512695,997.2400512695,997.2400512695,61.8666648864,7.4000010490,0.6866665840,4.9779996871,1.2000000476,1.6666666030,0.0000000000,0.0000000000
2026-10-05 23:23:16,0.3631279706,0.0000000000,220.9333343505,270.4666748046,1.3753334283,0.5333333492,930.7666625976,930.7666625976,930.7666625976,57.3333320617,6.9466671943,0.5666666030,4.6226663589,1.1200000047,2.5333333015,0.0000000000,0.0000000000
2026-10-05 23:28:50,0.3632082939,0.0000000000,241.1333312988,294.2000122070,1.2806665897,0.0000000000,997.2865600585,997.2865600585,997.2865600585,62.9333343505,7.3000006675,0.8133334159,5.0306668281,1.2000000476,1.7333333492,0.0000000000,0.0000000000
2026-10-05 23:34:23,0.3633285999,0.0000000000,242.6000061035,295.6000061035,1.1813333034,0.1333333373,997.2600097656,997.2600097656,997.2600097656,64.0000000000,7.1599993705,0.8666666984,5.0466670989,1.2000000476,1.6000000000,0.0000000000,0.0000000000
2026-10-05 23:39:57,0.3633330821,0.0000000000,226.0666656494,279.2000122070,1.2339999675,0.1333333373,997.1799926757,997.1799926757,997.1799926757,64.0000000000,7.1066660881,0.8466666221,5.0446667671,1.2000000476,1.2000000476,0.0000000000,0.0000000000
2026-10-05 23:45:31,0.3632732629,0.0000000000,238.1999969482,291.2000122070,1.3099999427,0.8000000000,997.1867675781,997.1867675781,997.1867675781,63.0000000000,7.1199994087,0.7199999809,4.9973330497,1.2000000476,1.6000000000,0.0000000000,0.0000000000
2026-10-05 23:51:05,0.3624531269,0.0000000000,206.3333282470,231.9333343505,0.9359999656,0.7333333492,930.7733154296,930.7733154296,930.7733154296,58.7999992370,6.7199993133,0.6866666793,4.6713328361,1.1200000047,1.2000000476,0.0000000000,0.0000000000
2026-10-05 23:56:39,0.3625564813,0.0000000000,251.0666656494,304.0666809082,1.0939999771,0.8666666984,997.3801269531,997.3801269531,997.3801269531,63.9333343505,7.1599993705,0.9133332252,5.0693325996,1.2000000476,0.0000000000,0.0000000000,0.0000000000
2026-10-06 00:02:12,0.3626105546,0.0000000000,280.3333435058,237.3333282470,0.6453333377,0.0000000000,997.2999267578,997.2999267578,997.2999267578,65.1999969482,7.0066671371,0.9866665840,5.0999999046,1.2000000476,0.0000000000,0.0000000000,0.0000000000
2026-10-06 00:08:00,0.3632493972,0.0000000000,114.5333328247,139.2666625976,0.4086667060,0.0000000000,465.4132995605,465.4132995605,465.4132995605,30.3999996185,3.1933336257,0.3733333349,2.3480000495,0.5599999904,0.4000000000,0.0000000000,0.0000000000
2026-10-06 00:13:48,0.3632148504,0.0000000000,117.5999984741,142.3999938964,0.4339999675,0.2666666746,465.4266357421,465.4266357421,465.4266357421,29.8666667938,3.2133333683,0.2799999952,2.3159997463,0.5599999904,0.8000000000,0.0000000000,0.0000000000
2026-10-06 00:19:37,0.3632421970,0.0000000000,120.1333312988,120.9333343505,0.3233333587,0.0666666698,465.4466552734,465.4466552734,465.4466552734,30.1333332061,3.1533334255,0.3066666603,2.3253333568,0.5599999904,0.0000000000,0.0000000000,0.0000000000
2026-10-06 00:25:25,0.3634371280,0.0000000000,110.9333343505,135.6666717529,0.3833333492,0.0666666698,465.4533081054,465.4533081054,465.4533081054,30.3333339691,3.0999996662,0.2933333206,2.3233332633,0.5599999904,0.0000000000,0.0000000000,0.0000000000
2026-10-06 00:31:14,0.3634883880,0.0000000000,123.4666671752,124.2666702270,0.3626666307,0.2000000000,465.4666748046,465.4666748046,465.4666748046,30.3999996185,3.0200002193,0.2533333539,2.3066668510,0.5599999904,0.3333333492,0.0000000000,0.0000000000
2026-10-06 00:37:03,0.3634508609,0.0000000000,122.2666702270,147.0000000000,0.3646666526,0.5333333492,465.5066833496,465.5066833496,465.5066833496,30.2666664123,3.0199999809,0.2133333444,2.2906668186,0.5599999904,0.0000000000,0.0000000000,0.0000000000
2026-10-06 00:42:51,0.3633199691,0.0000000000,122.9333343505,123.6666641235,0.5133333683,0.6000000000,465.5466918945,465.5466918945,465.5466918945,29.9333324432,3.0533332824,0.1866666793,2.2826664447,0.5599999904,0.6666666984,0.0000000000,0.0000000000
2026-10-06 00:48:39,0.3639632463,0.0000000000,132.4666595458,133.1999969482,0.6539999961,0.6000000000,465.5600280761,465.5600280761,465.5600280761,29.8666667938,3.0999999046,0.1733333492,2.2786667346,0.5599999904,1.0666667222,0.0000000000,0.0000000000
2026-10-06 00:54:28,0.3644936561,0.0000000000,134.3333282470,111.0666656494,0.4960000038,0.4666666507,465.5466918945,465.5466918945,465.5466918945,30.0666675567,3.0266668796,0.1866666793,2.2806665897,0.5599999904,0.6666666984,0.0000000000,0.0000000000
2026-10-06 01:00:16,0.3644773006,0.0000000000,138.7333374023,115.5333328247,0.3579999923,0.3333333492,465.5200195312,465.5200195312,465.5200195312,30.3333339691,3.0133333206,0.1866666793,2.2820000648,0.5599999904,0.0000000000,0.0000000000,0.0000000000
2026-10-06 01:06:05,0.3644131183,0.0000000000,119.0666656494,119.8000030517,0.3066667079,0.4000000000,465.5267028808,465.5267028808,465.5267028808,30.3333339691,2.9866668701,0.1866666793,2.2820000648,0.5599999904,0.3333333492,0.0000000000,0.0000000000
2026-10-06 01:11:53,0.3644632339,0.0000000000,133.1333312988,85.8666687011,0.4573333740,0.3333333492,465.5467224121,465.5467224121,465.5467224121,30.3333339691,2.9599998474,0.1599999904,2.2773332595,0.5599999904,0.3333333492,0.0000000000,0.0000000000
