2026-09-26 22:14:01,0.3665481090,0.0000000000,255.2666625976,209.6000061035,0.6053333282,1.5333333015,928.3933715820,928.3933715820,928.3933715820,70.0000000000,13.3933353424,9.4399995803,8.7333335876,1.1200000047,0.0000000000,0.0000000000,0.0000000000
2026-09-26 22:19:35,0.3670090675,0.0000000000,286.9333190917,220.6000061035,0.4946666717,1.4666666984,994.7067871093,994.7067871093,994.7067871093,75.7333297729,14.1999979019,10.0600004196,9.3280000686,1.2000000476,0.0000000000,0.0000000000,0.0000000000
2026-09-26 22:25:09,0.3680449724,0.0000000000,270.3333435058,248.0000000000,0.4666666507,1.8666666984,928.3600463867,928.3600463867,928.3600463867,70.9333343505,13.2066679000,9.3333330154,8.6880006790,1.1200000047,0.0000000000,0.0000000000,0.0000000000
2026-09-26 22:30:43,0.3681215286,0.0000000000,270.5333251953,224.8000030517,0.4060000419,1.6666666030,928.3934326171,928.3934326171,928.3934326171,70.9333343505,13.0866670608,9.2600002288,8.6333332061,1.1200000047,0.0000000000,0.0000000000,0.0000000000
2026-09-26 22:36:17,0.3684874773,0.0000000000,264.3999938964,242.5333404541,0.4453333854,1.6666666030,928.3734130859,928.3734130859,928.3734130859,70.9333343505,13.0666666030,9.2466678619,8.6366672515,1.1200000047,0.0000000000,0.0000000000,0.0000000000
2026-09-26 22:41:51,0.3695116519,0.0000000000,273.8666687011,279.7333374023,0.3680000305,1.4666666984,994.6467285156,994.6467285156,994.6467285156,76.0000000000,13.9933328628,9.9266662597,9.2579994201,1.2000000476,0.0000000000,0.0000000000,0.0000000000
2026-09-26 22:47:25,0.3696392774,0.0000000000,237.5333404541,263.7333374023,0.3119999885,1.3333333730,928.3867797851,928.3867797851,928.3867797851,71.0000000000,12.9466676712,9.2333335876,8.6093320846,1.1200000047,0.0000000000,0.0000000000,0.0000000000
2026-09-26 22:52:59,0.3695674896,0.0000000000,242.8000030517,272.0000000000,0.3666666507,1.6666666030,994.7067871093,994.7067871093,994.7067871093,76.1999969482,13.7933349609,9.8066682815,9.1820001602,1.2000000476,0.0000000000,0.0000000000,0.0000000000
2026-09-26 22:58:32,0.3697031974,0.0000000000,252.8000030517,254.3333282470,0.4320000171,1.7999999523,928.3600463867,928.3600463867,928.3600463867,71.8000030517,12.7333345413,9.0533323287,8.5253334045,1.1200000047,0.0000000000,0.0000000000,0.0000000000
2026-09-26 23:04:06,0.3696224212,0.0000000000,268.6666564941,250.0666656494,0.4613333225,1.8666666984,994.6600952148,994.6600952148,994.6600952148,77.0000000000,13.5866680145,9.6933317184,9.1079998016,1.2000000476,0.0000000000,0.0000000000,0.0000000000
2026-09-26 23:09:40,0.3698754787,0.0000000000,276.5333251953,258.4666748046,0.4439999580,1.7333333492,994.6132202148,994.6132202148,994.6132202148,77.0000000000,13.4733314514,9.6199998855,9.0859994888,1.2000000476,0.0000000000,0.0000000000,0.0000000000
2026-09-26 23:15:14,0.3698966264,0.0000000000,278.5333251953,259.6666564941,0.4073333263,1.8666666984,994.5466308593,994.5466308593,994.5466308593,77.4000015258,13.3933315277,9.6000003814,9.0760011672,1.2000000476,0.0000000000,0.0000000000,0.0000000000
2026-09-26 23:20:48,0.3699245452,0.0000000000,272.5333251953,278.3333435058,0.3386666536,1.9333333015,994.5067138671,994.5067138671,994.5067138671,78.0000000000,13.3000020980,9.6000003814,9.0613346099,1.2000000476,0.0000000000,0.0000000000,0.0000000000
2026-09-26 23:26:22,0.3697369337,0.0000000000,277.0666809082,183.4666595458,0.3193333387,1.7333333492,928.1334838867,928.1334838867,928.1334838867,72.8000030517,12.3000001907,8.8933324813,8.4326667785,1.1200000047,0.0000000000,0.0000000000,0.0000000000
2026-09-26 23:31:56,0.3695199012,0.0000000000,287.5333251953,145.9333343505,0.3506666660,1.3999999809,928.0399169921,928.0399169921,928.0399169921,72.8000030517,12.1666669845,8.7866678237,8.3666667938,1.1200000047,0.0000000000,0.0000000000,0.0000000000
2026-09-26 23:37:29,0.3714866876,0.0000000000,311.5333251953,101.3333358764,0.4299999713,1.9333333015,994.2533569335,994.2533569335,994.2533569335,78.3333358764,12.8800010681,9.3066682815,8.9139995574,1.2000000476,0.0000000000,0.0000000000,0.0000000000
2026-09-26 23:43:03,0.3750323772,0.0000000000,324.2666625976,41.6666679382,0.4433332920,1.4666666984,994.2532958984,994.2532958984,994.2532958984,79.0000000000,12.7666664123,9.2466669082,8.8786668777,1.2000000476,0.0000000000,0.0000000000,0.0000000000
2026-09-26 23:48:45,0.3797780275,0.0000000000,190.8000030517,30.8666667938,0.2360000133,1.0666667222,596.5266723632,596.5266723632,596.5266723632,47.4000015258,7.5933327674,5.5333337783,5.3133325576,0.7199999809,0.0000000000,0.0000000000,0.0000000000
2026-09-26 23:54:36,0.3852359294,0.0000000000,101.9333343505,47.9333343505,0.1059999942,0.6666666984,331.3999938964,331.3999938964,331.3999938964,26.5333328247,4.1999998092,3.0933332443,2.9613332748,0.4000000000,0.0000000000,0.0000000000,0.0000000000
2026-09-27 00:00:26,0.3893241405,0.0000000000,114.5999984741,111.8666687011,0.1653333282,0.7333333492,397.6666870117,397.6666870117,397.6666870117,32.0000000000,5.0000000000,3.6800000667,3.5419998168,0.4799999713,0.0000000000,0.0000000000,0.0000000000
2026-09-27 00:06:16,0.3919951629,0.0000000000,97.1999969482,67.1333312988,0.0966666603,0.6666666984,331.3599853515,331.3599853515,331.3599853515,26.6666660308,4.1666665077,3.0533330440,2.9459999084,0.4000000000,0.0000000000,0.0000000000,0.0000000000
2026-09-27 00:12:07,0.3969817638,0.0000000000,104.9333343505,50.9333343505,0.1019999980,0.3333333492,331.3266601562,331.3266601562,331.3266601562,26.3333339691,4.1066670417,2.9800003051,2.9013333320,0.4000000000,0.0000000000,0.0000000000,0.0000000000
2026-09-27 00:17:57,0.4032990455,0.0000000000,115.5333328247,65.1333312988,0.0826666641,0.5333333492,397.5733032226,397.5733032226,397.5733032226,31.7333335876,4.8599996566,3.5066668987,3.4466667175,0.4799999713,0.0000000000,0.0000000000,0.0000000000
2026-09-27 00:23:47,0.4088987827,0.0000000000,87.5999984741,85.0666656494,0.0486666679,0.8000000000,397.5400085449,397.5400085449,397.5400085449,32.0000000000,4.7866668701,3.4599995613,3.4193332195,0.4799999713,0.0000000000,0.0000000000,0.0000000000
2026-09-27 00:29:37,0.4145159244,0.0000000000,107.9333343505,5.8000001907,0.0973333263,0.9333333015,331.2599792480,331.2599792480,331.2599792480,26.6666660308,3.9399997711,2.8666666030,2.8439996719,0.4000000000,0.0000000000,0.0000000000,0.0000000000
2026-09-27 00:35:27,0.4193428039,0.0000000000,133.5333404541,10.8000001907,0.1686666584,0.6666666984,397.4800109863,397.4800109863,397.4800109863,32.0000000000,4.7066664695,3.4266667366,3.4019999504,0.4799999713,0.0000000000,0.0000000000,0.0000000000
2026-09-27 00:41:17,0.4238966941,0.0000000000,130.3999938964,8.0000000000,0.2000000000,0.4000000000,397.4733276367,397.4733276367,397.4733276367,31.8666667938,4.6666665077,3.3399999141,3.3546664714,0.4799999713,0.0000000000,0.0000000000,0.0000000000
2026-09-27 00:47:07,0.4270138263,0.0000000000,109.0000000000,10.6000003814,0.1539999961,0.4000000000,397.4200134277,397.4200134277,397.4200134277,31.6000003814,4.6399998664,3.2799999713,3.3213334083,0.4799999713,0.0000000000,0.0000000000,0.0000000000
2026-09-27 00:52:57,0.4290243148,0.0000000000,134.1333312988,11.6666669845,0.1593333244,0.4666666507,397.4200134277,397.4200134277,397.4200134277,31.3999996185,4.6600003242,3.2533330917,3.3066666126,0.4799999713,0.0000000000,0.0000000000,0.0000000000
2026-09-27 00:58:46,0.4288982868,0.0000000000,122.1333312988,47.5333328247,0.1633333206,0.6666666984,397.4066772460,397.4066772460,397.4066772460,31.1333332061,4.6933336257,3.2266666889,3.2886667251,0.4799999713,0.0000000000,0.0000000000,0.0000000000
2026-09-27 01:04:35,0.4221547603,0.0000000000,137.8000030517,114.9333343505,0.2573333024,0.8000000000,463.6199951171,463.6199951171,463.6199951171,35.5999984741,5.5600004196,3.7066667079,3.8046667098,0.5599999904,0.0000000000,0.0000000000,0.0000000000
