2026-10-02 04:15:28,0.7863169193,1.0000000000,0.0000000000,0.0000000000,0.0000000000,0.0000000000,0.0000000000,0.0000000000,0.0000000000,0.0000000000,0.0000000000,0.0000000000,0.0000000000,0.0000000000,0.0000000000,0.0000000000,0.0000000000
2026-10-02 04:21:02,0.7918636798,1.0000000000,0.0000000000,0.0000000000,0.0000000000,0.0000000000,0.0000000000,0.0000000000,0.0000000000,0.0000000000,0.0000000000,0.0000000000,0.0000000000,0.0000000000,0.0000000000,0.0000000000,0.0000000000
2026-10-02 04:26:37,0.8239983558,1.0000000000,0.0000000000,0.0000000000,0.0000000000,0.0000000000,0.0000000000,0.0000000000,0.0000000000,0.0000000000,0.0000000000,0.0000000000,0.0000000000,0.0000000000,0.0000000000,0.0000000000,0.0000000000
2026-10-02 04:32:11,0.7976974487,1.0000000000,0.0000000000,0.0000000000,0.0000000000,0.0000000000,0.0000000000,0.0000000000,0.0000000000,0.0000000000,0.0000000000,0.0000000000,0.0000000000,0.0000000000,0.0000000000,0.0000000000,0.0000000000
2026-10-02 04:37:45,0.7529831886,1.0000000000,0.0000000000,0.0000000000,0.0000000000,0.0000000000,0.0000000000,0.0000000000,0.0000000000,0.0000000000,0.0000000000,0.0000000000,0.0000000000,0.0000000000,0.0000000000,0.0000000000,0.0000000000
2026-10-02 04:43:19,0.7582414150,1.0000000000,0.0000000000,0.0000000000,0.0000000000,0.0000000000,0.0000000000,0.0000000000,0.0000000000,0.0000000000,0.0000000000,0.0000000000,0.0000000000,0.0000000000,0.0000000000,0.0000000000,0.0000000000
2026-10-02 04:48:53,0.7092440128,1.0000000000,0.0000000000,0.0000000000,0.0000000000,0.0000000000,0.0000000000,0.0000000000,0.0000000000,0.0000000000,0.0000000000,0.0000000000,0.0000000000,0.0000000000,0.0000000000,0.0000000000,0.0000000000
2026-10-02 04:54:27,0.7458683013,1.0000000000,0.0000000000,0.0000000000,0.0000000000,0.0000000000,0.0000000000,0.0000000000,0.0000000000,0.0000000000,0.0000000000,0.0000000000,0.0000000000,0.0000000000,0.0000000000,0.0000000000,0.0000000000
2026-10-02 05:00:01,0.6780145168,1.0000000000,0.0000000000,0.0000000000,0.0000000000,0.0000000000,0.0000000000,0.0000000000,0.0000000000,0.0000000000,0.0000000000,0.0000000000,0.0000000000,0.0000000000,0.0000000000,0.0000000000,0.0000000000
2026-10-02 05:05:35,0.6731680870,1.0000000000,0.0000000000,0.0000000000,0.0000000000,0.0000000000,0.0000000000,0.0000000000,0.0000000000,0.0000000000,0.0000000000,0.0000000000,0.0000000000,0.0000000000,0.0000000000,0.0000000000,0.0000000000
2026-10-02 05:11:09,0.7807474136,1.0000000000,0.0000000000,0.0000000000,0.0000000000,0.0000000000,0.0000000000,0.0000000000,0.0000000000,0.0000000000,0.0000000000,0.0000000000,0.0000000000,0.0000000000,0.0000000000,0.0000000000,0.0000000000
2026-10-02 05:16:43,0.8323408126,1.0000000000,0.0000000000,0.0000000000,0.0000000000,0.0000000000,0.0000000000,0.0000000000,0.0000000000,0.0000000000,0.0000000000,0.0000000000,0.0000000000,0.0000000000,0.0000000000,0.0000000000,0.0000000000
2026-10-02 05:22:16,0.8491647720,1.0000000000,0.0000000000,0.0000000000,0.0000000000,0.0000000000,0.0000000000,0.0000000000,0.0000000000,0.0000000000,0.0000000000,0.0000000000,0.0000000000,0.0000000000,0.0000000000,0.0000000000,0.0000000000
2026-10-02 05:27:50,1.0441368818,1.0000000000,0.0000000000,0.0000000000,0.0000000000,0.0000000000,0.0000000000,0.0000000000,0.0000000000,0.0000000000,0.0000000000,0.0000000000,0.0000000000,0.0000000000,0.0000000000,0.0000000000,0.0000000000
2026-10-02 05:33:24,0.9913270950,1.0000000000,0.0000000000,0.0000000000,0.0000000000,0.0000000000,0.0000000000,0.0000000000,0.0000000000,0.0000000000,0.0000000000,0.0000000000,0.0000000000,0.0000000000,0.0000000000,0.0000000000,0.0000000000
2026-10-02 05:38:57,0.9043396949,1.0000000000,0.0000000000,0.0000000000,0.0000000000,0.0000000000,0.0000000000,0.0000000000,0.0000000000,0.0000000000,0.0000000000,0.0000000000,0.0000000000,0.0000000000,0.0000000000,0.0000000000,0.0000000000
2026-10-02 05:44:31,1.0610345602,1.0000000000,0.0000000000,0.0000000000,0.0000000000,0.0000000000,0.0000000000,0.0000000000,0.0000000000,0.0000000000,0.0000000000,0.0000000000,0.0000000000,0.0000000000,0.0000000000,0.0000000000,0.0000000000
2026-10-02 05:50:13,1.0794471502,1.0000000000,0.0000000000,0.0000000000,0.0000000000,0.0000000000,0.0000000000,0.0000000000,0.0000000000,0.0000000000,0.0000000000,0.0000000000,0.0000000000,0.0000000000,0.0000000000,0.0000000000,0.0000000000
2026-10-02 05:56:01,0.8253109931,1.0000000000,122.3333358764,123.4000015258,0.7093333244,0.4666666507,461.2333374023,461.2333374023,461.2333374023,39.1333351135,5.8066668510,4.5999999046,4.3199996948,0.5599999904,0.0000000000,0.0000000000,0.0000000000
2026-10-02 06:01:50,0.8014000892,1.0000000000,108.3333358764,133.1333312988,0.7766666412,0.4666666507,461.2399597167,461.2399597167,461.2399597167,38.8666648864,5.7866668701,4.5333333015,4.2773332595,0.5599999904,0.0000000000,0.0000000000,0.0000000000
2026-10-02 06:07:38,0.9275537490,1.0000000000,119.8666687011,120.5999984741,0.3979999732,0.4666666507,461.1266479492,461.1266479492,461.1266479492,39.4000015258,5.7666668891,4.6266674995,4.3319997787,0.5599999904,0.0000000000,0.0000000000,0.0000000000
2026-10-02 06:13:27,0.9634886741,1.0000000000,115.4666671752,140.1999969482,0.6353332996,0.4666666507,461.0666809082,461.0666809082,461.0666809082,39.4666671752,5.7133331298,4.5466670989,4.2966666221,0.5599999904,0.0000000000,0.0000000000,0.0000000000
2026-10-02 06:19:15,0.9622732162,1.0000000000,119.8666687011,144.6000061035,0.5959999561,0.4666666507,461.1067199707,461.1067199707,461.1067199707,39.0000000000,5.6399998664,4.4066667556,4.2066664695,0.5599999904,0.0000000000,0.0000000000,0.0000000000
2026-10-02 06:25:03,0.9794517517,1.0000000000,128.4666595458,156.8000030517,0.9086666107,0.5333333492,527.0399780273,527.0399780273,527.0399780273,44.2666664123,6.3733339309,4.9133329391,4.7360000610,0.6399999618,0.0000000000,0.0000000000,0.0000000000
2026-10-02 06:30:51,1.0091762542,1.0000000000,129.0000000000,81.7333297729,0.6219999790,0.4666666507,461.1733398437,461.1733398437,461.1733398437,38.7333335876,5.5399999618,4.2599997520,4.1219997406,0.5599999904,0.0000000000,0.0000000000,0.0000000000
2026-10-02 06:36:40,1.0313924551,1.0000000000,112.4666671752,113.1999969482,0.5366666316,0.4000000000,461.1999816894,461.1999816894,461.1999816894,38.7333335876,5.4800000190,4.2333331108,4.1059999465,0.5599999904,0.0000000000,0.0000000000,0.0000000000
2026-10-02 06:42:28,1.0641423463,1.0000000000,118.0000000000,118.8000030517,0.5026666641,0.4666666507,461.1733703613,461.1733703613,461.1733703613,39.0000000000,5.4000000953,4.1733336448,4.0786666870,0.5599999904,0.0000000000,0.0000000000,0.0000000000
2026-10-02 06:48:17,1.0637974739,0.8666666984,117.4000015258,142.1999969482,0.4306666374,0.4666666507,461.1466674804,461.1466674804,461.1466674804,39.2000007629,5.3666667938,4.1933336257,4.0853333473,0.5599999904,0.0000000000,0.0000000000,0.0000000000
2026-10-02 06:54:05,0.7019665241,1.2666666507,111.9333343505,136.9333343505,0.4133333206,0.4666666507,461.2066345214,461.2066345214,461.2066345214,39.2666664123,5.3200001716,4.1666669845,4.0746669769,0.5599999904,0.0000000000,0.0000000000,0.0000000000
