2026-09-28 04:14:21,0.3650009155,0.0000000000,281.7333374023,115.5999984741,0.5699999809,0.0000000000,924.0200805664,924.0200805664,924.0200805664,66.2666702270,14.6533317565,9.8800001144,8.9746665954,1.1200000047,0.0000000000,0.0000000000,0.0000000000
2026-09-28 04:19:55,0.3650407552,0.0000000000,191.6666717529,97.4000015258,0.3779999971,0.0000000000,923.9866333007,923.9866333007,923.9866333007,66.2666702270,14.6533317565,9.8533325195,8.9539995193,1.1200000047,0.0000000000,0.0000000000,0.0000000000
2026-09-28 04:25:30,0.3650207757,0.0000000000,188.5333404541,94.0000000000,0.6326666831,0.3333333492,923.9801025390,923.9801025390,923.9801025390,66.2666702270,14.5666685104,9.8066673278,8.9206666946,1.1200000047,0.0000000000,0.0000000000,0.0000000000
2026-09-28 04:31:04,0.3650300741,0.0000000000,235.1333312988,117.3333358764,0.4673333168,0.5333333492,924.0265502929,924.0265502929,924.0265502929,66.2666702270,14.5600013732,9.7333335876,8.8880004882,1.1200000047,0.0000000000,0.0000000000,0.0000000000
2026-09-28 04:36:39,0.3650960683,0.0000000000,229.9333343505,112.3333358764,0.3500000000,0.4000000000,924.0599365234,924.0599365234,924.0599365234,66.8666687011,14.5400018692,9.8133335113,8.9346666336,1.1200000047,0.0000000000,0.0000000000,0.0000000000
2026-09-28 04:42:13,0.3650870561,0.0000000000,195.7333374023,174.1333312988,0.4733333110,0.8000000000,924.0598754882,924.0598754882,924.0598754882,67.0666656494,14.5199995040,9.8333330154,8.9433326721,1.1200000047,0.0000000000,0.0000000000,0.0000000000
2026-09-28 04:47:48,0.3650157690,0.0000000000,273.6000061035,107.8666687011,0.5680000305,0.8666666984,923.9866943359,923.9866943359,923.9866943359,67.1999969482,14.4600000381,9.8333330154,8.9406671524,1.1200000047,0.0000000000,0.0000000000,0.0000000000
2026-09-28 04:53:22,0.3650621891,0.0000000000,214.3333282470,120.6666641235,0.4706665992,0.4666666507,923.9733886718,923.9733886718,923.9733886718,67.1999969482,14.3733320236,9.8599996566,8.9613332748,1.1200000047,0.0000000000,0.0000000000,0.0000000000
2026-09-28 04:58:57,0.3651524782,0.0000000000,271.5333251953,81.9333343505,0.5193333148,0.1333333373,923.9999389648,923.9999389648,923.9999389648,67.3333358764,14.3733320236,9.8333330154,8.9506664276,1.1200000047,0.0000000000,0.0000000000,0.0000000000
2026-09-28 05:04:31,0.3651872634,0.0000000000,260.4666748046,166.8666687011,0.5559999465,0.6000000000,924.0332641601,924.0332641601,924.0332641601,68.0666656494,14.3000020980,9.8066673278,8.9406671524,1.1200000047,0.0000000000,0.0000000000,0.0000000000
2026-09-28 05:10:06,0.3651062965,0.0000000000,291.1333312988,125.4666671752,0.7933332920,0.9333333015,924.0598754882,924.0598754882,924.0598754882,68.1333312988,14.2800016403,9.8000001907,8.9333324432,1.1200000047,0.0000000000,0.0000000000,0.0000000000
2026-09-28 05:15:40,0.3650244235,0.0000000000,291.0666809082,149.3999938964,0.9593333244,0.9333333015,924.0533447265,924.0533447265,924.0533447265,67.9333343505,14.2800016403,9.7866659164,8.9299993515,1.1200000047,0.0000000000,0.0000000000,0.0000000000
2026-09-28 05:21:14,0.3649280309,0.0000000000,283.5333251953,141.8000030517,0.8026666641,0.9333333015,924.0199584960,924.0199584960,924.0199584960,67.1999969482,14.3533315658,9.7666664123,8.9039983749,1.1200000047,0.0000000000,0.0000000000,0.0000000000
2026-09-28 05:26:49,0.3648815631,0.0000000000,254.5333404541,208.8666687011,0.6413333415,0.9333333015,924.0399780273,924.0399780273,924.0399780273,67.1999969482,14.3733320236,9.7933330535,8.9226675033,1.1200000047,0.0000000000,0.0000000000,0.0000000000
2026-09-28 05:32:24,0.3648862361,0.0000000000,276.5333251953,134.5333404541,0.7433332920,0.6666666984,924.0732421875,924.0732421875,924.0732421875,67.3333358764,14.3733320236,9.8466663360,8.9546670913,1.1200000047,0.0000000000,0.0000000000,0.0000000000
2026-09-28 05:37:58,0.3642032623,0.0000000000,261.8666687011,72.2666702270,0.6586666584,0.6000000000,924.0798950195,924.0798950195,924.0798950195,67.7333297729,14.3733320236,9.8733339309,8.9726667404,1.1200000047,0.0000000000,0.0000000000,0.0000000000
2026-09-28 05:43:33,0.3643173933,0.0000000000,257.0666809082,91.0666656494,0.9233332633,0.5333333492,924.1467285156,924.1467285156,924.1467285156,67.7333297729,14.3733320236,9.8666667938,8.9739999771,1.1200000047,0.0000000000,0.0000000000,0.0000000000
2026-09-28 05:49:07,0.3643766880,0.0000000000,239.6666717529,49.2666664123,0.6593332767,0.1333333373,924.1933593750,924.1933593750,924.1933593750,68.0666656494,14.3733320236,9.9333333969,9.0086660385,1.1200000047,0.0000000000,0.0000000000,0.0000000000
2026-09-28 05:55:00,0.3643857240,0.0000000000,41.0666656494,0.2666666746,0.1453333139,0.0666666698,132.0399932861,132.0399932861,132.0399932861,9.6000003814,2.0533335208,1.4133334159,1.2799999713,0.1600000143,0.0000000000,0.0000000000,0.0000000000
2026-09-28 06:00:54,0.3643576145,0.0000000000,24.3999996185,7.5333333015,0.0446666622,0.0666666698,132.0399932861,132.0399932861,132.0399932861,9.7333335876,2.0533335208,1.4133334159,1.2840000343,0.1600000143,0.0000000000,0.0000000000,0.0000000000
2026-09-28 06:06:48,0.3643626689,0.0000000000,45.2666664123,4.4000000953,0.0593333292,0.1333333373,132.0466613769,132.0466613769,132.0466613769,9.7333335876,2.0533335208,1.4133334159,1.2866666316,0.1600000143,0.0000000000,0.0000000000,0.0000000000
2026-09-28 06:12:44,0.3644378423,0.0000000000,21.6000003814,1.2000000476,0.0479999971,0.0000000000,66.0266647338,66.0266647338,66.0266647338,4.8666667938,1.0266667604,0.7133333206,0.6446666717,0.0800000095,0.0000000000,0.0000000000,0.0000000000
2026-09-28 06:18:38,0.3645055055,0.0000000000,41.7333335876,0.8666666984,0.1000000000,0.0000000000,132.0399932861,132.0399932861,132.0399932861,9.8000001907,2.0399999618,1.4266666412,1.2919999313,0.1600000143,0.0000000000,0.0000000000,0.0000000000
2026-09-28 06:24:33,0.3644665718,0.0000000000,44.7333335876,3.8666666030,0.0526666641,0.0666666698,132.0399932861,132.0399932861,132.0399932861,9.8000001907,2.0399999618,1.4199999809,1.2893333435,0.1600000143,0.0000000000,0.0000000000,0.0000000000
2026-09-28 06:30:27,0.3645154237,0.0000000000,37.6666679382,44.7999992370,0.0853333377,0.0666666698,132.0399932861,132.0399932861,132.0399932861,9.8000001907,2.0266666412,1.4133334159,1.2846666526,0.1600000143,0.0000000000,0.0000000000,0.0000000000
2026-09-28 06:36:21,0.3650924921,0.6000000000,41.2000007629,24.2666664123,0.0793333339,0.0000000000,132.0533294677,132.0533294677,132.0533294677,9.8666667938,2.0266666412,1.4133334159,1.2893333435,0.1600000143,0.0000000000,0.0000000000,0.0000000000
2026-09-28 06:42:15,0.3658326625,0.5333333492,64.2666702270,3.0666666030,0.1379999995,0.2000000000,198.0866699218,198.0866699218,198.0866699218,14.8000001907,3.0333333015,2.1266667842,1.9313331604,0.2400000095,0.0000000000,0.0000000000,0.0000000000
2026-09-28 06:48:09,0.3657180070,2.0000000000,46.0000000000,5.0666666030,0.0979999923,0.1333333373,132.0666656494,132.0666656494,132.0666656494,9.8666667938,2.0199999809,1.4199999809,1.2893333435,0.1600000143,0.0000000000,0.0000000000,0.0000000000
2026-09-28 06:54:03,0.3655711412,5.8666667938,3.5333333015,10.6666669845,0.0813333320,0.1333333373,132.0733337402,132.0733337402,132.0733337402,9.8666667938,2.0266666412,1.4133334159,1.2893333435,0.1600000143,0.0000000000,0.0000000000,0.0000000000
2026-09-28 06:59:58,0.3654570579,19.6000003814,41.8666648864,1.0000000000,0.2159999847,0.1333333373,132.0733337402,132.0733337402,132.0733337402,9.8000001907,2.0266666412,1.4133334159,1.2853332710,0.1600000143,0.0000000000,0.0000000000,0.0000000000
2026-09-28 07:05:52,0.3653968334,56.7333335876,40.3333320617,23.5333328247,0.1533333301,0.1333333373,132.0800018310,132.0800018310,132.0800018310,9.8000001907,2.0333333015,1.4199999809,1.2879999923,0.1600000143,0.0000000000,0.0000000000,0.0000000000
2026-09-28 07:11:45,0.3653500318,128.0666656494,60.6666679382,23.3999996185,0.2086666584,0.4666666507,198.1200103759,198.1200103759,198.1200103759,14.6666669845,3.0533332824,2.1266667842,1.9300001144,0.2400000095,0.0000000000,0.0000000000,0.0000000000
2026-09-28 07:17:39,0.3653122901,267.9333190917,61.4666671752,24.1333332061,0.1593333244,1.2666666507,198.1266784667,198.1266784667,198.1266784667,14.6666669845,3.0533332824,2.1399998664,1.9366665840,0.2400000095,0.0000000000,0.0000000000,0.0000000000
2026-09-28 07:23:33,0.3652550697,406.2666625976,40.6666679382,23.7999992370,0.1966666698,1.0000000000,132.0800018310,132.0800018310,132.0800018310,9.7333335876,2.0399999618,1.4199999809,1.2886664867,0.1600000143,0.0000000000,0.0000000000,0.0000000000
2026-09-28 07:29:26,0.3651820659,498.5333251953,41.9333343505,28.5333328247,0.3053333282,1.6000000000,198.1266784667,198.1266784667,198.1266784667,14.6000003814,3.0666666030,2.1266667842,1.9299998283,0.2400000095,0.0000000000,0.0000000000,0.0000000000
2026-09-28 07:35:21,0.3651395797,615.2666625976,39.2000007629,22.3999996185,0.1706666707,1.2666666507,132.0800018310,132.0800018310,132.0800018310,9.7333335876,2.0533335208,1.4199999809,1.2913333129,0.1600000143,0.0000000000,0.0000000000,0.0000000000
2026-09-28 07:41:15,0.3651431560,731.2666625976,22.0000000000,5.1333332061,0.1359999895,1.4666666984,132.1000061035,132.1000061035,132.1000061035,9.7333335876,2.0533335208,1.4266666412,1.2913333129,0.1600000143,0.0000000000,0.0000000000,0.0000000000
2026-09-28 07:47:08,0.3650613307,991.0000000000,62.1333351135,48.9333343505,0.2059999942,2.9333333969,198.1533355712,198.1533355712,198.1533355712,14.6000003814,3.0733335018,2.1333334445,1.9379999160,0.2400000095,0.0000000000,0.0000000000,0.0000000000
2026-09-28 07:53:01,0.3650129079,1276.4666748046,62.8666648864,1.6666666030,0.2433333158,3.7333333492,198.1466674804,198.1466674804,198.1466674804,14.6000003814,3.0800001621,2.1399998664,1.9399999618,0.2400000095,0.0000000000,0.0000000000,0.0000000000
2026-09-28 07:58:54,0.3649777889,1574.8666992187,63.3333320617,29.7333335876,0.3746666669,6.3333334922,264.2133483886,264.2133483886,264.2133483886,19.4666671752,4.1066670417,2.8666666030,2.5919997692,0.3200000286,0.0000000000,0.0000000000,0.0000000000
2026-09-28 08:04:48,0.3649401426,1859.5999755859,43.4666671752,2.6666667461,0.1346666693,3.6666667461,132.1133270263,132.1133270263,132.1133270263,9.8666667938,2.0600001811,1.4533333778,1.3079999685,0.1600000143,0.0000000000,0.0000000000,0.0000000000
2026-09-28 08:10:42,0.3649140596,2175.8666992187,45.7333335876,4.8666667938,0.1506666660,4.3333334922,132.1266632080,132.1266632080,132.1266632080,9.8000001907,2.0533335208,1.4333333015,1.2980000972,0.1600000143,0.0000000000,0.0000000000,0.0000000000
2026-09-28 08:16:37,0.3648552894,2624.3332519531,40.7999992370,23.9333324432,0.1139999866,5.5333333015,132.1333312988,132.1333312988,132.1333312988,9.8000001907,2.0533335208,1.4400000572,1.3026667833,0.1600000143,0.0000000000,0.0000000000,0.0000000000
2026-09-28 08:22:31,0.3647981643,3592.8666992187,23.4666671752,6.6666665077,0.0866666698,7.3333334922,132.1333312988,132.1333312988,132.1333312988,9.8666667938,2.0600001811,1.4466667175,1.3073333501,0.1600000143,0.0000000000,0.0000000000,0.0000000000
2026-09-28 08:28:26,0.3647145271,3879.6000976562,38.5999984741,21.7999992370,0.1393333196,7.4666666984,132.1266632080,132.1266632080,132.1266632080,9.8000001907,2.0733332633,1.4533332824,1.3106666803,0.1600000143,0.0000000000,0.0000000000,0.0000000000
2026-09-28 08:34:19,0.3646553516,3573.3332519531,65.4666671752,4.1333332061,0.3613333463,10.1333332061,198.1999969482,198.1999969482,198.1999969482,14.6000003814,3.1066665649,2.1666667461,1.9579999923,0.2400000095,0.0000000000,0.0000000000,0.0000000000
2026-09-28 08:40:14,0.3646529912,3850.5334472656,2.5333333015,6.1333332061,0.0566666650,3.4666666984,66.0666656494,66.0666656494,66.0666656494,4.8666667938,1.0333333015,0.7266666889,0.6533333778,0.0800000095,0.0000000000,0.0000000000,0.0000000000
2026-09-28 08:46:10,0.3645812988,4851.2001953125,20.7333335876,0.3333333492,0.1340000033,4.1999998092,66.0666656494,66.0666656494,66.0666656494,4.8666667938,1.0400000810,0.7266666889,0.6546666622,0.0800000095,0.0000000000,0.0000000000,0.0000000000
2026-09-28 08:52:05,0.3637728214,6305.7998046875,0.1333333373,3.6666667461,0.0166666674,5.4000000953,66.0666656494,66.0666656494,66.0666656494,4.8666667938,1.0533334016,0.7400000095,0.6613333225,0.0800000095,0.0000000000,0.0000000000,0.0000000000
2026-09-28 08:58:01,0.3637338161,6528.9331054687,20.9333324432,0.4666666507,0.1219999909,6.1999998092,66.0666656494,66.0666656494,66.0666656494,4.8666667938,1.0466666221,0.7266666889,0.6560000419,0.0800000095,0.0000000000,0.0000000000,0.0000000000
2026-09-28 09:03:56,0.3636883497,5970.7998046875,19.0000000000,22.5333328247,0.0253333330,5.6666665077,66.0733337402,66.0733337402,66.0733337402,4.8666667938,1.0666667222,0.7466666698,0.6659999847,0.0800000095,0.0000000000,0.0000000000,0.0000000000
2026-09-28 09:09:51,0.3636822223,6120.1333007812,42.7333335876,1.7999999523,0.1066666603,10.9333333969,132.1533355712,132.1533355712,132.1533355712,9.6000003814,2.1333334445,1.4800000190,1.3219999074,0.1600000143,0.0000000000,0.0000000000,0.0000000000
2026-09-28 09:15:46,0.3636409997,6257.4667968750,21.3333339691,0.8666666984,0.0926666641,5.2666668891,66.0733337402,66.0733337402,66.0733337402,4.8000001907,1.0666667222,0.7333333492,0.6593332767,0.0800000095,0.0000000000,0.0000000000,0.0000000000
2026-09-28 09:21:41,0.3636334419,7816.7333984375,34.4666671752,41.5333328247,0.0853333377,14.1333332061,132.1466674804,132.1466674804,132.1466674804,9.6000003814,2.1333334445,1.4800000190,1.3213332891,0.1600000143,0.0000000000,0.0000000000,0.0000000000
2026-09-28 09:27:36,0.3634454727,8858.4667968750,0.4000000000,3.9333333969,0.0466666650,8.0666666030,66.0733337402,66.0733337402,66.0733337402,4.8000001907,1.0800000381,0.7400000095,0.6619999408,0.0800000095,0.0000000000,0.0000000000,0.0000000000
2026-09-28 09:33:31,0.3634465932,8505.2001953125,43.9333343505,27.0000000000,0.1706666707,15.7333335876,132.1399993896,132.1399993896,132.1399993896,9.4666662216,2.1600000858,1.4800000190,1.3206666707,0.1600000143,0.0000000000,0.0000000000,0.0000000000
2026-09-28 09:39:26,0.3633034706,9637.8662109375,21.3999996185,0.9333333015,0.0473333311,8.7333335876,66.0666656494,66.0666656494,66.0666656494,4.7333331108,1.0800000381,0.7400000095,0.6626666069,0.0800000095,0.0000000000,0.0000000000,0.0000000000
2026-09-28 09:45:21,0.3631962776,11152.4667968750,24.3999996185,7.4666666984,0.0773333311,20.3999996185,132.1466674804,132.1466674804,132.1466674804,9.3999996185,2.2066664695,1.4933333396,1.3320000171,0.1600000143,0.0000000000,0.0000000000,0.0000000000
2026-09-28 09:51:16,0.3629628419,12954.2001953125,20.7999992370,0.3333333492,0.0479999971,11.0666666030,66.0733337402,66.0733337402,66.0733337402,4.7333331108,1.1133333444,0.7600000381,0.6746666431,0.0800000095,0.0000000000,0.0000000000,0.0000000000
2026-09-28 09:57:11,0.3634382724,13816.0000000000,28.3999996185,11.4666662216,0.0993333339,26.2000007629,132.1466674804,132.1466674804,132.1466674804,9.2666664123,2.2400002479,1.5066666603,1.3379999399,0.1600000143,0.0000000000,0.0000000000,0.0000000000
