2026-10-01 22:15:25,0.7110528469,1.0000000000,0.0000000000,0.0000000000,0.0000000000,0.0000000000,0.0000000000,0.0000000000,0.0000000000,0.0000000000,0.0000000000,0.0000000000,0.0000000000,0.0000000000,0.0000000000,0.0000000000,0.0000000000
2026-10-01 22:20:59,0.7317953586,1.0000000000,0.0000000000,0.0000000000,0.0000000000,0.0000000000,0.0000000000,0.0000000000,0.0000000000,0.0000000000,0.0000000000,0.0000000000,0.0000000000,0.0000000000,0.0000000000,0.0000000000,0.0000000000
2026-10-01 22:26:32,0.7358257770,1.0000000000,0.0000000000,0.0000000000,0.0000000000,0.0000000000,0.0000000000,0.0000000000,0.0000000000,0.0000000000,0.0000000000,0.0000000000,0.0000000000,0.0000000000,0.0000000000,0.0000000000,0.0000000000
2026-10-01 22:32:07,0.7212859153,0.1333333373,0.0000000000,0.0000000000,0.0000000000,0.0000000000,0.0000000000,0.0000000000,0.0000000000,0.0000000000,0.0000000000,0.0000000000,0.0000000000,0.0000000000,0.0000000000,0.0000000000,0.0000000000
2026-10-01 22:37:41,0.6980336189,0.0000000000,0.0000000000,0.0000000000,0.0000000000,0.0000000000,0.0000000000,0.0000000000,0.0000000000,0.0000000000,0.0000000000,0.0000000000,0.0000000000,0.0000000000,0.0000000000,0.0000000000,0.0000000000
2026-10-01 22:43:15,0.6825853347,0.0000000000,0.0000000000,0.0000000000,0.0000000000,0.0000000000,0.0000000000,0.0000000000,0.0000000000,0.0000000000,0.0000000000,0.0000000000,0.0000000000,0.0000000000,0.0000000000,0.0000000000,0.0000000000
2026-10-01 22:48:50,0.6675619125,0.0000000000,0.0000000000,0.0000000000,0.0000000000,0.0000000000,0.0000000000,0.0000000000,0.0000000000,0.0000000000,0.0000000000,0.0000000000,0.0000000000,0.0000000000,0.0000000000,0.0000000000,0.0000000000
2026-10-01 22:54:24,0.6531795978,0.0000000000,0.0000000000,0.0000000000,0.0000000000,0.0000000000,0.0000000000,0.0000000000,0.0000000000,0.0000000000,0.0000000000,0.0000000000,0.0000000000,0.0000000000,0.0000000000,0.0000000000,0.0000000000
2026-10-01 22:59:58,0.6425536155,0.0000000000,0.0000000000,0.0000000000,0.0000000000,0.0000000000,0.0000000000,0.0000000000,0.0000000000,0.0000000000,0.0000000000,0.0000000000,0.0000000000,0.0000000000,0.0000000000,0.0000000000,0.0000000000
2026-10-01 23:05:32,0.6338148593,0.0000000000,0.0000000000,0.0000000000,0.0000000000,0.0000000000,0.0000000000,0.0000000000,0.0000000000,0.0000000000,0.0000000000,0.0000000000,0.0000000000,0.0000000000,0.0000000000,0.0000000000,0.0000000000
2026-10-01 23:11:07,0.6235825538,0.0000000000,0.0000000000,0.0000000000,0.0000000000,0.0000000000,0.0000000000,0.0000000000,0.0000000000,0.0000000000,0.0000000000,0.0000000000,0.0000000000,0.0000000000,0.0000000000,0.0000000000,0.0000000000
2026-10-01 23:16:42,0.6152571678,0.0000000000,0.0000000000,0.0000000000,0.0000000000,0.0000000000,0.0000000000,0.0000000000,0.0000000000,0.0000000000,0.0000000000,0.0000000000,0.0000000000,0.0000000000,0.0000000000,0.0000000000,0.0000000000
2026-10-01 23:22:16,0.6088234901,0.0000000000,0.0000000000,0.0000000000,0.0000000000,0.0000000000,0.0000000000,0.0000000000,0.0000000000,0.0000000000,0.0000000000,0.0000000000,0.0000000000,0.0000000000,0.0000000000,0.0000000000,0.0000000000
2026-10-01 23:27:51,0.6026198863,0.0000000000,0.0000000000,0.0000000000,0.0000000000,0.0000000000,0.0000000000,0.0000000000,0.0000000000,0.0000000000,0.0000000000,0.0000000000,0.0000000000,0.0000000000,0.0000000000,0.0000000000,0.0000000000
2026-10-01 23:33:25,0.5936182975,1.0000000000,0.0000000000,0.0000000000,0.0000000000,0.0000000000,0.0000000000,0.0000000000,0.0000000000,0.0000000000,0.0000000000,0.0000000000,0.0000000000,0.0000000000,0.0000000000,0.0000000000,0.0000000000
2026-10-01 23:39:00,0.5863134860,0.2000000000,0.0000000000,0.0000000000,0.0000000000,0.0000000000,0.0000000000,0.0000000000,0.0000000000,0.0000000000,0.0000000000,0.0000000000,0.0000000000,0.0000000000,0.0000000000,0.0000000000,0.0000000000
2026-10-01 23:44:34,0.5773783206,0.0000000000,0.0000000000,0.0000000000,0.0000000000,0.0000000000,0.0000000000,0.0000000000,0.0000000000,0.0000000000,0.0000000000,0.0000000000,0.0000000000,0.0000000000,0.0000000000,0.0000000000,0.0000000000
2026-10-01 23:50:09,0.5674631595,0.0000000000,0.0000000000,0.0000000000,0.0000000000,0.0000000000,0.0000000000,0.0000000000,0.0000000000,0.0000000000,0.0000000000,0.0000000000,0.0000000000,0.0000000000,0.0000000000,0.0000000000,0.0000000000
2026-10-01 23:56:03,0.5597187995,0.0000000000,0.0000000000,0.0000000000,0.0000000000,0.0000000000,0.0000000000,0.0000000000,0.0000000000,0.0000000000,0.0000000000,0.0000000000,0.0000000000,0.0000000000,0.0000000000,0.0000000000,0.0000000000
2026-10-02 00:01:59,0.5470771789,0.0000000000,13.6666669845,17.2000007629,0.1599999904,0.0000000000,65.7266693115,65.7266693115,65.7266693115,5.4000000953,1.3400000333,1.1200001239,0.9460000038,0.0800000095,0.0000000000,0.0000000000,0.0000000000
2026-10-02 00:07:54,0.5354036331,0.0000000000,11.0000000000,14.5333337783,0.1426666498,0.0000000000,65.7333297729,65.7333297729,65.7333297729,5.4000000953,1.3333333730,1.1200001239,0.9466666221,0.0800000095,0.0000000000,0.0000000000,0.0000000000
2026-10-02 00:13:50,0.5261160850,0.0000000000,14.0000000000,17.5333328247,0.1713333225,0.0000000000,65.7266693115,65.7266693115,65.7266693115,5.4666666984,1.3333333730,1.1266666650,0.9486666679,0.0800000095,0.0000000000,0.0000000000,0.0000000000
2026-10-02 00:19:45,0.5114189147,0.0000000000,15.3999996185,18.9333324432,0.0626666641,0.0000000000,65.7400054931,65.7400054931,65.7400054931,5.4666666984,1.3266665935,1.1266666650,0.9493332862,0.0800000095,0.0000000000,0.0000000000,0.0000000000
2026-10-02 00:25:41,0.4997930049,0.0000000000,14.3999996185,17.9333324432,0.0759999990,0.0000000000,65.7400054931,65.7400054931,65.7400054931,5.4666666984,1.3266665935,1.1200001239,0.9486666679,0.0800000095,0.0000000000,0.0000000000,0.0000000000
2026-10-02 00:31:35,0.4889111995,0.0000000000,33.7333335876,40.8666648864,0.1526666641,0.0000000000,131.4799957275,131.4799957275,131.4799957275,11.0666666030,2.6333334445,2.2466666698,1.8973332405,0.1600000143,0.0000000000,0.0000000000,0.0000000000
2026-10-02 00:37:31,0.4725628376,0.4000000000,18.2666664123,21.7999992370,0.0826666641,0.0000000000,65.7400054931,65.7400054931,65.7400054931,5.5333333015,1.3133333921,1.1200001239,0.9466666221,0.0800000095,0.0000000000,0.0000000000,0.0000000000
2026-10-02 00:43:26,0.4572125911,0.6000000000,16.9333324432,20.4666671752,0.0433333349,0.0000000000,65.7400054931,65.7400054931,65.7400054931,5.5333333015,1.2999999523,1.1133333444,0.9393333435,0.0800000095,0.0000000000,0.0000000000,0.0000000000
2026-10-02 00:49:21,0.4378182411,0.0000000000,35.2666664123,42.3333320617,0.2853332996,0.0000000000,131.4733428955,131.4733428955,131.4733428955,10.9333333969,2.5600001811,2.1600000858,1.8226666450,0.1600000143,0.0000000000,0.0000000000,0.0000000000
2026-10-02 00:55:14,0.4487195491,0.0000000000,50.3333320617,61.0000000000,0.1206666588,0.0000000000,197.2133483886,197.2133483886,197.2133483886,16.6000003814,3.8066665649,3.2266666889,2.7293331623,0.2400000095,0.0000000000,0.0000000000,0.0000000000
2026-10-02 01:01:07,0.4536398410,0.0000000000,52.6666679382,63.2666664123,0.3666666746,0.0000000000,197.2066802978,197.2066802978,197.2066802978,16.7333335876,3.7799997329,3.2333335876,2.7366666793,0.2400000095,0.0000000000,0.0000000000,0.0000000000
2026-10-02 01:07:01,0.4356512069,0.0000000000,33.2000007629,40.2666664123,0.1593333244,0.0000000000,131.4733428955,131.4733428955,131.4733428955,11.2666664123,2.5000000000,2.1600000858,1.8246665954,0.1600000143,0.0000000000,0.0000000000,0.0000000000
2026-10-02 01:12:57,0.4176900863,0.0000000000,16.9333324432,20.4666671752,0.0593333292,0.0000000000,65.7333297729,65.7333297729,65.7333297729,5.6666665077,1.2466666698,1.0800000381,0.9126666069,0.0800000095,0.0000000000,0.0000000000,0.0000000000
2026-10-02 01:18:52,0.4065693855,0.4666666507,18.3333339691,21.8666667938,0.1299999952,0.0000000000,65.7333297729,65.7333297729,65.7333297729,5.6666665077,1.2266666889,1.0600000619,0.8986665725,0.0800000095,0.0000000000,0.0000000000,0.0000000000
2026-10-02 01:24:47,0.5720328807,1.0000000000,36.7333335876,43.7999992370,0.1659999942,0.0000000000,131.4600067138,131.4600067138,131.4600067138,11.1999998092,2.4133334159,2.0600001811,1.7466666698,0.1600000143,0.0000000000,0.0000000000,0.0000000000
2026-10-02 01:30:41,0.7391774177,1.0000000000,37.5999984741,20.6666660308,0.0473333358,0.0000000000,131.4400024414,131.4400024414,131.4400024414,11.3333330154,2.4066665172,2.0666666030,1.7533333301,0.1600000143,0.0000000000,0.0000000000,0.0000000000
2026-10-02 01:36:36,0.8814066886,1.0000000000,37.9333343505,21.0000000000,0.0926666641,0.0000000000,131.4666595458,131.4666595458,131.4666595458,11.3333330154,2.3800001144,2.0600001811,1.7459999084,0.1600000143,0.0000000000,0.0000000000,0.0000000000
2026-10-02 01:42:29,0.9246689796,1.0000000000,57.0666656494,43.6666679382,0.1146666765,0.0000000000,197.1933288574,197.1933288574,197.1933288574,17.1333332061,3.5399999618,3.0800001621,2.6093332767,0.2400000095,0.0000000000,0.0000000000,0.0000000000
2026-10-02 01:48:22,0.8878761291,1.0000000000,57.6666679382,20.3333339691,0.2579999923,0.0666666698,197.1800079345,197.1800079345,197.1800079345,17.3333339691,3.5133333206,3.0733335018,2.6099998950,0.2400000095,0.0000000000,0.0000000000,0.0000000000
2026-10-02 01:54:15,0.8205873489,1.0000000000,56.1333351135,42.7333335876,0.1293333292,0.0000000000,197.1933288574,197.1933288574,197.1933288574,17.3999996185,3.4866669178,3.0666666030,2.6066665649,0.2400000095,0.0000000000,0.0000000000,0.0000000000
2026-10-02 02:00:09,0.8367197036,1.0000000000,60.4666671752,23.0666675567,0.1186666603,0.0666666698,197.1800079345,197.1800079345,197.1800079345,17.6000003814,3.4600000381,3.0666666030,2.6093332767,0.2400000095,0.0000000000,0.0000000000,0.0000000000
2026-10-02 02:06:01,0.8234346389,1.0000000000,69.2666702270,59.4000015258,0.1246666669,0.1333333373,262.9133605957,262.9133605957,262.9133605957,23.4666671752,4.6133337020,4.1066670417,3.4853332042,0.3200000286,0.0000000000,0.0000000000,0.2000000000
2026-10-02 02:11:52,0.8483648300,1.0000000000,88.4666671752,82.1333312988,0.1366666674,0.0666666698,328.6466369628,328.6466369628,328.6466369628,29.3333339691,5.7666673660,5.1266665458,4.3573331832,0.4000000000,0.0000000000,0.0000000000,0.4000000000
2026-10-02 02:17:44,1.0009043216,1.0000000000,76.1999969482,66.3333358764,0.1966666603,0.0666666698,262.8933410644,262.8933410644,262.8933410644,23.4666671752,4.6066670417,4.1066670417,3.4853332042,0.3200000286,0.0000000000,0.0000000000,0.0000000000
2026-10-02 02:23:37,0.8439056396,1.0000000000,50.5333328247,61.1333351135,0.1159999847,0.1333333373,197.1999969482,197.1999969482,197.1999969482,17.6666660308,3.4400000572,3.0800001621,2.6153333187,0.2400000095,0.0000000000,0.0000000000,0.0000000000
2026-10-02 02:29:30,0.9526003837,1.0000000000,52.4000015258,63.0000000000,0.1493333339,0.0666666698,197.2266693115,197.2266693115,197.2266693115,17.7999992370,3.4400000572,3.0800001621,2.6219999790,0.2400000095,0.0000000000,0.0000000000,0.0000000000
2026-10-02 02:35:23,0.8935845375,1.0000000000,58.0666656494,68.6666641235,0.0786666631,0.0666666698,197.2400054931,197.2400054931,197.2400054931,17.7999992370,3.4400000572,3.0800001621,2.6166665554,0.2400000095,0.0000000000,0.0000000000,0.0000000000
2026-10-02 02:41:17,1.0058376789,1.0000000000,51.7333335876,62.3333320617,0.0953333282,0.0000000000,197.2266693115,197.2266693115,197.2266693115,17.7999992370,3.4400000572,3.0800001621,2.6219999790,0.2400000095,0.0000000000,0.0000000000,0.0000000000
2026-10-02 02:47:10,0.9253226280,1.0000000000,54.1333351135,40.7333335876,0.1713333225,0.0000000000,197.2333374023,197.2333374023,197.2333374023,17.7999992370,3.4266667366,3.0800001621,2.6193335056,0.2400000095,0.0000000000,0.0000000000,0.0000000000
2026-10-02 02:53:02,0.8582575798,1.0000000000,70.1333312988,60.2666664123,0.3319999694,0.0000000000,262.9666748046,262.9666748046,262.9666748046,23.7333335876,4.5533337593,4.1066670417,3.4886665344,0.3200000286,0.0000000000,0.0000000000,0.4000000000
2026-10-02 02:58:54,0.8290871620,1.0000000000,68.8000030517,58.9333343505,0.2200000047,0.0000000000,262.9533386230,262.9533386230,262.9533386230,23.9333324432,4.5399999618,4.1066670417,3.4893331527,0.3200000286,0.0000000000,0.0000000000,0.0000000000
2026-10-02 03:04:46,1.0022801160,1.0000000000,71.0000000000,61.1333351135,0.3019999980,0.0666666698,262.9333190917,262.9333190917,262.9333190917,24.0000000000,4.5333333015,4.1066670417,3.4933331012,0.3200000286,0.0000000000,0.0000000000,0.2000000000
2026-10-02 03:10:39,1.0901758670,1.0000000000,46.9333343505,57.5333328247,0.2026666641,0.0666666698,197.2066802978,197.2066802978,197.2066802978,18.0000000000,3.4000000953,3.0800001621,2.6219999790,0.2400000095,0.0000000000,0.0000000000,0.0000000000
