2026-09-05 22:08:24,0.3654107809,0.0000000000,234.8000030517,188.6000061035,0.7426666736,1.1333333253,924.8867187500,924.8867187500,924.8867187500,71.8666687011,18.2000007629,14.4666662216,12.1853351593,1.1200000047,0.0000000000,0.0000000000,0.0000000000
2026-09-05 22:13:58,0.3654470920,0.0000000000,268.8666687011,150.5333404541,0.8246665954,1.1333333253,924.9533691406,924.9533691406,924.9533691406,71.8666687011,18.2000007629,14.4666662216,12.2093324661,1.1200000047,0.0000000000,0.0000000000,0.0000000000
2026-09-05 22:19:33,0.3655733823,0.0000000000,261.7333374023,215.3999938964,0.7840000152,1.0000000000,924.9466552734,924.9466552734,924.9466552734,72.7333297729,18.1199970245,14.4666662216,12.2133331298,1.1200000047,0.0000000000,0.0000000000,0.0000000000
2026-09-05 22:25:07,0.3658946037,0.0000000000,271.0000000000,176.6000061035,0.7419999122,0.8666666984,924.9466552734,924.9466552734,924.9466552734,72.8000030517,18.0333347320,14.4600000381,12.1933345794,1.1200000047,0.0000000000,0.0000000000,0.0000000000
2026-09-05 22:30:42,0.3661042690,0.0000000000,249.6666717529,179.6666717529,0.5120000362,0.8666666984,924.9533691406,924.9533691406,924.9533691406,72.8666687011,17.9599990844,14.4466657638,12.1853313446,1.1200000047,0.0000000000,0.0000000000,0.0000000000
2026-09-05 22:36:16,0.3663328647,0.0000000000,243.4666595458,197.1333312988,0.6639999866,0.8000000000,924.9465942382,924.9465942382,924.9465942382,73.6666641235,17.8600025177,14.3866662979,12.1719989776,1.1200000047,0.0000000000,0.0000000000,0.0000000000
2026-09-05 22:41:49,0.3664171934,0.0000000000,239.3333282470,193.6666717529,0.5553333282,0.9333333015,924.9533081054,924.9533081054,924.9533081054,73.7333297729,17.8200035095,14.3733320236,12.1746673583,1.1200000047,0.0000000000,0.0000000000,0.0000000000
2026-09-05 22:47:22,0.3668126821,0.0000000000,240.6000061035,194.8666687011,0.5006666660,0.9333333015,924.9333496093,924.9333496093,924.9333496093,73.7333297729,17.7199993133,14.3733320236,12.1506662368,1.1200000047,0.0000000000,0.0000000000,0.0000000000
2026-09-05 22:52:57,0.3674857854,0.0000000000,243.4666595458,221.8666687011,0.4833333015,0.9333333015,924.9400024414,924.9400024414,924.9400024414,74.4666671752,17.6399974822,14.3733320236,12.1299991607,1.1200000047,0.0000000000,0.0000000000,0.0000000000
2026-09-05 22:58:31,0.3687342643,0.0000000000,272.7999877929,179.1333312988,0.4746665954,1.0666667222,924.9465942382,924.9465942382,924.9465942382,74.6666641235,17.5600013732,14.3733320236,12.1273336410,1.1200000047,0.0000000000,0.0000000000,0.0000000000
2026-09-05 23:04:05,0.3690294742,0.0000000000,245.5333404541,175.3999938964,0.4419999599,0.9333333015,925.0132446289,925.0132446289,925.0132446289,74.6666641235,17.5266685485,14.3133354187,12.1059999465,1.1200000047,0.0000000000,0.0000000000,0.0000000000
2026-09-05 23:09:39,0.3696286201,0.0000000000,279.7333374023,185.9333343505,0.4179999351,1.0666667222,925.0133056640,925.0133056640,925.0133056640,74.6666641235,17.4399986267,14.2666673660,12.0699977874,1.1200000047,0.0000000000,0.0000000000,0.0000000000
2026-09-05 23:15:13,0.3699006557,0.0000000000,257.7333374023,212.0000000000,0.4673333644,1.0666667222,925.0266113281,925.0266113281,925.0266113281,75.0000000000,17.3666687011,14.2333335876,12.0559997558,1.1200000047,0.0000000000,0.0000000000,0.0000000000
2026-09-05 23:20:47,0.3701715707,0.0000000000,264.6000061035,194.4666595458,0.3713333368,0.9333333015,925.0800170898,925.0800170898,925.0800170898,75.5999984741,17.2999992370,14.2266664505,12.0506687164,1.1200000047,0.0000000000,0.0000000000,0.0000000000
2026-09-05 23:26:22,0.3702340364,0.0000000000,252.1333312988,230.1999969482,0.3066666603,0.9333333015,925.1000366210,925.1000366210,925.1000366210,75.5999984741,17.2333316802,14.1466684341,11.9913339614,1.1200000047,0.0000000000,0.0000000000,0.0000000000
2026-09-05 23:31:56,0.3703735828,0.0000000000,275.0000000000,60.7999992370,0.7346666336,1.5333333015,925.1200561523,925.1200561523,925.1200561523,75.4000015258,17.1733322143,14.0733337402,11.9066658020,1.1200000047,0.0000000000,0.0000000000,0.0000000000
2026-09-05 23:37:31,0.3703235149,0.0000000000,267.7333374023,173.2666625976,0.3973333358,1.6000000000,925.1599731445,925.1599731445,925.1599731445,74.6666641235,17.1266670227,14.0000000000,11.8619995117,1.1200000047,0.0000000000,0.0000000000,0.0000000000
2026-09-05 23:43:05,0.3701699972,0.0000000000,183.4666595458,89.4000015258,0.4153333187,1.2666666507,925.2265625000,925.2265625000,925.2265625000,74.6666641235,17.1000022888,13.9666662216,11.8333311080,1.1200000047,0.0000000000,0.0000000000,0.0000000000
2026-09-05 23:49:00,0.3706407546,0.0000000000,0.0000000000,0.0000000000,0.0000000000,0.0000000000,0.0000000000,0.0000000000,0.0000000000,0.0000000000,0.0000000000,0.0000000000,0.0000000000,0.0000000000,0.0000000000,0.0000000000,0.0000000000
2026-09-05 23:54:55,0.3712104320,0.0000000000,22.9333324432,2.4666666984,0.0199999990,0.0666666698,66.0933380126,66.0933380126,66.0933380126,5.3333334922,1.2133333683,0.9866666793,0.8380000114,0.0800000095,0.0000000000,0.0000000000,0.0000000000
2026-09-06 00:00:51,0.3722151517,0.0000000000,21.5333328247,1.1333333253,0.0299999980,0.0666666698,66.0999984741,66.0999984741,66.0999984741,5.3333334922,1.2066667079,0.9799999237,0.8333333015,0.0800000095,0.0000000000,0.0000000000,0.0000000000
2026-09-06 00:06:47,0.3727710008,0.0000000000,21.8666667938,1.4666666984,0.0506666660,0.0666666698,66.0999984741,66.0999984741,66.0999984741,5.4000000953,1.2000000476,0.9799999237,0.8346666336,0.0800000095,0.0000000000,0.0000000000,0.0000000000
2026-09-06 00:12:42,0.3737625598,0.0000000000,21.0000000000,0.6000000000,0.0319999980,0.0666666698,66.0999984741,66.0999984741,66.0999984741,5.4000000953,1.2000000476,0.9866666793,0.8353332519,0.0800000095,0.0000000000,0.0000000000,0.0000000000
2026-09-06 00:18:38,0.3744632244,0.0000000000,3.6666667461,7.2666668891,0.0419999980,0.0666666698,66.0999984741,66.0999984741,66.0999984741,5.4000000953,1.2000000476,0.9799999237,0.8326665878,0.0800000095,0.0000000000,0.0000000000,0.0000000000
2026-09-06 00:24:33,0.3745455265,0.0000000000,22.8666667938,2.4666666984,0.0733333349,0.1333333373,66.1133346557,66.1133346557,66.1133346557,5.4000000953,1.2000000476,0.9799999237,0.8346666336,0.0800000095,0.0000000000,0.0000000000,0.0000000000
2026-09-06 00:30:29,0.3755376815,0.0000000000,23.5333328247,3.1333334445,0.0386666660,0.0666666698,66.1133346557,66.1133346557,66.1133346557,5.4000000953,1.2000000476,0.9733333587,0.8293333053,0.0800000095,0.0000000000,0.0000000000,0.0000000000
2026-09-06 00:36:24,0.3783386230,0.0000000000,21.5333328247,1.0666667222,0.0439999961,0.0666666698,66.1066665649,66.1066665649,66.1066665649,5.3333334922,1.1933332633,0.9733333587,0.8246666908,0.0800000095,0.0000000000,0.0000000000,0.0000000000
2026-09-06 00:42:20,0.3813725948,0.0000000000,20.7999992370,0.4000000000,0.0473333311,0.0666666698,66.1066665649,66.1066665649,66.1066665649,5.4000000953,1.1866667270,0.9666666030,0.8213333129,0.0800000095,0.0000000000,0.0000000000,0.0000000000
2026-09-06 00:48:15,0.3839457321,0.0000000000,21.4666671752,1.0666667222,0.0486666631,0.0666666698,66.0999984741,66.0999984741,66.0999984741,5.4000000953,1.1800000667,0.9600000381,0.8159999847,0.0800000095,0.0000000000,0.0000000000,0.0000000000
2026-09-06 00:54:11,0.3848406028,0.0000000000,18.0666675567,21.6666660308,0.0153333330,0.0666666698,66.1133346557,66.1133346557,66.1133346557,5.3333334922,1.1733334064,0.9533332824,0.8119999885,0.0800000095,0.0000000000,0.0000000000,0.0000000000
2026-09-06 01:00:06,0.3841155529,0.0000000000,20.7333335876,0.2666666746,0.0173333311,0.1333333373,66.1200027465,66.1200027465,66.1200027465,5.3333334922,1.1733334064,0.9466666221,0.8066665649,0.0800000095,0.0000000000,0.0000000000,0.0000000000
2026-09-06 01:06:02,0.3818823814,0.0000000000,22.6000003814,2.2000000476,0.0226666665,0.1333333373,66.1133346557,66.1133346557,66.1133346557,5.3333334922,1.1666666269,0.9399999618,0.8033333778,0.0800000095,0.0000000000,0.0000000000,0.0000000000
2026-09-06 01:11:57,0.3746765613,0.0000000000,23.7333335876,3.3333332538,0.0359999990,0.2000000000,66.1266708374,66.1266708374,66.1266708374,5.3333334922,1.1666666269,0.9399999618,0.8026666641,0.0800000095,0.0000000000,0.0000000000,0.0000000000
2026-09-06 01:17:53,0.3701291322,0.0000000000,1.7333333492,5.3333334922,0.0113333332,0.1333333373,66.1200027465,66.1200027465,66.1200027465,5.2666668891,1.1733334064,0.9399999618,0.8000000000,0.0800000095,0.0000000000,0.0000000000,0.0000000000
2026-09-06 01:23:48,0.3672903776,0.0000000000,17.2666664123,20.7999992370,0.0319999980,0.1333333373,66.1266708374,66.1266708374,66.1266708374,5.2666668891,1.1800000667,0.9399999618,0.8039999961,0.0800000095,0.0000000000,0.0000000000,0.0000000000
2026-09-06 01:29:44,0.3669509410,0.0000000000,23.1333332061,2.6666667461,0.0353333330,0.1333333373,66.1333312988,66.1333312988,66.1333312988,5.2666668891,1.1866667270,0.9466666221,0.8079999923,0.0800000095,0.0000000000,0.0000000000,0.0000000000
2026-09-06 01:35:39,0.3667422294,0.0000000000,22.6666660308,2.2666666507,0.0433333349,0.1333333373,66.1333312988,66.1333312988,66.1333312988,5.2666668891,1.1933332633,0.9533332824,0.8100000381,0.0800000095,0.0000000000,0.0000000000,0.0000000000
2026-09-06 01:41:35,0.3665731191,0.0000000000,4.0666666030,7.5999999046,0.0086666660,0.2000000000,66.1333312988,66.1333312988,66.1333312988,5.1999998092,1.2000000476,0.9399999618,0.8026666641,0.0800000095,0.0000000000,0.0000000000,0.0000000000
2026-09-06 01:47:30,0.3665497541,0.0000000000,0.0666666698,3.6666667461,0.0353333330,0.1333333373,66.1333312988,66.1333312988,66.1333312988,5.1333332061,1.2066667079,0.9399999618,0.8019999504,0.0800000095,0.0000000000,0.0000000000,0.0000000000
2026-09-06 01:53:26,0.3665390491,0.0000000000,22.6666660308,2.2000000476,0.0339999961,0.1333333373,66.1333312988,66.1333312988,66.1333312988,5.1333332061,1.2066667079,0.9399999618,0.8026666641,0.0800000095,0.0000000000,0.0000000000,0.0000000000
2026-09-06 01:59:21,0.3664738893,0.0000000000,17.2666664123,20.8666667938,0.0193333330,0.1333333373,66.1333312988,66.1333312988,66.1333312988,5.1333332061,1.2133333683,0.9399999618,0.8019999504,0.0800000095,0.0000000000,0.0000000000,0.0000000000
2026-09-06 02:05:15,0.3666886806,0.0000000000,42.1333351135,25.2666664123,0.0259999990,0.2000000000,132.2666625976,132.2666625976,132.2666625976,10.2666664123,2.4266667366,1.8933333396,1.6119999885,0.1600000143,0.0000000000,0.0000000000,0.0000000000
2026-09-06 02:11:10,0.3665261268,0.0000000000,16.8666667938,20.4666671752,0.0159999990,0.1333333373,66.1333312988,66.1333312988,66.1333312988,5.1333332061,1.2133333683,0.9466666221,0.8026666641,0.0800000095,0.0000000000,0.0000000000,0.0000000000
2026-09-06 02:17:06,0.3666074514,0.0000000000,22.1333332061,1.7333333492,0.0546666622,0.0666666698,66.1333312988,66.1333312988,66.1333312988,5.1333332061,1.2133333683,0.9399999618,0.8026666641,0.0800000095,0.0000000000,0.0000000000,0.0000000000
2026-09-06 02:23:00,0.3666736841,0.0000000000,43.0000000000,2.0666666030,0.0753333330,0.1333333373,132.2666625976,132.2666625976,132.2666625976,10.2666664123,2.4266667366,1.8866666793,1.6053333282,0.1600000143,0.0000000000,0.0000000000,0.0000000000
2026-09-06 02:28:55,0.3665884494,0.0000000000,22.0000000000,1.6000000000,0.0106666672,0.1333333373,66.1333312988,66.1333312988,66.1333312988,5.1333332061,1.2133333683,0.9466666221,0.8026666641,0.0800000095,0.0000000000,0.0000000000,0.0000000000
2026-09-06 02:34:50,0.3678268909,0.0000000000,22.1333332061,5.2666668891,0.0626666641,0.2666666746,132.2666625976,132.2666625976,132.2666625976,10.1333332061,2.4266667366,1.8800000190,1.5973333358,0.1600000143,0.0000000000,0.0000000000,0.0000000000
2026-09-06 02:40:45,0.3677915334,0.0000000000,21.5333328247,1.1333333253,0.0186666669,0.1333333373,66.1333312988,66.1333312988,66.1333312988,5.0666666030,1.2133333683,0.9333333015,0.7959999561,0.0800000095,0.0000000000,0.0000000000,0.0000000000
2026-09-06 02:46:41,0.3677203416,0.0000000000,21.7333335876,1.2666666507,0.0179999995,0.0666666698,66.1333312988,66.1333312988,66.1333312988,5.0666666030,1.2133333683,0.9399999618,0.7979999542,0.0800000095,0.0000000000,0.0000000000,0.0000000000
2026-09-06 02:52:36,0.3676803350,0.0000000000,22.3333339691,1.8666666984,0.0113333332,0.0666666698,66.1333312988,66.1333312988,66.1333312988,5.0666666030,1.2133333683,0.9333333015,0.7966666698,0.0800000095,0.0000000000,0.0000000000,0.0000000000
2026-09-06 02:58:32,0.3675600528,0.0000000000,20.5333328247,0.0666666698,0.0086666660,0.0666666698,66.1333312988,66.1333312988,66.1333312988,5.0666666030,1.2133333683,0.9399999618,0.8000000000,0.0800000095,0.0000000000,0.0000000000,0.0000000000
2026-09-06 03:04:27,0.3672036170,0.0000000000,16.0000000000,19.5333328247,0.0239999985,0.1333333373,66.1399993896,66.1399993896,66.1399993896,5.0666666030,1.2200000286,0.9333333015,0.7973333358,0.0800000095,0.0000000000,0.0000000000,0.0000000000
2026-09-06 03:10:23,0.3670942544,0.0000000000,17.8666667938,21.3999996185,0.0179999995,0.1333333373,66.1333312988,66.1333312988,66.1333312988,5.0000000000,1.2200000286,0.9333333015,0.7953332901,0.0800000095,0.0000000000,0.0000000000,0.0000000000
2026-09-06 03:16:18,0.3670422792,0.0000000000,17.2000007629,20.7333335876,0.0026666667,0.0666666698,66.1333312988,66.1333312988,66.1333312988,5.0666666030,1.2200000286,0.9333333015,0.7946666717,0.0800000095,0.0000000000,0.0000000000,0.0000000000
2026-09-06 03:22:14,0.3669644832,0.0000000000,21.0000000000,0.5333333492,0.0226666665,0.0666666698,66.1333312988,66.1333312988,66.1333312988,5.0000000000,1.2200000286,0.9266666412,0.7893333435,0.0800000095,0.0000000000,0.0000000000,0.0000000000
2026-09-06 03:28:09,0.3671844482,0.0000000000,16.6000003814,20.1333332061,0.0046666665,0.0666666698,66.1333312988,66.1333312988,66.1333312988,5.0000000000,1.2200000286,0.9199999809,0.7839999675,0.0800000095,0.0000000000,0.0000000000,0.0000000000
2026-09-06 03:34:05,0.3673146247,0.0000000000,21.6666660308,1.2666666507,0.0346666622,0.0000000000,66.1333312988,66.1333312988,66.1333312988,5.0000000000,1.2133333683,0.9199999809,0.7846666336,0.0800000095,0.0000000000,0.0000000000,0.0000000000
2026-09-06 03:40:00,0.3676198482,0.0000000000,21.7333335876,1.2666666507,0.0379999995,0.0666666698,66.1333312988,66.1333312988,66.1333312988,5.0000000000,1.2066667079,0.9133333206,0.7779999732,0.0800000095,0.0000000000,0.0000000000,0.0000000000
2026-09-06 03:45:56,0.3681140184,0.0000000000,22.6666660308,2.2666666507,0.0266666650,0.0000000000,66.1333312988,66.1333312988,66.1333312988,5.0666666030,1.1933332633,0.9066666603,0.7773333072,0.0800000095,0.0000000000,0.0000000000,0.0000000000
2026-09-06 03:51:51,0.3691416978,0.0000000000,1.6000000000,5.1999998092,0.0353333330,0.0000000000,66.1266708374,66.1266708374,66.1266708374,5.0666666030,1.1800000667,0.9000000000,0.7720000267,0.0800000095,0.0000000000,0.0000000000,0.0000000000
2026-09-06 03:57:46,0.3699903726,0.0000000000,41.7333335876,24.9333324432,0.0800000095,0.0000000000,132.2533416748,132.2533416748,132.2533416748,10.2666664123,2.3399999141,1.7933334350,1.5373332500,0.1600000143,0.0000000000,0.0000000000,0.0000000000
