2026-10-05 04:16:17,0.3666622877,0.0000000000,0.0000000000,0.0000000000,0.0000000000,0.0000000000,0.0000000000,0.0000000000,0.0000000000,0.0000000000,0.0000000000,0.0000000000,0.0000000000,0.0000000000,0.0000000000,0.0000000000,0.0000000000
2026-10-05 04:21:51,0.3666226625,0.0000000000,0.0000000000,0.0000000000,0.0000000000,0.0000000000,0.0000000000,0.0000000000,0.0000000000,0.0000000000,0.0000000000,0.0000000000,0.0000000000,0.0000000000,0.0000000000,0.0000000000,0.0000000000
2026-10-05 04:27:25,0.3666473865,0.0000000000,0.0000000000,0.0000000000,0.0000000000,0.0000000000,0.0000000000,0.0000000000,0.0000000000,0.0000000000,0.0000000000,0.0000000000,0.0000000000,0.0000000000,0.0000000000,0.0000000000,0.0000000000
2026-10-05 04:32:59,0.3666265964,0.0000000000,0.0000000000,0.0000000000,0.0000000000,0.0000000000,0.0000000000,0.0000000000,0.0000000000,0.0000000000,0.0000000000,0.0000000000,0.0000000000,0.0000000000,0.0000000000,0.0000000000,0.0000000000
2026-10-05 04:38:32,0.3666106224,0.0000000000,0.0000000000,0.0000000000,0.0000000000,0.0000000000,0.0000000000,0.0000000000,0.0000000000,0.0000000000,0.0000000000,0.0000000000,0.0000000000,0.0000000000,0.0000000000,0.0000000000,0.0000000000
2026-10-05 04:44:06,0.3666739940,0.0000000000,0.0000000000,0.0000000000,0.0000000000,0.0000000000,0.0000000000,0.0000000000,0.0000000000,0.0000000000,0.0000000000,0.0000000000,0.0000000000,0.0000000000,0.0000000000,0.0000000000,0.0000000000
2026-10-05 04:49:40,0.3667464733,0.0000000000,0.0000000000,0.0000000000,0.0000000000,0.0000000000,0.0000000000,0.0000000000,0.0000000000,0.0000000000,0.0000000000,0.0000000000,0.0000000000,0.0000000000,0.0000000000,0.0000000000,0.0000000000
2026-10-05 04:55:14,0.3668000221,0.0000000000,0.0000000000,0.0000000000,0.0000000000,0.0000000000,0.0000000000,0.0000000000,0.0000000000,0.0000000000,0.0000000000,0.0000000000,0.0000000000,0.0000000000,0.0000000000,0.0000000000,0.0000000000
2026-10-05 05:00:48,0.3666529893,0.0000000000,0.0000000000,0.0000000000,0.0000000000,0.0000000000,0.0000000000,0.0000000000,0.0000000000,0.0000000000,0.0000000000,0.0000000000,0.0000000000,0.0000000000,0.0000000000,0.0000000000,0.0000000000
2026-10-05 05:06:22,0.3665286064,0.0000000000,0.0000000000,0.0000000000,0.0000000000,0.0000000000,0.0000000000,0.0000000000,0.0000000000,0.0000000000,0.0000000000,0.0000000000,0.0000000000,0.0000000000,0.0000000000,0.0000000000,0.0000000000
2026-10-05 05:11:56,0.3663908243,0.0000000000,0.0000000000,0.0000000000,0.0000000000,0.0000000000,0.0000000000,0.0000000000,0.0000000000,0.0000000000,0.0000000000,0.0000000000,0.0000000000,0.0000000000,0.0000000000,0.0000000000,0.0000000000
2026-10-05 05:17:30,0.3687107801,0.0000000000,0.0000000000,0.0000000000,0.0000000000,0.0000000000,0.0000000000,0.0000000000,0.0000000000,0.0000000000,0.0000000000,0.0000000000,0.0000000000,0.0000000000,0.0000000000,0.0000000000,0.0000000000
2026-10-05 05:23:05,0.3673118114,0.0000000000,0.0000000000,0.0000000000,0.0000000000,0.0000000000,0.0000000000,0.0000000000,0.0000000000,0.0000000000,0.0000000000,0.0000000000,0.0000000000,0.0000000000,0.0000000000,0.0000000000,0.0000000000
2026-10-05 05:28:39,0.3677919387,0.0000000000,0.0000000000,0.0000000000,0.0000000000,0.0000000000,0.0000000000,0.0000000000,0.0000000000,0.0000000000,0.0000000000,0.0000000000,0.0000000000,0.0000000000,0.0000000000,0.0000000000,0.0000000000
2026-10-05 05:34:13,0.3719804048,0.0000000000,0.0000000000,0.0000000000,0.0000000000,0.0000000000,0.0000000000,0.0000000000,0.0000000000,0.0000000000,0.0000000000,0.0000000000,0.0000000000,0.0000000000,0.0000000000,0.0000000000,0.0000000000
2026-10-05 05:39:47,0.3717736005,0.0000000000,0.0000000000,0.0000000000,0.0000000000,0.0000000000,0.0000000000,0.0000000000,0.0000000000,0.0000000000,0.0000000000,0.0000000000,0.0000000000,0.0000000000,0.0000000000,0.0000000000,0.0000000000
2026-10-05 05:45:21,0.3670242309,0.0000000000,0.0000000000,0.0000000000,0.0000000000,0.0000000000,0.0000000000,0.0000000000,0.0000000000,0.0000000000,0.0000000000,0.0000000000,0.0000000000,0.0000000000,0.0000000000,0.0000000000,0.0000000000
2026-10-05 05:50:57,0.3658506393,0.0000000000,0.0000000000,0.0000000000,0.0000000000,0.0000000000,0.0000000000,0.0000000000,0.0000000000,0.0000000000,0.0000000000,0.0000000000,0.0000000000,0.0000000000,0.0000000000,0.0000000000,0.0000000000
2026-10-05 05:56:47,0.3658955335,0.0000000000,99.1333312988,120.4000015258,0.5826666355,0.1333333373,396.4333801269,396.4333801269,396.4333801269,28.3999996185,4.4333333969,2.4600000381,2.8933332443,0.4799999713,0.0000000000,0.0000000000,0.0000000000
2026-10-05 06:02:36,0.3658238649,0.0000000000,95.1333312988,116.3333358764,0.9306666374,0.2000000000,396.4333801269,396.4333801269,396.4333801269,28.3999996185,4.4866666793,2.4866669178,2.9079999923,0.4799999713,0.0000000000,0.0000000000,0.0000000000
2026-10-05 06:08:26,0.3657650470,0.0000000000,96.9333343505,118.1333312988,0.7366666793,0.2666666746,396.4666748046,396.4666748046,396.4666748046,28.2000007629,4.5199999809,2.4800000190,2.8986663818,0.4799999713,0.0000000000,0.0000000000,0.0000000000
2026-10-05 06:14:16,0.3650149822,0.0000000000,97.1333312988,118.5333328247,0.9913331985,0.0666666698,396.4600219726,396.4600219726,396.4600219726,28.1333332061,4.5199999809,2.4800000190,2.9026668548,0.4799999713,0.0000000000,0.0000000000,0.0000000000
2026-10-05 06:20:06,0.3651130676,0.0000000000,93.4666671752,114.8000030517,0.7980000972,0.0000000000,396.4800109863,396.4800109863,396.4800109863,28.3999996185,4.5199999809,2.5066666603,2.9126665115,0.4799999713,0.0000000000,0.0000000000,0.0000000000
2026-10-05 06:25:57,0.3652282714,0.0000000000,79.0000000000,96.6666641235,0.7800000190,0.0000000000,330.4266662597,330.4266662597,330.4266662597,23.6666660308,3.7666666507,2.0999999046,2.4319999217,0.4000000000,0.0000000000,0.0000000000,0.0000000000
2026-10-05 06:31:47,0.3653803825,0.0000000000,72.5333328247,90.3333358764,0.6566667079,0.0000000000,330.4400024414,330.4400024414,330.4400024414,23.8666667938,3.7466666698,2.1266665458,2.4440000057,0.4000000000,0.0000000000,0.0000000000,0.0000000000
2026-10-05 06:37:37,0.3655160665,0.0000000000,92.1333312988,113.3333358764,0.7113333225,0.0000000000,396.5533447265,396.5533447265,396.5533447265,28.7999992370,4.4466662406,2.5266664028,2.9286665916,0.4799999713,0.0000000000,0.0000000000,0.0000000000
2026-10-05 06:43:26,0.3656005859,0.0000000000,110.8666687011,136.0666656494,0.8206665992,0.0000000000,462.6799926757,462.6799926757,462.6799926757,33.5999984741,5.1466665267,2.9399997711,3.4140000343,0.5599999904,0.0000000000,0.0000000000,0.0000000000
2026-10-05 06:49:16,0.3655963182,0.6000000000,103.5999984741,100.8666687011,0.4460000038,0.0666666698,396.5866394042,396.5866394042,396.5866394042,29.0666675567,4.4000000953,2.5199999809,2.9273330688,0.4799999713,0.0000000000,0.0000000000,0.0000000000
2026-10-05 06:55:07,0.3656949043,2.2666666507,76.7333297729,94.7333297729,0.5353333473,0.0000000000,330.4933166503,330.4933166503,330.4933166503,24.3333339691,3.6666667461,2.0999999046,2.4406666755,0.4000000000,0.0000000000,0.0000000000,0.0000000000
2026-10-05 07:00:57,0.3657543182,7.5999999046,83.8000030517,77.4666671752,0.3693333148,0.1333333373,330.5066833496,330.5066833496,330.5066833496,24.3333339691,3.6333336830,2.0999999046,2.4373331069,0.4000000000,0.0000000000,0.0000000000,0.0000000000
2026-10-05 07:06:47,0.3658309459,26.2666664123,92.4666671752,113.7333297729,0.3566666841,0.3333333492,396.6266784667,396.6266784667,396.6266784667,29.2000007629,4.3600001335,2.5199999809,2.9246668815,0.4799999713,0.0000000000,0.0000000000,0.0000000000
2026-10-05 07:12:38,0.3662599086,81.1999969482,69.6666641235,87.4000015258,0.4060000419,0.6000000000,330.5333557128,330.5333557128,330.5333557128,24.3333339691,3.6066665649,2.0999999046,2.4333333969,0.4000000000,0.0000000000,0.0000000000,0.0000000000
