2026-09-28 16:14:29,0.3609085083,10633.1337890625,106.0666656494,155.6000061035,0.7833332538,136.9333343505,923.5466918945,923.5466918945,923.5466918945,58.4666671752,18.9333305358,12.1266660690,10.3479986190,1.1200000047,0.0000000000,0.0000000000,0.0000000000
2026-09-28 16:20:04,0.3609575033,10438.2001953125,154.9333343505,204.4666595458,1.4353333473,130.5333404541,923.5333862304,923.5333862304,923.5333862304,58.3333320617,18.6466636657,11.8533325195,10.1560001373,1.1200000047,0.0000000000,0.0000000000,0.0000000000
2026-09-28 16:25:38,0.3612633943,8291.2001953125,141.9333343505,191.3999938964,1.3146667480,114.0666656494,923.5533447265,923.5533447265,923.5533447265,58.9333343505,18.5199985504,11.9133338928,10.2059993743,1.1200000047,0.0000000000,0.0000000000,0.0000000000
2026-09-28 16:31:13,0.3613567829,7929.3334960937,132.1999969482,181.6666717529,1.5226666927,103.5999984741,923.5799560546,923.5799560546,923.5799560546,59.2666664123,18.4599990844,11.8866682052,10.1993322372,1.1200000047,0.0000000000,0.0000000000,0.0000000000
2026-09-28 16:36:47,0.3613795757,7414.7998046875,147.3999938964,197.0666656494,1.3246666193,97.4666671752,923.6065673828,923.6065673828,923.6065673828,59.2666664123,18.2933330535,11.7666664123,10.1099996566,1.1200000047,0.0000000000,0.0000000000,0.0000000000
2026-09-28 16:42:22,0.3614843130,6486.7333984375,145.0000000000,194.5333404541,1.2506667375,85.5333328247,923.6867675781,923.6867675781,923.6867675781,59.6666679382,18.1866664886,11.7466669082,10.0973329544,1.1200000047,0.0000000000,0.0000000000,0.0000000000
2026-09-28 16:47:57,0.3616029024,6178.0000000000,103.1999969482,152.6666717529,0.9639999389,82.0666656494,923.7000732421,923.7000732421,923.7000732421,60.3333320617,18.2000007629,11.9133329391,10.2266674041,1.1200000047,0.0000000000,0.0000000000,0.0000000000
2026-09-28 16:53:30,0.3615694284,7227.4667968750,136.3333282470,185.8000030517,1.3080000877,89.1333312988,923.8065795898,923.8065795898,923.8065795898,60.4000015258,18.1733322143,11.8600015640,10.1993322372,1.1200000047,0.0000000000,0.0000000000,0.0000000000
2026-09-28 16:59:05,0.3616991519,8483.5996093750,146.2666625976,195.8666687011,1.5980000495,107.5333328247,923.8132324218,923.8132324218,923.8132324218,60.8666648864,17.9133338928,11.7800006866,10.1359996795,1.1200000047,0.0000000000,0.0000000000,0.0000000000
2026-09-28 17:04:39,0.3617200613,9702.9335937500,146.0000000000,195.6666717529,1.0026667118,128.8000030517,923.8132934570,923.8132934570,923.8132934570,61.2666664123,17.9466648101,11.8599996566,10.1953325271,1.1200000047,0.0000000000,0.0000000000,0.0000000000
2026-09-28 17:10:14,0.3616299629,10310.0664062500,142.3333282470,192.0666656494,1.1693333387,125.1999969482,923.8466796875,923.8466796875,923.8466796875,60.9333343505,17.9266662597,11.8399991989,10.1846666336,1.1200000047,0.0000000000,0.0000000000,0.0000000000
2026-09-28 17:15:48,0.3619706153,10710.1337890625,144.3333282470,193.8666687011,1.6879999637,131.9333343505,923.8466796875,923.8466796875,923.8466796875,60.7333335876,17.9533329010,11.8200006484,10.1659994125,1.1200000047,0.0000000000,0.0000000000,0.0000000000
2026-09-28 17:21:23,0.3630004167,11009.8662109375,128.5333404541,178.0666656494,1.3680000305,140.3999938964,923.8934326171,923.8934326171,923.8934326171,61.2666664123,17.8733310699,11.7933340072,10.1533336639,1.1200000047,0.0000000000,0.0000000000,0.0000000000
2026-09-28 17:26:57,0.3628571510,9375.0664062500,125.9333343505,175.3999938964,1.1019998788,129.6000061035,923.9334106445,923.9334106445,923.9334106445,60.7999992370,17.9866657257,11.8399991989,10.1753349304,1.1200000047,0.0000000000,0.0000000000,0.0000000000
2026-09-28 17:32:31,0.3627965211,6970.6665039062,138.8666687011,188.3333282470,1.5173331260,103.4000015258,923.9133911132,923.9133911132,923.9133911132,60.7333335876,17.9266662597,11.7933340072,10.1440000534,1.1200000047,0.0000000000,0.0000000000,0.0000000000
2026-09-28 17:38:06,0.3629535675,4263.6000976562,150.4666595458,200.0000000000,1.2766667604,59.5999984741,923.9000854492,923.9000854492,923.9000854492,61.4666671752,17.7466678619,11.6933336257,10.0879993438,1.1200000047,0.0000000000,0.0000000000,0.0000000000
2026-09-28 17:43:40,0.3630722522,3024.8000488281,139.9333343505,189.3999938964,1.1406666040,41.5999984741,924.0000000000,924.0000000000,924.0000000000,61.1333351135,17.7466678619,11.6733341217,10.0626668930,1.1200000047,0.0000000000,0.0000000000,0.0000000000
2026-09-28 17:49:15,0.3630788087,2670.6667480468,147.6000061035,197.1333312988,0.8979999542,38.7999992370,924.1066894531,924.1066894531,924.1066894531,61.1333351135,17.8200035095,11.7133340835,10.0993328094,1.1200000047,0.0000000000,0.0000000000,0.0000000000
2026-09-28 17:55:08,0.3631353855,2643.4665527343,10.8666667938,14.3999996185,0.0846666622,2.5999999046,66.0133361816,66.0133361816,66.0133361816,4.4000000953,1.2666666507,0.8333333015,0.7200000286,0.0800000095,0.0000000000,0.0000000000,0.0000000000
2026-09-28 18:01:03,0.3632102489,3310.3332519531,18.8666667938,25.9333324432,0.1559999942,6.1999998092,132.0266723632,132.0266723632,132.0266723632,8.9333333969,2.5000000000,1.6800000667,1.4486666679,0.1600000143,0.0000000000,0.0000000000,0.0000000000
2026-09-28 18:06:57,0.3631694793,4065.2666015625,17.3999996185,24.4666671752,0.0926666641,7.6666665077,132.0399932861,132.0399932861,132.0399932861,8.9333333969,2.5133333206,1.6933333873,1.4566665649,0.1600000143,0.0000000000,0.0000000000,0.0000000000
2026-09-28 18:12:51,0.3631064653,4886.4667968750,19.8666667938,26.9333324432,0.2306666612,9.0000000000,132.0399932861,132.0399932861,132.0399932861,8.9333333969,2.4933333396,1.6733334064,1.4459998607,0.1600000143,0.0000000000,0.0000000000,0.0000000000
2026-09-28 18:18:44,0.3631650209,4583.5332031250,25.7333335876,36.4000015258,0.2766666650,13.0000000000,198.0599975585,198.0599975585,198.0599975585,13.6000003814,3.7066664695,2.5133333206,2.1713333129,0.2400000095,0.0000000000,0.0000000000,0.0000000000
2026-09-28 18:24:39,0.3631615400,3320.3332519531,22.3333339691,29.3999996185,0.1293333292,7.1999998092,132.0466613769,132.0466613769,132.0466613769,9.0666666030,2.4866669178,1.6933333873,1.4593333244,0.1600000143,0.0000000000,0.0000000000,0.0000000000
2026-09-28 18:30:34,0.3631709575,2491.8000488281,10.6000003814,14.1333332061,0.1120000004,3.0666666030,66.0266647338,66.0266647338,66.0266647338,4.4666666984,1.2466666698,0.8333333015,0.7213333129,0.0800000095,0.0000000000,0.0000000000,0.0000000000
2026-09-28 18:36:30,0.3632210493,1623.2667236328,9.9333333969,13.4666662216,0.0886666679,1.9333333015,66.0266647338,66.0266647338,66.0266647338,4.4666666984,1.2466666698,0.8400000572,0.7239999771,0.0800000095,0.0000000000,0.0000000000,0.0000000000
2026-09-28 18:42:24,0.3632626056,1013.2000122070,19.7333335876,26.7999992370,0.1900000000,2.1333334445,132.0533294677,132.0533294677,132.0533294677,9.0000000000,2.4800000190,1.6666666030,1.4426666259,0.1600000143,0.0000000000,0.0000000000,0.0000000000
2026-09-28 18:48:17,0.3633187770,699.4666748046,21.9333324432,29.0000000000,0.1546666622,1.3999999809,132.0533294677,132.0533294677,132.0533294677,9.0666666030,2.4733331203,1.6800000667,1.4479999542,0.1600000143,0.0000000000,0.0000000000,0.0000000000
2026-09-28 18:54:11,0.3633742570,426.7333374023,21.3333339691,28.3999996185,0.1026666641,0.8000000000,132.0466613769,132.0466613769,132.0466613769,9.0666666030,2.4666666984,1.6800000667,1.4493332862,0.1600000143,0.0000000000,0.0000000000,0.0000000000
2026-09-28 19:00:05,0.3634001255,304.6666564941,20.5333328247,27.6000003814,0.1259999990,0.6000000000,132.0666656494,132.0666656494,132.0666656494,9.0666666030,2.4733331203,1.6866665840,1.4513334274,0.1600000143,0.0000000000,0.0000000000,0.0000000000
2026-09-28 19:05:58,0.3633927106,196.8666687011,26.4666671752,33.5333328247,0.1039999961,0.5333333492,132.0599975585,132.0599975585,132.0599975585,9.0666666030,2.4933333396,1.6933332443,1.4566665649,0.1600000143,0.0000000000,0.0000000000,0.0000000000
2026-09-28 19:11:52,0.3634073495,107.6666641235,22.9333324432,30.0000000000,0.1246666669,0.3333333492,132.0666656494,132.0666656494,132.0666656494,9.0666666030,2.4933333396,1.7066667079,1.4666666984,0.1600000143,0.0000000000,0.0000000000,0.0000000000
2026-09-28 19:17:46,0.3634976387,53.7999992370,22.0000000000,29.0666675567,0.1406666660,0.1333333373,132.0800018310,132.0800018310,132.0800018310,9.0666666030,2.4933333396,1.7133333683,1.4726666450,0.1600000143,0.0000000000,0.0000000000,0.0000000000
2026-09-28 19:23:39,0.3635013341,24.3999996185,23.2000007629,30.2666664123,0.0580000019,0.1333333373,132.0866699218,132.0866699218,132.0866699218,9.1999998092,2.4933333396,1.7200000286,1.4753333091,0.1600000143,0.0000000000,0.0000000000,0.0000000000
2026-09-28 19:29:33,0.3635592937,8.2666664123,18.0666675567,25.1333332061,0.1333333253,0.0666666698,132.0800018310,132.0800018310,132.0800018310,9.1999998092,2.4800000190,1.7200000286,1.4766666889,0.1600000143,0.0000000000,0.0000000000,0.0000000000
2026-09-28 19:35:27,0.3636300325,2.5999999046,20.2666664123,27.3333339691,0.1373333334,0.0000000000,132.0933380126,132.0933380126,132.0933380126,9.1999998092,2.4666666984,1.7200000286,1.4813332557,0.1600000143,0.0000000000,0.0000000000,0.0000000000
2026-09-28 19:41:19,0.3629836559,1.0000000000,27.0666675567,37.6666679382,0.1666666746,0.0000000000,198.1399993896,198.1399993896,198.1399993896,14.0000000000,3.7000000476,2.5800001621,2.2213332653,0.2400000095,0.0000000000,0.0000000000,0.0000000000
2026-09-28 19:47:12,0.3630373239,0.4666666507,19.8666667938,26.9333324432,0.1073333263,0.0000000000,132.0866699218,132.0866699218,132.0866699218,9.2666664123,2.4666666984,1.7200000286,1.4800000190,0.1600000143,0.0000000000,0.0000000000,0.0000000000
2026-09-28 19:53:06,0.3630303144,1.0000000000,18.3333339691,25.3999996185,0.1266666650,0.1333333373,132.0866699218,132.0866699218,132.0866699218,9.1999998092,2.4733331203,1.7066667079,1.4720000267,0.1600000143,0.0000000000,0.0000000000,0.0000000000
2026-09-28 19:59:00,0.3630708456,1.0000000000,22.7333335876,29.7999992370,0.0593333292,0.0000000000,132.0933380126,132.0933380126,132.0933380126,9.1999998092,2.4800000190,1.7200000286,1.4786666870,0.1600000143,0.0000000000,0.0000000000,0.0000000000
2026-09-28 20:04:52,0.3631015062,1.0000000000,30.5333328247,41.1333351135,0.0879999923,0.0666666698,198.1399993896,198.1399993896,198.1399993896,13.8000001907,3.7266666889,2.5866668224,2.2186665534,0.2400000095,0.0000000000,0.0000000000,0.0000000000
2026-09-28 20:10:45,0.3631691694,1.0000000000,25.7333335876,32.7999992370,0.0586666584,0.0000000000,132.1000061035,132.1000061035,132.1000061035,9.1999998092,2.4933333396,1.7333333492,1.4886666297,0.1600000143,0.0000000000,0.0000000000,0.0000000000
2026-09-28 20:16:39,0.3631605625,1.0000000000,22.8666667938,29.9333324432,0.0900000000,0.1333333373,132.1066589355,132.1066589355,132.1066589355,9.1999998092,2.4933333396,1.7200000286,1.4799999237,0.1600000143,0.0000000000,0.0000000000,0.0000000000
2026-09-28 20:22:33,0.3631697654,1.0000000000,25.8666667938,32.9333343505,0.1153333306,0.1333333373,132.1133270263,132.1133270263,132.1133270263,9.1999998092,2.4933333396,1.7333333492,1.4846667289,0.1600000143,0.0000000000,0.0000000000,0.0000000000
2026-09-28 20:28:26,0.3631801605,1.0000000000,25.3333339691,32.4000015258,0.0459999990,0.1333333373,132.1200103759,132.1200103759,132.1200103759,9.1999998092,2.4933333396,1.7333333492,1.4893333911,0.1600000143,0.0000000000,0.0000000000,0.0000000000
2026-09-28 20:34:18,0.3631585597,1.0000000000,34.3333320617,44.9333343505,0.1293333292,0.2000000000,198.1933288574,198.1933288574,198.1933288574,13.8000001907,3.7400002479,2.5933334827,2.2299997806,0.2400000095,0.0000000000,0.0000000000,0.0000000000
2026-09-28 20:40:12,0.3631234407,1.0000000000,34.7333335876,41.7999992370,0.0486666679,0.1333333373,132.1333312988,132.1333312988,132.1333312988,9.1999998092,2.5000000000,1.7266668319,1.4846667289,0.1600000143,0.0000000000,0.0000000000,0.0000000000
2026-09-28 20:46:06,0.3631654977,1.0000000000,26.5333328247,33.5999984741,0.1000000000,0.1333333373,132.1399993896,132.1399993896,132.1399993896,9.1333332061,2.4933333396,1.7200000286,1.4759999275,0.1600000143,0.0000000000,0.0000000000,0.0000000000
2026-09-28 20:51:59,0.3631943702,1.0000000000,20.5333328247,27.6000003814,0.0786666631,0.1333333373,132.1600036621,132.1600036621,132.1600036621,9.0666666030,2.5066668987,1.7200000286,1.4759999275,0.1600000143,0.0000000000,0.0000000000,0.0000000000
2026-09-28 20:57:53,0.3631658315,1.0000000000,27.9333324432,35.0000000000,0.0579999923,0.1333333373,132.1533355712,132.1533355712,132.1533355712,9.0666666030,2.5066668987,1.7200000286,1.4759999275,0.1600000143,0.0000000000,0.0000000000,0.0000000000
2026-09-28 21:03:47,0.3645403861,1.0000000000,30.6666660308,37.7333335876,0.0926666641,0.1333333373,132.1600036621,132.1600036621,132.1600036621,9.0666666030,2.5066668987,1.7266668319,1.4800000190,0.1600000143,0.0000000000,0.0000000000,0.0000000000
2026-09-28 21:09:40,0.3644810199,1.0000000000,26.7333335876,33.7999992370,0.0473333311,0.1333333373,132.1600036621,132.1600036621,132.1600036621,9.0666666030,2.5199999809,1.7266668319,1.4833333492,0.1600000143,0.0000000000,0.0000000000,0.0000000000
2026-09-28 21:15:34,0.3645527124,1.0000000000,30.6000003814,37.6666679382,0.0573333358,0.0666666698,132.1533355712,132.1533355712,132.1533355712,9.1333332061,2.5199999809,1.7400000095,1.4906667709,0.1600000143,0.0000000000,0.0000000000,0.0000000000
2026-09-28 21:21:28,0.3644704818,1.0000000000,31.8666667938,38.9333343505,0.0606666660,0.0000000000,132.1533355712,132.1533355712,132.1533355712,9.1333332061,2.5133333206,1.7400000095,1.4913332462,0.1600000143,0.0000000000,0.0000000000,0.0000000000
2026-09-28 21:27:22,0.3643872976,1.0000000000,29.8666667938,36.9333343505,0.0960000038,0.0000000000,132.1666717529,132.1666717529,132.1666717529,9.1333332061,2.5133333206,1.7266668319,1.4859999656,0.1600000143,0.0000000000,0.0000000000,0.0000000000
2026-09-28 21:33:17,0.3643252611,1.0000000000,21.2666664123,0.8000000000,0.0359999990,0.0000000000,66.0800018310,66.0800018310,66.0800018310,4.5333333015,1.2533334493,0.8600000381,0.7386666297,0.0800000095,0.0000000000,0.0000000000,0.0000000000
2026-09-28 21:39:13,0.3642324447,1.0000000000,11.8000001907,15.3333330154,0.0500000000,0.0666666698,66.0866622924,66.0866622924,66.0866622924,4.5333333015,1.2533334493,0.8533333778,0.7346666336,0.0800000095,0.0000000000,0.0000000000,0.0000000000
2026-09-28 21:45:08,0.3641606330,1.0000000000,18.0000000000,21.5333328247,0.0299999980,0.0666666698,66.0866622924,66.0866622924,66.0866622924,4.4666666984,1.2466666698,0.8466666221,0.7273333072,0.0800000095,0.0000000000,0.0000000000,0.0000000000
2026-09-28 21:51:02,0.3640975475,1.0000000000,37.8666648864,20.9333324432,0.0986666679,0.0666666698,132.1666717529,132.1666717529,132.1666717529,8.9333333969,2.4933333396,1.6866665840,1.4519999027,0.1600000143,0.0000000000,0.0000000000,0.0000000000
2026-09-28 21:56:57,0.3640786409,1.0000000000,15.5333337783,19.0666675567,0.0426666688,0.0666666698,66.0866622924,66.0866622924,66.0866622924,4.4666666984,1.2466666698,0.8400000572,0.7246666431,0.0800000095,0.0000000000,0.0000000000,0.0000000000
2026-09-28 22:02:53,0.3640783309,1.0000000000,16.0000000000,19.5333328247,0.0173333311,0.0000000000,66.0866622924,66.0866622924,66.0866622924,4.4666666984,1.2466666698,0.8400000572,0.7246666431,0.0800000095,0.0000000000,0.0000000000,0.0000000000
