2026-09-05 10:08:17,0.3630426168,6390.5332031250,0.0000000000,0.0000000000,0.0000000000,0.0000000000,0.0000000000,0.0000000000,0.0000000000,0.0000000000,0.0000000000,0.0000000000,0.0000000000,0.0000000000,0.0000000000,0.0000000000,0.0000000000
2026-09-05 10:13:51,0.3628787994,6444.9331054687,0.0000000000,0.0000000000,0.0000000000,0.0000000000,0.0000000000,0.0000000000,0.0000000000,0.0000000000,0.0000000000,0.0000000000,0.0000000000,0.0000000000,0.0000000000,0.0000000000,0.0000000000
2026-09-05 10:19:26,0.3628064632,6866.5332031250,0.0000000000,0.0000000000,0.0000000000,0.0000000000,0.0000000000,0.0000000000,0.0000000000,0.0000000000,0.0000000000,0.0000000000,0.0000000000,0.0000000000,0.0000000000,0.0000000000,0.0000000000
2026-09-05 10:25:01,0.3625084877,8556.4667968750,0.0000000000,0.0000000000,0.0000000000,0.0000000000,0.0000000000,0.0000000000,0.0000000000,0.0000000000,0.0000000000,0.0000000000,0.0000000000,0.0000000000,0.0000000000,0.0000000000,0.0000000000
2026-09-05 10:30:35,0.3621085643,5065.5332031250,0.0000000000,0.0000000000,0.0000000000,0.0000000000,0.0000000000,0.0000000000,0.0000000000,0.0000000000,0.0000000000,0.0000000000,0.0000000000,0.0000000000,0.0000000000,0.0000000000,0.0000000000
2026-09-05 10:36:10,0.3616394996,5268.8666992187,0.0000000000,0.0000000000,0.0000000000,0.0000000000,0.0000000000,0.0000000000,0.0000000000,0.0000000000,0.0000000000,0.0000000000,0.0000000000,0.0000000000,0.0000000000,0.0000000000,0.0000000000
2026-09-05 10:41:45,0.3614490270,2184.0000000000,0.0000000000,0.0000000000,0.0000000000,0.0000000000,0.0000000000,0.0000000000,0.0000000000,0.0000000000,0.0000000000,0.0000000000,0.0000000000,0.0000000000,0.0000000000,0.0000000000,0.0000000000
2026-09-05 10:47:19,0.3608221054,2517.0000000000,0.0000000000,0.0000000000,0.0000000000,0.0000000000,0.0000000000,0.0000000000,0.0000000000,0.0000000000,0.0000000000,0.0000000000,0.0000000000,0.0000000000,0.0000000000,0.0000000000,0.0000000000
2026-09-05 10:52:54,0.3602600574,8410.6669921875,0.0000000000,0.0000000000,0.0000000000,0.0000000000,0.0000000000,0.0000000000,0.0000000000,0.0000000000,0.0000000000,0.0000000000,0.0000000000,0.0000000000,0.0000000000,0.0000000000,0.0000000000
2026-09-05 10:58:28,0.3600270271,1800.2667236328,0.0000000000,0.0000000000,0.0000000000,0.0000000000,0.0000000000,0.0000000000,0.0000000000,0.0000000000,0.0000000000,0.0000000000,0.0000000000,0.0000000000,0.0000000000,0.0000000000,0.0000000000
2026-09-05 11:04:03,0.3599974155,6291.7333984375,0.0000000000,0.0000000000,0.0000000000,0.0000000000,0.0000000000,0.0000000000,0.0000000000,0.0000000000,0.0000000000,0.0000000000,0.0000000000,0.0000000000,0.0000000000,0.0000000000,0.0000000000
2026-09-05 11:09:38,0.3600846290,5248.0668945312,0.0000000000,0.0000000000,0.0000000000,0.0000000000,0.0000000000,0.0000000000,0.0000000000,0.0000000000,0.0000000000,0.0000000000,0.0000000000,0.0000000000,0.0000000000,0.0000000000,0.0000000000
2026-09-05 11:15:12,0.3591373443,1411.0666503906,0.0000000000,0.0000000000,0.0000000000,0.0000000000,0.0000000000,0.0000000000,0.0000000000,0.0000000000,0.0000000000,0.0000000000,0.0000000000,0.0000000000,0.0000000000,0.0000000000,0.0000000000
2026-09-05 11:20:47,0.3588806629,791.7999877929,0.0000000000,0.0000000000,0.0000000000,0.0000000000,0.0000000000,0.0000000000,0.0000000000,0.0000000000,0.0000000000,0.0000000000,0.0000000000,0.0000000000,0.0000000000,0.0000000000,0.0000000000
2026-09-05 11:26:22,0.3600259065,3287.4665527343,0.0000000000,0.0000000000,0.0000000000,0.0000000000,0.0000000000,0.0000000000,0.0000000000,0.0000000000,0.0000000000,0.0000000000,0.0000000000,0.0000000000,0.0000000000,0.0000000000,0.0000000000
2026-09-05 11:31:56,0.3598207473,3102.9333496093,0.0000000000,0.0000000000,0.0000000000,0.0000000000,0.0000000000,0.0000000000,0.0000000000,0.0000000000,0.0000000000,0.0000000000,0.0000000000,0.0000000000,0.0000000000,0.0000000000,0.0000000000
2026-09-05 11:37:31,0.3596521615,490.3999938964,0.0000000000,0.0000000000,0.0000000000,0.0000000000,0.0000000000,0.0000000000,0.0000000000,0.0000000000,0.0000000000,0.0000000000,0.0000000000,0.0000000000,0.0000000000,0.0000000000,0.0000000000
2026-09-05 11:43:05,0.3595816135,3504.6000976562,0.0000000000,0.0000000000,0.0000000000,0.0000000000,0.0000000000,0.0000000000,0.0000000000,0.0000000000,0.0000000000,0.0000000000,0.0000000000,0.0000000000,0.0000000000,0.0000000000,0.0000000000
2026-09-05 11:48:40,0.3593313932,3169.3332519531,0.0000000000,0.0000000000,0.0000000000,0.0000000000,0.0000000000,0.0000000000,0.0000000000,0.0000000000,0.0000000000,0.0000000000,0.0000000000,0.0000000000,0.0000000000,0.0000000000,0.0000000000
2026-09-05 11:54:15,0.3590148448,9523.8662109375,0.0000000000,0.0000000000,0.0000000000,0.0000000000,0.0000000000,0.0000000000,0.0000000000,0.0000000000,0.0000000000,0.0000000000,0.0000000000,0.0000000000,0.0000000000,0.0000000000,0.0000000000
2026-09-05 11:59:49,0.3590159416,8250.1337890625,0.0000000000,0.0000000000,0.0000000000,0.0000000000,0.0000000000,0.0000000000,0.0000000000,0.0000000000,0.0000000000,0.0000000000,0.0000000000,0.0000000000,0.0000000000,0.0000000000,0.0000000000
2026-09-05 12:05:24,0.3589706897,8415.7333984375,0.0000000000,0.0000000000,0.0000000000,0.0000000000,0.0000000000,0.0000000000,0.0000000000,0.0000000000,0.0000000000,0.0000000000,0.0000000000,0.0000000000,0.0000000000,0.0000000000,0.0000000000
2026-09-05 12:10:59,0.3586845874,8410.5332031250,0.0000000000,0.0000000000,0.0000000000,0.0000000000,0.0000000000,0.0000000000,0.0000000000,0.0000000000,0.0000000000,0.0000000000,0.0000000000,0.0000000000,0.0000000000,0.0000000000,0.0000000000
2026-09-05 12:17:00,0.3585963726,8674.4003906250,0.0000000000,0.0000000000,0.0000000000,0.0000000000,0.0000000000,0.0000000000,0.0000000000,0.0000000000,0.0000000000,0.0000000000,0.0000000000,0.0000000000,0.0000000000,0.0000000000,0.0000000000
2026-09-05 12:22:56,0.3586349248,12661.9335937500,16.2000007629,19.7999992370,0.0866666698,52.8666648864,66.0133361816,66.0133361816,66.0133361816,3.0666666030,1.6533334255,0.8333333015,0.7046666622,0.0800000095,0.0000000000,1.7333333492,0.0000000000
2026-09-05 12:28:51,0.3586949825,10412.5996093750,19.6666660308,23.2666664123,0.0246666669,52.8666648864,66.0199966430,66.0199966430,66.0199966430,3.0000000000,1.6599999427,0.8199999809,0.6979999542,0.0800000095,0.0000000000,1.7333333492,0.0000000000
2026-09-05 12:34:47,0.3580146312,403.6666564941,20.0666675567,23.6000003814,0.0193333330,53.9333343505,66.0133361816,66.0133361816,66.0133361816,3.1333334445,1.6599999427,0.8666666984,0.7299999713,0.0800000095,0.0000000000,1.7333333492,0.0000000000
2026-09-05 12:40:42,0.3578129291,1500.7332763671,15.5333337783,19.0666675567,0.0359999990,55.1333351135,66.0133361816,66.0133361816,66.0133361816,3.1333334445,1.6933332443,0.8866666793,0.7399999618,0.0800000095,0.0000000000,1.7333333492,0.0000000000
2026-09-05 12:46:38,0.3582663536,1896.0666503906,22.0666675567,1.6000000000,0.0406666660,53.4666671752,65.9933319091,65.9933319091,65.9933319091,3.0000000000,1.6599999427,0.8266667366,0.7019999504,0.0800000095,0.0000000000,1.7333333492,0.0000000000
2026-09-05 12:52:33,0.3577514648,11499.6669921875,0.4666666507,4.0000000000,0.0326666641,57.3333320617,66.0066680908,66.0066680908,66.0066680908,2.9333333969,1.6800000667,0.8266667366,0.6973333358,0.0800000095,0.0000000000,1.7333333492,0.0000000000
2026-09-05 12:58:29,0.3574917554,7513.2001953125,23.0000000000,2.5333333015,0.0513333320,40.0666656494,66.0000000000,66.0000000000,66.0000000000,3.0666666030,1.7133333683,0.8933333396,0.7440000057,0.0800000095,0.0000000000,1.7333333492,0.0000000000
2026-09-05 13:04:24,0.3588876724,3258.3999023437,18.9333324432,22.4666671752,0.0746666669,14.9333333969,65.9800033569,65.9800033569,65.9800033569,3.3333332538,1.6266666412,0.8933333396,0.7486666679,0.0800000095,0.0000000000,1.7333333492,0.0000000000
2026-09-05 13:10:20,0.3573541164,454.9333190917,20.2000007629,23.7333335876,0.1286666631,58.5333328247,66.0066680908,66.0066680908,66.0066680908,3.2000000476,1.6666666030,0.8933333396,0.7466666698,0.0800000095,0.0000000000,1.7333333492,0.0000000000
2026-09-05 13:16:15,0.3567568778,825.1333618164,3.5999999046,7.1333332061,0.0833333396,59.9333343505,66.0000000000,66.0000000000,66.0000000000,3.2666666507,1.7200000286,0.9533332824,0.7893333435,0.0800000095,0.0000000000,1.7333333492,0.0000000000
2026-09-05 13:22:11,0.3566297292,384.0000000000,17.8666667938,21.3999996185,0.0866666698,63.6666679382,66.0000000000,66.0000000000,66.0000000000,2.9333333969,1.7400000095,0.8600000381,0.7200000286,0.0800000095,0.0000000000,1.7333333492,0.0000000000
2026-09-05 13:28:06,0.3569431066,9692.0664062500,21.3999996185,0.9333333015,0.1446666622,25.0000000000,65.9866638183,65.9866638183,65.9866638183,3.0666666030,1.7266666889,0.9000000000,0.7493333339,0.0800000095,0.0000000000,1.7333333492,0.0000000000
2026-09-05 13:34:02,0.3584996223,8779.1337890625,10.6000003814,14.1333332061,0.0373333334,14.8000001907,65.9733352661,65.9733352661,65.9733352661,3.2000000476,1.6733334064,0.8866666793,0.7440000057,0.0800000095,0.0000000000,1.7333333492,0.0000000000
2026-09-05 13:39:57,0.3571291446,384.0000000000,19.6000003814,23.1333332061,0.0633333301,64.6666641235,65.9933319091,65.9933319091,65.9933319091,3.1333334445,1.6800000667,0.8866666793,0.7413332939,0.0800000095,0.0000000000,1.7333333492,0.0000000000
2026-09-05 13:45:53,0.3562689304,8880.0664062500,18.3333339691,21.8666667938,0.0413333320,68.9333343505,66.0000000000,66.0000000000,66.0000000000,2.9333333969,1.7400000095,0.8666666984,0.7253333091,0.0800000095,0.0000000000,1.7333333492,0.0000000000
2026-09-05 13:51:48,0.3581564664,11010.3330078125,11.3999996185,14.9333333969,0.0006666666,18.8666667938,65.9866638183,65.9866638183,65.9866638183,3.2000000476,1.7000000476,0.9199999809,0.7673332691,0.0800000095,0.0000000000,1.7333333492,0.0000000000
2026-09-05 13:57:44,0.3582179069,1415.1333007812,22.6666660308,2.2000000476,0.0659999942,37.0666656494,66.0066680908,66.0066680908,66.0066680908,3.2000000476,1.6666666030,0.8800000190,0.7386666297,0.0800000095,0.0000000000,1.7333333492,0.0000000000
2026-09-05 14:03:39,0.3560937404,384.0000000000,22.3999996185,1.9333333015,0.0426666688,68.1999969482,66.0133361816,66.0133361816,66.0133361816,3.0000000000,1.6800000667,0.8333333015,0.7019999504,0.0800000095,0.0000000000,1.7333333492,0.0000000000
2026-09-05 14:09:35,0.3559973001,8414.7998046875,17.9333324432,21.4666671752,0.0746666669,32.5999984741,66.0066680908,66.0066680908,66.0066680908,2.8666666030,1.7066667079,0.8266667366,0.6979999542,0.0800000095,0.0000000000,1.7333333492,0.0000000000
2026-09-05 14:15:30,0.3575865983,11036.8662109375,22.0666675567,1.6000000000,0.1180000066,17.2000007629,66.0133361816,66.0133361816,66.0133361816,2.9333333969,1.6533334255,0.7933333396,0.6800000190,0.0800000095,0.0000000000,1.7333333492,0.0000000000
2026-09-05 14:21:26,0.3566928148,897.7999877929,22.4666671752,2.0000000000,0.0393333320,29.0000000000,66.0266647338,66.0266647338,66.0266647338,3.0666666030,1.6800000667,0.8733333587,0.7313333034,0.0800000095,0.0000000000,1.7333333492,0.0000000000
2026-09-05 14:27:21,0.3556636810,12142.2666015625,11.1999998092,14.7333335876,0.0386666660,20.0000000000,66.0133361816,66.0133361816,66.0133361816,2.6666667461,1.7400000095,0.7666666507,0.6560000419,0.0800000095,0.0000000000,1.7333333492,0.0000000000
2026-09-05 14:33:17,0.3573455810,13372.7998046875,21.4666671752,1.0000000000,0.0213333344,16.8666667938,66.0000000000,66.0000000000,66.0000000000,3.1333334445,1.6866667270,0.8866666793,0.7406666278,0.0800000095,0.0000000000,1.7333333492,0.0000000000
2026-09-05 14:39:12,0.3578252553,13576.3330078125,20.0666675567,23.6000003814,0.0793333292,17.0000000000,66.0066680908,66.0066680908,66.0066680908,3.0666666030,1.6666666030,0.8400000572,0.7099999904,0.0800000095,0.0000000000,1.7333333492,0.0000000000
2026-09-05 14:45:08,0.3568450927,384.0000000000,21.0666675567,0.6000000000,0.0326666641,60.9333343505,66.0133361816,66.0133361816,66.0133361816,3.0000000000,1.6733334064,0.8266667366,0.7000000000,0.0800000095,0.0000000000,1.7333333492,0.0000000000
2026-09-05 14:51:03,0.3556710481,6934.5332031250,21.5333328247,1.0666667222,0.2313333272,62.0000000000,66.0133361816,66.0133361816,66.0133361816,3.0000000000,1.7200000286,0.8866666793,0.7386666297,0.0800000095,0.0000000000,1.7333333492,0.0000000000
2026-09-05 14:56:59,0.3572178125,14308.8662109375,22.0000000000,1.5333333015,0.0506666660,14.1999998092,65.9933319091,65.9933319091,65.9933319091,3.0666666030,1.6866667270,0.8666666984,0.7273333072,0.0800000095,0.0000000000,1.7333333492,0.0000000000
2026-09-05 15:02:54,0.3574845552,1554.8000488281,20.1333332061,23.6666660308,0.0306666660,17.4666671752,66.0000000000,66.0000000000,66.0000000000,3.0000000000,1.6800000667,0.8333333015,0.7046666622,0.0800000095,0.0000000000,1.7333333492,0.0000000000
2026-09-05 15:08:50,0.3552488803,2749.8666992187,22.6000003814,2.1333334445,0.0433333349,59.2666664123,66.0133361816,66.0133361816,66.0133361816,3.0666666030,1.7400000095,0.9133333206,0.7593333244,0.0800000095,0.0000000000,1.7999999523,0.0000000000
2026-09-05 15:14:45,0.3569143772,4115.6665039062,19.7999992370,23.3333339691,0.0159999990,15.0666666030,65.9933319091,65.9933319091,65.9933319091,2.9333333969,1.7333333492,0.8600000381,0.7233333110,0.0800000095,0.0000000000,1.7333333492,0.0000000000
2026-09-05 15:20:41,0.3571041822,397.6000061035,16.7333335876,20.2666664123,0.0833333396,55.3333320617,66.0066680908,66.0066680908,66.0066680908,2.7999999523,1.7599999904,0.8466666221,0.7086667060,0.0800000095,0.0000000000,1.7999999523,0.0000000000
2026-09-05 15:26:37,0.3568436622,384.0000000000,21.5333328247,1.0666667222,0.1873333358,54.2000007629,66.0066680908,66.0066680908,66.0066680908,2.7999999523,1.7733333110,0.8600000381,0.7179999828,0.0800000095,0.0000000000,1.7999999523,0.0000000000
2026-09-05 15:32:32,0.3570419788,384.0000000000,15.5333337783,19.0666675567,0.0693333244,50.6666679382,65.9933319091,65.9933319091,65.9933319091,2.7333333492,1.7533334732,0.8066666603,0.6846666336,0.0800000095,0.0000000000,1.7333333492,0.0000000000
2026-09-05 15:38:28,0.3567418575,396.6666564941,21.4666671752,1.0000000000,0.1860000038,49.5999984741,65.9933319091,65.9933319091,65.9933319091,3.0000000000,1.7400000095,0.8866666793,0.7399999618,0.0800000095,0.0000000000,1.7999999523,0.0000000000
2026-09-05 15:44:23,0.3566114425,384.0000000000,16.0666675567,19.6000003814,0.1766666650,51.2666664123,65.9933319091,65.9933319091,65.9933319091,2.6666667461,1.7599999904,0.7933333396,0.6746666431,0.0800000095,0.0000000000,1.7333333492,0.0000000000
2026-09-05 15:50:19,0.3563727855,384.0000000000,17.3999996185,20.9333324432,0.0473333311,51.2666664123,65.9933319091,65.9933319091,65.9933319091,2.7999999523,1.7733333110,0.8533333778,0.7166666507,0.0800000095,0.0000000000,1.7999999523,0.0000000000
2026-09-05 15:56:14,0.3560666561,12199.8662109375,23.0666675567,2.5999999046,0.0126666665,50.2000007629,65.9866638183,65.9866638183,65.9866638183,2.8666666030,1.8200000762,0.9199999809,0.7619999885,0.0733333349,0.0000000000,1.7999999523,0.0000000000
2026-09-05 16:02:10,0.3573322296,7365.6000976562,18.0666675567,21.6000003814,0.0319999980,40.4000015258,65.9666671752,65.9666671752,65.9666671752,2.6666667461,1.7733333110,0.8133333206,0.6879999637,0.0733333349,0.0000000000,1.7999999523,0.0000000000
