2026-10-02 16:15:35,0.3613291740,5145.6665039062,0.0000000000,0.0000000000,0.0000000000,0.0000000000,0.0000000000,0.0000000000,0.0000000000,0.0000000000,0.0000000000,0.0000000000,0.0000000000,0.0000000000,0.0000000000,0.0000000000,0.0000000000
2026-10-02 16:21:09,0.3616571903,3220.0000000000,0.0000000000,0.0000000000,0.0000000000,0.0000000000,0.0000000000,0.0000000000,0.0000000000,0.0000000000,0.0000000000,0.0000000000,0.0000000000,0.0000000000,0.0000000000,0.0000000000,0.0000000000
2026-10-02 16:26:44,0.3616148948,3510.6000976562,0.0000000000,0.0000000000,0.0000000000,0.0000000000,0.0000000000,0.0000000000,0.0000000000,0.0000000000,0.0000000000,0.0000000000,0.0000000000,0.0000000000,0.0000000000,0.0000000000,0.0000000000
2026-10-02 16:32:18,0.3615305662,3349.0000000000,0.0000000000,0.0000000000,0.0000000000,0.0000000000,0.0000000000,0.0000000000,0.0000000000,0.0000000000,0.0000000000,0.0000000000,0.0000000000,0.0000000000,0.0000000000,0.0000000000,0.0000000000
2026-10-02 16:37:52,0.3614927291,2656.4665527343,0.0000000000,0.0000000000,0.0000000000,0.0000000000,0.0000000000,0.0000000000,0.0000000000,0.0000000000,0.0000000000,0.0000000000,0.0000000000,0.0000000000,0.0000000000,0.0000000000,0.0000000000
2026-10-02 16:43:26,0.3614969730,6897.0668945312,0.0000000000,0.0000000000,0.0000000000,0.0000000000,0.0000000000,0.0000000000,0.0000000000,0.0000000000,0.0000000000,0.0000000000,0.0000000000,0.0000000000,0.0000000000,0.0000000000,0.0000000000
2026-10-02 16:49:00,0.3617489576,8241.2001953125,0.0000000000,0.0000000000,0.0000000000,0.0000000000,0.0000000000,0.0000000000,0.0000000000,0.0000000000,0.0000000000,0.0000000000,0.0000000000,0.0000000000,0.0000000000,0.0000000000,0.0000000000
2026-10-02 16:54:34,0.3618532419,6894.4667968750,0.0000000000,0.0000000000,0.0000000000,0.0000000000,0.0000000000,0.0000000000,0.0000000000,0.0000000000,0.0000000000,0.0000000000,0.0000000000,0.0000000000,0.0000000000,0.0000000000,0.0000000000
2026-10-02 17:00:08,0.3616225481,2903.1333007812,0.0000000000,0.0000000000,0.0000000000,0.0000000000,0.0000000000,0.0000000000,0.0000000000,0.0000000000,0.0000000000,0.0000000000,0.0000000000,0.0000000000,0.0000000000,0.0000000000,0.0000000000
2026-10-02 17:05:42,0.3616927862,8624.0000000000,0.0000000000,0.0000000000,0.0000000000,0.0000000000,0.0000000000,0.0000000000,0.0000000000,0.0000000000,0.0000000000,0.0000000000,0.0000000000,0.0000000000,0.0000000000,0.0000000000,0.0000000000
2026-10-02 17:11:16,0.3618475914,5662.3999023437,0.0000000000,0.0000000000,0.0000000000,0.0000000000,0.0000000000,0.0000000000,0.0000000000,0.0000000000,0.0000000000,0.0000000000,0.0000000000,0.0000000000,0.0000000000,0.0000000000,0.0000000000
2026-10-02 17:16:50,0.3618031740,7980.2001953125,0.0000000000,0.0000000000,0.0000000000,0.0000000000,0.0000000000,0.0000000000,0.0000000000,0.0000000000,0.0000000000,0.0000000000,0.0000000000,0.0000000000,0.0000000000,0.0000000000,0.0000000000
2026-10-02 17:22:24,0.3620397567,12229.0664062500,0.0000000000,0.0000000000,0.0000000000,0.0000000000,0.0000000000,0.0000000000,0.0000000000,0.0000000000,0.0000000000,0.0000000000,0.0000000000,0.0000000000,0.0000000000,0.0000000000,0.0000000000
2026-10-02 17:27:59,0.3621546745,14607.7333984375,0.0000000000,0.0000000000,0.0000000000,0.0000000000,0.0000000000,0.0000000000,0.0000000000,0.0000000000,0.0000000000,0.0000000000,0.0000000000,0.0000000000,0.0000000000,0.0000000000,0.0000000000
2026-10-02 17:33:33,0.3622890472,12952.2666015625,0.0000000000,0.0000000000,0.0000000000,0.0000000000,0.0000000000,0.0000000000,0.0000000000,0.0000000000,0.0000000000,0.0000000000,0.0000000000,0.0000000000,0.0000000000,0.0000000000,0.0000000000
2026-10-02 17:39:08,0.3622014284,1368.6666259765,0.0000000000,0.0000000000,0.0000000000,0.0000000000,0.0000000000,0.0000000000,0.0000000000,0.0000000000,0.0000000000,0.0000000000,0.0000000000,0.0000000000,0.0000000000,0.0000000000,0.0000000000
2026-10-02 17:44:42,0.3617758989,2228.3999023437,0.0000000000,0.0000000000,0.0000000000,0.0000000000,0.0000000000,0.0000000000,0.0000000000,0.0000000000,0.0000000000,0.0000000000,0.0000000000,0.0000000000,0.0000000000,0.0000000000,0.0000000000
2026-10-02 17:50:17,0.3616936445,384.0000000000,0.0000000000,0.0000000000,0.0000000000,0.0000000000,0.0000000000,0.0000000000,0.0000000000,0.0000000000,0.0000000000,0.0000000000,0.0000000000,0.0000000000,0.0000000000,0.0000000000,0.0000000000
2026-10-02 17:56:10,0.3614898681,404.7999877929,0.0000000000,0.0000000000,0.0000000000,0.0000000000,0.0000000000,0.0000000000,0.0000000000,0.0000000000,0.0000000000,0.0000000000,0.0000000000,0.0000000000,0.0000000000,0.0000000000,0.0000000000
2026-10-02 18:02:04,0.3614634513,554.6666870117,37.9333343505,21.0000000000,0.2859999847,20.2000007629,132.5599975585,132.5599975585,132.5599975585,6.4000000953,2.2866668701,0.8133333206,0.9426666259,0.1600000143,0.0000000000,0.0000000000,0.0000000000
2026-10-02 18:07:59,0.3615269660,3683.8000488281,38.1333351135,45.2000007629,0.2706666469,16.8666667938,132.5800018310,132.5800018310,132.5800018310,6.4666666984,2.2599999904,0.8133334159,0.9399999618,0.1600000143,0.0000000000,0.0000000000,0.0000000000
2026-10-02 18:13:53,0.3616156101,6077.0668945312,39.0000000000,46.0666656494,0.1359999895,14.2666664123,132.5733337402,132.5733337402,132.5733337402,6.4000000953,2.2533333301,0.7800000190,0.9259999275,0.1600000143,0.0000000000,0.0000000000,0.0000000000
2026-10-02 18:19:48,0.3620281457,4728.2001953125,39.4000015258,22.4666671752,0.1840000057,9.8000001907,132.5733337402,132.5733337402,132.5733337402,6.4666666984,2.2200002670,0.7866666793,0.9306666374,0.1600000143,0.0000000000,0.0000000000,0.0000000000
2026-10-02 18:25:41,0.3623293876,3952.7333984375,57.8666648864,44.4666671752,0.1653333282,8.0666666030,198.8666687011,198.8666687011,198.8666687011,10.0000000000,3.2733337879,1.2133333683,1.4086666107,0.2400000095,0.0000000000,0.0000000000,0.0000000000
2026-10-02 18:31:33,0.3623987436,3109.1333007812,75.1333312988,65.2666702270,0.3293333053,6.8000001907,265.1600036621,265.1600036621,265.1600036621,13.5333337783,4.3066668510,1.6133333206,1.8793334007,0.3200000286,0.0000000000,0.0000000000,0.0000000000
2026-10-02 18:37:25,0.3618676900,2333.0666503906,69.3333358764,83.5999984741,0.4746666431,5.0666666030,265.2066650390,265.2066650390,265.2066650390,13.7333335876,4.2400002479,1.5933333396,1.8699999809,0.3200000286,0.0000000000,0.0000000000,0.0000000000
2026-10-02 18:43:17,0.3620268106,1746.4666748046,58.5999984741,48.8666648864,0.4486666202,3.9333333969,265.2600097656,265.2600097656,265.2600097656,13.9333333969,4.1600003242,1.5933333396,1.8766666412,0.3200000286,0.0000000000,0.0000000000,0.0000000000
2026-10-02 18:49:10,0.3622147560,1271.5333251953,53.0666656494,63.7999992370,0.1966666698,2.1333334445,198.9866638183,198.9866638183,198.9866638183,10.5333337783,3.0933334827,1.2000000476,1.4106667041,0.2400000095,0.0000000000,0.0000000000,0.0000000000
2026-10-02 18:55:04,0.3623254060,847.7999877929,56.7333335876,67.5333328247,0.1553333282,1.5333333015,199.0000000000,199.0000000000,199.0000000000,10.7333335876,3.0533335208,1.2133333683,1.4173332214,0.2400000095,0.0000000000,0.0000000000,0.0000000000
2026-10-02 19:00:56,0.3624989032,496.8666687011,70.0000000000,84.3333358764,0.3813333320,1.1333333253,265.3600158691,265.3600158691,265.3600158691,14.6000003814,4.0066666603,1.6200001239,1.8939999580,0.3200000286,0.0000000000,0.0000000000,0.0000000000
2026-10-02 19:06:48,0.3626362323,253.0666656494,73.5333328247,63.7333335876,0.4006666660,0.8000000000,265.3466796875,265.3466796875,265.3466796875,14.6000003814,3.9733335494,1.6066666603,1.8866666793,0.3200000286,0.0000000000,0.0000000000,0.0000000000
2026-10-02 19:12:39,0.3626375198,106.2666702270,98.1999969482,68.1999969482,0.5079999923,0.5333333492,331.7400207519,331.7400207519,331.7400207519,18.4666671752,4.9266667366,2.0066666603,2.3593332767,0.4000000000,0.0000000000,0.0000000000,0.0000000000
2026-10-02 19:18:30,0.3627474546,36.2000007629,95.7333297729,41.6666679382,0.5139999866,0.3333333492,331.7666625976,331.7666625976,331.7666625976,18.5333328247,4.9000000953,2.0133333206,2.3599998950,0.4000000000,0.0000000000,0.0000000000,0.0000000000
2026-10-02 19:24:20,0.3628438949,10.4666662216,97.8000030517,67.5333328247,0.5953333377,0.0666666698,331.7799682617,331.7799682617,331.7799682617,18.8666667938,4.8533334732,2.0399999618,2.3753330707,0.4000000000,0.0000000000,0.0000000000,0.0000000000
2026-10-02 19:30:12,0.3629188060,3.4666666984,69.8000030517,83.9333343505,0.2173333406,0.0000000000,265.4333190917,265.4333190917,265.4333190917,15.2666664123,3.8600001335,1.6399999618,1.9060000419,0.3200000286,0.0000000000,0.0000000000,0.0000000000
2026-10-02 19:36:03,0.3630561351,1.1333333253,98.8666687011,44.7333335876,0.4153333187,0.2000000000,331.8266601562,331.8266601562,331.8266601562,19.2000007629,4.7733330726,2.0533335208,2.3826665878,0.4000000000,0.0000000000,0.0000000000,0.0000000000
2026-10-02 19:41:54,0.3639683723,0.1333333373,91.3333358764,37.0000000000,0.4266666412,0.2000000000,331.8533630371,331.8533630371,331.8533630371,19.3333339691,4.7266669273,2.0533335208,2.3819999694,0.4000000000,0.0000000000,0.0000000000,0.0000000000
2026-10-02 19:47:45,0.3644546508,0.0000000000,94.1999969482,63.9333343505,0.3646666765,0.0666666698,331.8733520507,331.8733520507,331.8733520507,19.5333328247,4.6799998283,2.0466666221,2.3853332996,0.4000000000,0.0000000000,0.0000000000,0.0000000000
2026-10-02 19:53:37,0.3644442558,0.0000000000,78.4000015258,68.8000030517,0.2033333301,0.2666666746,265.5199890136,265.5199890136,265.5199890136,15.7333335876,3.7333333492,1.6466667652,1.9120000839,0.3200000286,0.0000000000,0.0000000000,0.0000000000
2026-10-02 19:59:29,0.3645178318,0.0000000000,74.7333297729,64.9333343505,0.2019999980,0.1333333373,265.5533142089,265.5533142089,265.5533142089,15.9333333969,3.7133336067,1.6733335494,1.9239998817,0.3200000286,0.0000000000,0.0000000000,0.0000000000
