2026-09-30 16:15:02,0.3632815361,9225.3330078125,123.1333312988,172.6000061035,1.0586667060,112.1333312988,924.3533325195,924.3533325195,924.3533325195,61.2666664123,20.8466663360,14.6466665267,12.2233324050,1.1200000047,0.0000000000,0.0000000000,0.0000000000
2026-09-30 16:20:37,0.3634659051,6268.7998046875,120.5333328247,170.0000000000,0.8920000076,74.6666641235,924.1934204101,924.1934204101,924.1934204101,61.0666656494,20.8266658782,14.5600004196,12.1719989776,1.1200000047,0.0000000000,0.0000000000,0.0000000000
2026-09-30 16:26:11,0.3636158943,6432.2666015625,96.7333297729,146.1999969482,1.0033332109,71.5999984741,924.0732421875,924.0732421875,924.0732421875,61.9333343505,20.8000011444,14.7533321380,12.3266658782,1.1200000047,0.0000000000,0.0000000000,0.0000000000
2026-09-30 16:31:46,0.3636096715,7862.6665039062,108.5333328247,134.0000000000,1.1759999990,88.4666671752,924.0000000000,924.0000000000,924.0000000000,61.7333335876,20.7000007629,14.5866670608,12.2013330459,1.1200000047,0.0000000000,0.0000000000,0.0000000000
2026-09-30 16:37:21,0.3635174751,8020.1333007812,107.3333358764,156.8000030517,0.9553333282,96.1999969482,924.0133056640,924.0133056640,924.0133056640,61.4666671752,20.7066669464,14.5133333206,12.1353330612,1.1200000047,0.0000000000,0.0000000000,0.0000000000
2026-09-30 16:42:55,0.3634370565,7685.4667968750,128.8000030517,178.3333282470,1.5313333511,95.4000015258,923.9666748046,923.9666748046,923.9666748046,60.7333335876,20.6666660308,14.3400001525,11.9919996261,1.1200000047,0.0000000000,0.0000000000,0.0000000000
2026-09-30 16:48:30,0.3634741067,7084.7998046875,104.3333358764,153.8666687011,1.1226665973,90.5999984741,923.9000244140,923.9000244140,923.9000244140,60.6666679382,20.6799983978,14.3666667938,12.0153331756,1.1200000047,0.0000000000,0.0000000000,0.0000000000
2026-09-30 16:54:05,0.3634205341,5926.8666992187,124.8666687011,174.3333282470,1.2246667146,76.8000030517,923.9733886718,923.9733886718,923.9733886718,60.4000015258,20.8133316040,14.3733329772,12.0159978866,1.1200000047,0.0000000000,0.0000000000,0.0000000000
2026-09-30 16:59:39,0.3634604215,4984.7998046875,124.3333358764,173.8000030517,1.5759999752,63.0000000000,923.9600830078,923.9600830078,923.9600830078,58.2666664123,20.8199996948,13.8866682052,11.6093330383,1.1200000047,0.0000000000,0.0000000000,0.0000000000
2026-09-30 17:05:14,0.3631436586,4444.3334960937,136.6666717529,186.1999969482,1.5419999122,57.0000000000,924.0599365234,924.0599365234,924.0599365234,55.3333320617,20.9466648101,13.2733325958,11.1286668777,1.1200000047,0.0000000000,0.0000000000,0.0000000000
2026-09-30 17:10:48,0.3630436897,5024.7998046875,135.8000030517,185.2666625976,1.8353333473,57.4666671752,924.1668090820,924.1668090820,924.1668090820,53.6666679382,21.0933361053,12.9533338546,10.8853321075,1.1200000047,0.0000000000,0.0000000000,0.0000000000
2026-09-30 17:16:23,0.3632554531,5720.2001953125,158.1333312988,207.6000061035,1.2586667537,67.0000000000,924.1665649414,924.1665649414,924.1665649414,52.8666648864,21.1533374786,12.7666673660,10.7446651458,1.1200000047,0.0000000000,0.0000000000,0.0000000000
2026-09-30 17:21:58,0.3628632068,4971.6665039062,126.1333312988,175.6000061035,1.2786667346,66.7333297729,924.1801147460,924.1801147460,924.1801147460,53.0000000000,21.1266708374,12.7866659164,10.7546663284,1.1200000047,0.0000000000,0.0000000000,0.0000000000
2026-09-30 17:27:32,0.3630356311,3788.6000976562,139.1999969482,188.6666717529,1.8406663894,51.0666656494,924.1667480468,924.1667480468,924.1667480468,53.2666664123,21.0933361053,12.9200010299,10.8466663360,1.1200000047,0.0000000000,0.0000000000,0.0000000000
2026-09-30 17:33:07,0.3631855249,3275.8000488281,129.8666687011,179.3333282470,2.1393334865,44.4666671752,924.2133178710,924.2133178710,924.2133178710,53.5333328247,21.0000000000,12.8800010681,10.8266658782,1.1200000047,0.0000000000,0.0000000000,0.0000000000
2026-09-30 17:38:41,0.3649373054,3215.3332519531,149.6666717529,199.1333312988,1.9326665878,42.2000007629,924.2599487304,924.2599487304,924.2599487304,53.2000007629,20.9599990844,12.7533311843,10.7319984436,1.1200000047,0.0000000000,0.0000000000,0.0000000000
2026-09-30 17:44:16,0.3755967140,2903.1333007812,134.0000000000,183.4666595458,1.5506667137,40.0000000000,924.2733764648,924.2733764648,924.2733764648,53.7999992370,20.9066638946,12.8200006484,10.7839984893,1.1200000047,0.0000000000,0.0000000000,0.0000000000
2026-09-30 17:49:51,0.3696946620,2324.6000976562,146.8000030517,196.3333282470,1.7193335533,31.5333328247,924.3734130859,924.3734130859,924.3734130859,54.3333320617,20.8333339691,12.8800001144,10.8399991989,1.1200000047,0.0000000000,0.0000000000,0.0000000000
2026-09-30 17:55:44,0.3628526687,2305.8666992187,8.1333332061,11.6666669845,0.0833333396,1.9333333015,66.0333328247,66.0333328247,66.0333328247,3.9333333969,1.4800000190,0.9333333015,0.7819999694,0.0800000095,0.0000000000,0.0000000000,0.0000000000
2026-09-30 18:01:40,0.3625944614,2287.3999023437,9.8000001907,13.3333330154,0.0906666660,2.0666666030,66.0266647338,66.0266647338,66.0266647338,3.8666666030,1.4733333587,0.9133333206,0.7673332691,0.0800000095,0.0000000000,0.0000000000,0.0000000000
2026-09-30 18:07:35,0.3625721693,2014.5999755859,10.3999996185,13.9333333969,0.0973333263,1.6666666030,66.0266647338,66.0266647338,66.0266647338,3.8666666030,1.4733333587,0.9000000000,0.7599999904,0.0800000095,0.0000000000,0.0000000000,0.0000000000
2026-09-30 18:13:31,0.3686156511,1948.8000488281,8.2666664123,11.8000001907,0.0366666674,1.4666666984,66.0266647338,66.0266647338,66.0266647338,3.9333333969,1.4666666984,0.9066666603,0.7666666507,0.0800000095,0.0000000000,0.0000000000,0.0000000000
2026-09-30 18:19:26,0.3932439327,1975.3333740234,8.3333330154,11.8666667938,0.0173333311,1.3999999809,66.0199966430,66.0199966430,66.0199966430,4.4000000953,1.4466667175,1.0000000000,0.8406666755,0.0800000095,0.0000000000,0.0000000000,0.0000000000
2026-09-30 18:25:22,0.3867737293,1901.9333496093,10.0000000000,13.5333337783,0.0959999942,1.7333333492,66.0199966430,66.0199966430,66.0199966430,4.4666666984,1.4266666412,1.0066666603,0.8459999084,0.0800000095,0.0000000000,0.0000000000,0.0000000000
2026-09-30 18:31:17,0.4042999267,1345.8000488281,9.8666667938,13.3999996185,0.1173333287,1.6000000000,66.0266647338,66.0266647338,66.0266647338,4.4000000953,1.4200000762,0.9933334350,0.8346666336,0.0800000095,0.0000000000,0.0000000000,0.0000000000
2026-09-30 18:37:13,0.3825255584,966.8666381835,9.1999998092,12.7333335876,0.1486666679,1.1333333253,66.0266647338,66.0266647338,66.0266647338,4.3333334922,1.4200000762,0.9666666030,0.8146666526,0.0800000095,0.0000000000,0.0000000000,0.0000000000
2026-09-30 18:43:08,0.3671639919,823.4666748046,8.0000000000,11.5333337783,0.1379999995,1.0000000000,66.0266647338,66.0266647338,66.0266647338,4.1999998092,1.4266666412,0.9466666221,0.7946666717,0.0800000095,0.0000000000,0.0000000000,0.0000000000
2026-09-30 18:49:04,0.3768502473,893.2000122070,6.5333333015,10.0666666030,0.0326666641,1.0666667222,66.0199966430,66.0199966430,66.0199966430,4.5333333015,1.4133334159,1.0199999809,0.8533332824,0.0800000095,0.0000000000,0.0000000000,0.0000000000
2026-09-30 18:54:58,0.3744281291,775.7333374023,13.6666669845,20.7333335876,0.0886666679,2.2000000476,132.0400085449,132.0400085449,132.0400085449,9.3333330154,2.7933335304,2.0533335208,1.7240000724,0.1600000143,0.0000000000,0.0000000000,0.0000000000
2026-09-30 19:00:53,0.3706779718,409.3999938964,9.3999996185,12.9333333969,0.1599999904,0.6666666984,66.0266647338,66.0266647338,66.0266647338,4.6666665077,1.3933333206,1.0133333206,0.8526666641,0.0800000095,0.0000000000,0.0000000000,0.0000000000
2026-09-30 19:06:49,0.3658898115,213.6000061035,7.4666666984,11.0000000000,0.0786666631,0.2000000000,66.0333328247,66.0333328247,66.0333328247,4.6666665077,1.3866667747,1.0066666603,0.8473333358,0.0800000095,0.0000000000,0.0000000000,0.0000000000
2026-09-30 19:12:45,0.3656552314,96.2666702270,13.0666666030,16.6000003814,0.1273333311,0.1333333373,66.0333328247,66.0333328247,66.0333328247,4.5999999046,1.3866667747,1.0000000000,0.8420000076,0.0800000095,0.0000000000,0.0000000000,0.0000000000
2026-09-30 19:18:40,0.3654785156,31.6000003814,10.8666667938,14.3999996185,0.1306666612,0.0666666698,66.0266647338,66.0266647338,66.0266647338,4.5333333015,1.3866667747,0.9866666793,0.8306666374,0.0800000095,0.0000000000,0.0000000000,0.0000000000
2026-09-30 19:24:36,0.3653444051,8.6666669845,9.0000000000,12.5333337783,0.1426666498,0.0666666698,66.0199966430,66.0199966430,66.0199966430,4.4666666984,1.3866667747,0.9666666030,0.8153332710,0.0800000095,0.0000000000,0.0000000000,0.0000000000
2026-09-30 19:30:31,0.3650636196,2.5333333015,9.8666667938,13.3999996185,0.0946666622,0.0666666698,66.0266647338,66.0266647338,66.0266647338,4.4000000953,1.3866667747,0.9533332824,0.8046666145,0.0800000095,0.0000000000,0.0000000000,0.0000000000
2026-09-30 19:36:27,0.3648178815,0.9333333015,8.4666662216,12.0000000000,0.1180000066,0.0666666698,66.0266647338,66.0266647338,66.0266647338,4.3333334922,1.3933333206,0.9533332824,0.8013333320,0.0800000095,0.0000000000,0.0000000000,0.0000000000
2026-09-30 19:42:22,0.3647137641,0.0666666698,9.0000000000,12.5333337783,0.0653333282,0.0666666698,66.0333328247,66.0333328247,66.0333328247,4.3333334922,1.3866667747,0.9399999618,0.7906666278,0.0800000095,0.0000000000,0.0000000000,0.0000000000
2026-09-30 19:48:16,0.3645841836,0.0000000000,17.0000000000,24.0666675567,0.2500000000,0.1333333373,132.0733337402,132.0733337402,132.0733337402,8.5333337783,2.7733335494,1.8466667175,1.5646666526,0.1600000143,0.0000000000,0.0000000000,0.0000000000
2026-09-30 19:54:12,0.3644358634,0.0000000000,10.3999996185,13.9333333969,0.1653333282,0.0666666698,66.0400009155,66.0400009155,66.0400009155,4.2666668891,1.3866667747,0.9199999809,0.7753333568,0.0800000095,0.0000000000,0.0000000000,0.0000000000
2026-09-30 20:00:06,0.3643685579,0.0000000000,23.5333328247,30.6000003814,0.2100000143,0.0666666698,132.0800018310,132.0800018310,132.0800018310,8.5333337783,2.7733335494,1.8333333969,1.5493331909,0.1600000143,0.0000000000,0.0000000000,0.0000000000
2026-09-30 20:06:02,0.3643190383,0.0000000000,8.0000000000,11.5333337783,0.2439999818,0.0000000000,66.0466690063,66.0466690063,66.0466690063,4.2666668891,1.3866667747,0.9133333206,0.7726666927,0.0800000095,0.0000000000,0.0000000000,0.0000000000
2026-09-30 20:11:57,0.3643024444,0.0000000000,8.0000000000,11.5333337783,0.0839999961,0.0000000000,66.0400009155,66.0400009155,66.0400009155,4.2666668891,1.3866667747,0.9133333206,0.7726666927,0.0800000095,0.0000000000,0.0000000000,0.0000000000
2026-09-30 20:17:53,0.3642877101,0.0000000000,9.1999998092,12.7333335876,0.2019999980,0.0000000000,66.0266647338,66.0266647338,66.0266647338,4.2666668891,1.3799999952,0.9133333206,0.7733333110,0.0800000095,0.0000000000,0.0000000000,0.0000000000
2026-09-30 20:23:48,0.3642426013,0.0000000000,12.7333335876,16.2666664123,0.2200000047,0.0000000000,66.0266647338,66.0266647338,66.0266647338,4.2666668891,1.3733333349,0.9133333206,0.7733333110,0.0800000095,0.0000000000,0.0000000000,0.0000000000
2026-09-30 20:29:44,0.3642472028,0.0000000000,12.1999998092,15.7333335876,0.0526666641,0.0000000000,66.0266647338,66.0266647338,66.0266647338,4.2666668891,1.3733333349,0.9133333206,0.7726666927,0.0800000095,0.0000000000,0.0000000000,0.0000000000
2026-09-30 20:35:39,0.3641706466,0.0000000000,9.7333335876,13.2666664123,0.0933333301,0.0000000000,66.0266647338,66.0266647338,66.0266647338,4.2666668891,1.3733333349,0.9066666603,0.7666666507,0.0800000095,0.0000000000,0.0000000000,0.0000000000
2026-09-30 20:41:35,0.3641768455,0.0000000000,7.5999999046,11.1333332061,0.0419999980,0.0000000000,66.0266647338,66.0266647338,66.0266647338,4.1999998092,1.3733333349,0.9000000000,0.7619999885,0.0800000095,0.0000000000,0.0000000000,0.0000000000
2026-09-30 20:47:28,0.3641392707,0.0000000000,14.3333330154,21.3999996185,0.1979999732,0.0666666698,132.0466613769,132.0466613769,132.0466613769,8.4666662216,2.7333333492,1.7933334350,1.5226666927,0.1600000143,0.0000000000,0.0000000000,0.0000000000
2026-09-30 20:53:24,0.3641204357,0.0000000000,11.3333330154,14.8666667938,0.1453333377,0.0000000000,66.0199966430,66.0199966430,66.0199966430,4.1999998092,1.3666666746,0.8933333396,0.7586667060,0.0800000095,0.0000000000,0.0000000000,0.0000000000
2026-09-30 20:59:20,0.3641204595,0.0000000000,11.0666666030,14.6000003814,0.0826666641,0.0000000000,66.0333328247,66.0333328247,66.0333328247,4.1999998092,1.3666666746,0.8933333396,0.7573333263,0.0800000095,0.0000000000,0.0000000000,0.0000000000
2026-09-30 21:05:15,0.3641324520,0.0000000000,10.3999996185,13.9333333969,0.1506666660,0.0000000000,66.0400009155,66.0400009155,66.0400009155,4.1999998092,1.3666666746,0.8866666793,0.7559999942,0.0800000095,0.0000000000,0.0000000000,0.0000000000
2026-09-30 21:11:11,0.3641582965,0.0000000000,13.9333333969,17.4666671752,0.0639999961,0.0000000000,66.0466690063,66.0466690063,66.0466690063,4.1999998092,1.3666666746,0.8866666793,0.7546666145,0.0800000095,0.0000000000,0.0000000000,0.0000000000
2026-09-30 21:17:05,0.3642245292,0.0000000000,23.2666664123,30.3333339691,0.1326666593,0.0000000000,132.0800018310,132.0800018310,132.0800018310,8.4666662216,2.7133333683,1.7866667747,1.5139999389,0.1600000143,0.0000000000,0.0000000000,0.0000000000
2026-09-30 21:23:01,0.3636118412,0.0000000000,10.7333335876,14.2666664123,0.0646666622,0.0000000000,66.0466690063,66.0466690063,66.0466690063,4.2666668891,1.3533333539,0.8933333396,0.7579999923,0.0800000095,0.0000000000,0.0000000000,0.0000000000
2026-09-30 21:28:56,0.3637645721,0.0000000000,7.7333331108,11.2666664123,0.0700000000,0.0000000000,66.0333328247,66.0333328247,66.0333328247,4.2666668891,1.3466666936,0.8933333396,0.7593333244,0.0800000095,0.0000000000,0.0000000000,0.0000000000
2026-09-30 21:34:52,0.3637979984,0.0000000000,17.3999996185,20.9333324432,0.0666666698,0.0000000000,66.0333328247,66.0333328247,66.0333328247,4.3333334922,1.3466666936,0.8933333396,0.7599999904,0.0800000095,0.0000000000,0.0000000000,0.0000000000
2026-09-30 21:40:47,0.3637588977,0.0000000000,9.1333332061,12.6666669845,0.0893333244,0.0666666698,66.0333328247,66.0333328247,66.0333328247,4.3333334922,1.3400000333,0.8933333396,0.7593333244,0.0800000095,0.0000000000,0.0000000000,0.0000000000
2026-09-30 21:46:43,0.3637590169,0.0000000000,8.8666667938,12.3999996185,0.1679999923,0.0000000000,66.0333328247,66.0333328247,66.0333328247,4.3333334922,1.3400000333,0.8933333396,0.7599999904,0.0800000095,0.0000000000,0.0000000000,0.0000000000
2026-09-30 21:52:38,0.3638224363,0.0000000000,9.5333337783,13.0666666030,0.1180000066,0.0000000000,66.0199966430,66.0199966430,66.0199966430,4.3333334922,1.3400000333,0.8933333396,0.7613333702,0.0800000095,0.0000000000,0.0000000000,0.0000000000
2026-09-30 21:58:34,0.3638526439,0.0000000000,9.1999998092,12.7333335876,0.1346666693,0.0000000000,66.0266647338,66.0266647338,66.0266647338,4.3333334922,1.3333333730,0.8933333396,0.7619999885,0.0800000095,0.0000000000,0.0000000000,0.0000000000
2026-09-30 22:04:29,0.3639371633,0.0000000000,8.7333335876,12.2666664123,0.1579999923,0.0000000000,66.0266647338,66.0266647338,66.0266647338,4.4000000953,1.3266665935,0.9000000000,0.7653332710,0.0800000095,0.0000000000,0.0000000000,0.0000000000
