2026-10-01 16:15:21,0.3729435205,5434.5332031250,142.6000061035,192.0666656494,1.0253332853,62.5333328247,920.2134399414,920.2134399414,920.2134399414,69.0666656494,20.9133300781,16.5066642761,13.8899993896,1.1200000047,0.0000000000,0.0000000000,0.0000000000
2026-10-01 16:20:55,0.4123051643,4980.0000000000,168.1999969482,193.7333374023,0.9526666641,57.9333343505,920.2399902343,920.2399902343,920.2399902343,69.4000015258,20.9133300781,16.5333328247,13.9179992675,1.1200000047,0.0000000000,0.0000000000,0.0000000000
2026-10-01 16:26:30,0.4528141498,4814.8666992187,176.6666717529,226.1333312988,0.7566666126,54.5999984741,920.2866821289,920.2866821289,920.2866821289,70.0000000000,20.9599971771,16.6999988555,14.0473327636,1.1200000047,0.0000000000,0.0000000000,0.0000000000
2026-10-01 16:32:05,0.4150419712,5341.9331054687,175.6666717529,225.1333312988,0.8546667098,63.1333351135,920.3066406250,920.3066406250,920.3066406250,70.0000000000,20.9533329010,16.7199993133,14.0766658782,1.1200000047,0.0000000000,0.0000000000,0.0000000000
2026-10-01 16:37:39,0.3751807212,5556.4667968750,157.8666687011,207.3333282470,0.8926667213,63.7333335876,920.2467651367,920.2467651367,920.2467651367,70.0000000000,21.0000000000,16.7399978637,14.1046657562,1.1200000047,0.0000000000,0.0000000000,0.0000000000
2026-10-01 16:43:13,0.3664512872,6229.6000976562,149.5333404541,199.1333312988,0.9579999923,71.7333297729,920.1199951171,920.1199951171,920.1199951171,70.0000000000,21.0200004577,16.7666664123,14.1233329772,1.1200000047,0.0000000000,0.0000000000,0.0000000000
2026-10-01 16:48:47,0.3660436868,6470.1333007812,140.3333282470,189.8000030517,1.2619999647,77.2666702270,920.0266723632,920.0266723632,920.0266723632,70.0000000000,21.1133384704,16.7600002288,14.1286659240,1.1200000047,0.0000000000,0.0000000000,0.0000000000
2026-10-01 16:54:22,0.3705544471,6163.3334960937,155.8666687011,205.3999938964,1.7859997749,77.1333312988,920.0000610351,920.0000610351,920.0000610351,69.1333312988,21.1666660308,16.7333316802,14.0873355865,1.1200000047,0.0000000000,0.0000000000,0.0000000000
2026-10-01 16:59:57,0.3687705039,5355.2001953125,150.9333343505,200.3999938964,1.3526664972,71.5999984741,919.8865966796,919.8865966796,919.8865966796,69.0666656494,21.1866683959,16.7533321380,14.1013336181,1.1200000047,0.0000000000,0.0000000000,0.0000000000
2026-10-01 17:05:31,0.3659475803,2726.3999023437,165.7333374023,215.1999969482,1.4579999446,38.8666648864,919.8665771484,919.8665771484,919.8665771484,69.0000000000,21.1866683959,16.6600017547,14.0253314971,1.1200000047,0.0000000000,0.0000000000,0.0000000000
2026-10-01 17:11:06,0.3658046245,2042.5999755859,138.9333343505,188.3999938964,1.6933331489,25.3333339691,919.7866821289,919.7866821289,919.7866821289,68.1999969482,21.1866683959,16.5133361816,13.8859996795,1.1200000047,0.0000000000,0.0000000000,0.0000000000
2026-10-01 17:16:40,0.3656171798,2232.3332519531,150.6666717529,200.1333312988,1.7699999809,26.4666671752,919.7267456054,919.7267456054,919.7267456054,67.1999969482,21.1866683959,16.3066654205,13.6933317184,1.1200000047,0.0000000000,0.0000000000,0.0000000000
2026-10-01 17:22:15,0.3655020236,2480.6000976562,141.0000000000,190.4666595458,1.5226666927,30.6666660308,919.8399658203,919.8399658203,919.8399658203,66.2666702270,21.2399978637,16.2066650390,13.5913343429,1.1200000047,0.0000000000,0.0000000000,0.0000000000
2026-10-01 17:27:50,0.3655865430,2361.1333007812,143.5333404541,193.0000000000,1.4319997787,30.3333339691,919.8599243164,919.8599243164,919.8599243164,66.8000030517,21.1866683959,16.2133331298,13.5959997177,1.1200000047,0.0000000000,0.0000000000,0.0000000000
2026-10-01 17:33:24,0.3653116703,2261.3332519531,144.7333374023,194.1999969482,1.6526664733,29.0000000000,919.8600463867,919.8600463867,919.8600463867,65.6666641235,21.1800003051,15.9800004959,13.3826665878,1.1200000047,0.0000000000,0.0000000000,0.0000000000
2026-10-01 17:38:59,0.3651383876,2494.1333007812,142.6666717529,192.1999969482,2.4386668205,30.9333324432,919.6133422851,919.6133422851,919.6133422851,65.1999969482,21.0933361053,15.7266664505,13.1706657409,1.1200000047,0.0000000000,0.0000000000,0.0000000000
2026-10-01 17:44:34,0.3650653839,2628.6667480468,151.3999938964,200.8666687011,1.9380001068,30.7333335876,919.6400146484,919.6400146484,919.6400146484,64.6666641235,21.0666694641,15.6666688919,13.1080007553,1.1200000047,0.0000000000,0.0000000000,0.0000000000
2026-10-01 17:50:08,0.3649019718,2949.5334472656,164.3999938964,213.9333343505,1.8046669006,34.6666679382,919.7999877929,919.7999877929,919.7999877929,63.5999984741,20.9666652679,15.2733345031,12.7733325958,1.1200000047,0.0000000000,0.0000000000,0.0000000000
2026-10-01 17:56:03,0.3647639989,1996.2667236328,0.0000000000,0.0000000000,0.0000000000,0.0000000000,0.0000000000,0.0000000000,0.0000000000,0.0000000000,0.0000000000,0.0000000000,0.0000000000,0.0000000000,0.0000000000,0.0000000000,0.0000000000
2026-10-01 18:01:58,0.3647326946,1298.4000244140,8.6666669845,12.1999998092,0.4086666584,1.3333333730,65.6999969482,65.6999969482,65.6999969482,4.4666666984,1.4866667747,1.0600000619,0.8859999656,0.0800000095,0.0000000000,0.0000000000,0.0000000000
2026-10-01 18:07:54,0.3650802373,947.7333374023,7.5999999046,11.1333332061,0.0239999985,1.0000000000,65.6933364868,65.6933364868,65.6933364868,4.4666666984,1.4800000190,1.0600000619,0.8866665840,0.0800000095,0.0000000000,0.0000000000,0.0000000000
2026-10-01 18:13:49,0.3647834300,716.5999755859,8.7333335876,12.2666664123,0.1273333311,0.8000000000,65.7066726684,65.7066726684,65.7066726684,4.5333333015,1.4666666984,1.0533334016,0.8833333015,0.0800000095,0.0000000000,0.0000000000,0.0000000000
2026-10-01 18:19:45,0.3647812604,451.3999938964,7.5333333015,11.0666666030,0.0633333301,0.5333333492,65.6999969482,65.6999969482,65.6999969482,4.5333333015,1.4599999427,1.0533334016,0.8826666831,0.0800000095,0.0000000000,0.0000000000,0.0000000000
2026-10-01 18:25:40,0.3648397684,318.0666809082,8.6000003814,12.1333332061,0.1080000038,0.2666666746,65.6933364868,65.6933364868,65.6933364868,4.5999999046,1.4533333778,1.0600000619,0.8886667251,0.0800000095,0.0000000000,0.0000000000,0.0000000000
2026-10-01 18:31:36,0.3663101434,254.9333343505,10.7333335876,14.2666664123,0.3433333396,0.2666666746,65.7133331298,65.7133331298,65.7133331298,4.5999999046,1.4466667175,1.0600000619,0.8899999618,0.0800000095,0.0000000000,0.0000000000,0.0000000000
2026-10-01 18:37:31,0.3673721790,244.8666687011,12.3333330154,15.8666667938,0.1393333196,0.2000000000,65.7066726684,65.7066726684,65.7066726684,4.6666665077,1.4466667175,1.0733333826,0.8973333358,0.0800000095,0.0000000000,0.0000000000,0.0000000000
2026-10-01 18:43:27,0.3661818265,195.6666717529,14.0000000000,17.5333328247,0.1980000019,0.1333333373,65.6999969482,65.6999969482,65.6999969482,4.7333331108,1.4400000572,1.0800000381,0.9039999961,0.0800000095,0.0000000000,0.0000000000,0.0000000000
2026-10-01 18:49:22,0.3650862693,134.7333374023,11.1333332061,14.6666669845,0.1299999952,0.2000000000,65.7133331298,65.7133331298,65.7133331298,4.8000001907,1.4333333015,1.0866666984,0.9113332748,0.0800000095,0.0000000000,0.0000000000,0.0000000000
2026-10-01 18:55:18,0.3647842407,100.4000015258,12.3999996185,15.9333333969,0.0506666660,0.1333333373,65.7133331298,65.7133331298,65.7133331298,4.8000001907,1.4400000572,1.0933333587,0.9193333625,0.0800000095,0.0000000000,0.0000000000,0.0000000000
2026-10-01 19:01:13,0.3647741317,65.5999984741,14.6666669845,18.2000007629,0.0973333263,0.1333333373,65.7066726684,65.7066726684,65.7066726684,4.8000001907,1.4400000572,1.1000000238,0.9246665954,0.0800000095,0.0000000000,0.0000000000,0.0000000000
2026-10-01 19:07:09,0.3647871971,26.8666667938,19.3999996185,22.9333324432,0.0726666688,0.0666666698,65.7066726684,65.7066726684,65.7066726684,4.8666667938,1.4400000572,1.1066666841,0.9293333053,0.0800000095,0.0000000000,0.0000000000,0.0000000000
2026-10-01 19:13:04,0.3648340225,13.1999998092,15.2666664123,18.7999992370,0.1199999923,0.0666666698,65.7066726684,65.7066726684,65.7066726684,4.8666667938,1.4400000572,1.1133333444,0.9319999694,0.0800000095,0.0000000000,0.0000000000,0.0000000000
2026-10-01 19:19:00,0.3649601697,4.3333334922,10.3333330154,13.8666667938,0.0159999990,0.0000000000,65.7133331298,65.7133331298,65.7133331298,4.9333333969,1.4333333015,1.1133333444,0.9359999656,0.0800000095,0.0000000000,0.0000000000,0.0000000000
2026-10-01 19:24:55,0.3649555444,1.4666666984,9.4666662216,13.0000000000,0.0806666564,0.0000000000,65.7200012207,65.7200012207,65.7200012207,4.9333333969,1.4333333015,1.1200001239,0.9386666297,0.0800000095,0.0000000000,0.0000000000,0.0000000000
2026-10-01 19:30:51,0.3649593353,1.0000000000,9.6000003814,13.1333332061,0.0953333282,0.0000000000,65.7133331298,65.7133331298,65.7133331298,4.9333333969,1.4266666412,1.1200001239,0.9406665802,0.0800000095,0.0000000000,0.0000000000,0.0000000000
2026-10-01 19:36:46,0.3655319213,1.0000000000,13.4666662216,17.0000000000,0.1706666707,0.0000000000,65.7266693115,65.7266693115,65.7266693115,5.0000000000,1.4266666412,1.1200001239,0.9420000076,0.0800000095,0.0000000000,0.0000000000,0.0000000000
2026-10-01 19:42:42,0.3654483795,1.0000000000,13.4666662216,17.0000000000,0.1066666603,0.0000000000,65.7266693115,65.7266693115,65.7266693115,5.0000000000,1.4266666412,1.1200001239,0.9433333396,0.0800000095,0.0000000000,0.0000000000,0.0000000000
2026-10-01 19:48:35,0.3674149751,1.0000000000,34.0000000000,44.5999984741,0.3940000057,0.0666666698,197.1933288574,197.1933288574,197.1933288574,15.0000000000,4.2733330726,3.3799998760,2.8386667251,0.2400000095,0.0000000000,0.0000000000,0.0000000000
2026-10-01 19:54:31,0.4203105926,1.0000000000,11.6666669845,15.1999998092,0.1619999885,0.0666666698,65.7333297729,65.7333297729,65.7333297729,5.0000000000,1.4266666412,1.1266666650,0.9446666717,0.0800000095,0.0000000000,0.0000000000,0.0000000000
2026-10-01 20:00:24,0.4890650749,1.0000000000,35.0666656494,45.6666679382,0.5106666564,0.0666666698,197.1999969482,197.1999969482,197.1999969482,15.3333330154,4.2266669273,3.3866667747,2.8539999008,0.2400000095,0.0000000000,0.0000000000,0.0000000000
2026-10-01 20:06:17,0.6055365562,1.0000000000,29.3999996185,40.0000000000,0.5106666564,0.0666666698,197.2200012207,197.2200012207,197.2200012207,15.3999996185,4.1933336257,3.3799998760,2.8433334350,0.2400000095,0.0000000000,0.0000000000,0.0000000000
2026-10-01 20:12:10,0.6448576450,1.0000000000,41.1333351135,51.7333335876,0.2179999828,0.0000000000,197.2066802978,197.2066802978,197.2066802978,15.6000003814,4.1799998283,3.3866665363,2.8573333740,0.2400000095,0.0000000000,0.0000000000,0.0000000000
2026-10-01 20:18:05,0.6563069820,1.0000000000,21.6000003814,28.6666660308,0.2033333301,0.0666666698,131.4600067138,131.4600067138,131.4600067138,10.3999996185,2.7666666507,2.2466666698,1.8953333854,0.1600000143,0.0000000000,0.0000000000,0.0000000000
2026-10-01 20:24:00,0.6199150085,1.0000000000,11.1333332061,14.6666669845,0.2126666545,0.0000000000,65.7266693115,65.7266693115,65.7266693115,5.1999998092,1.3799999952,1.1266666650,0.9466666221,0.0800000095,0.0000000000,0.0000000000,0.0000000000
2026-10-01 20:29:56,0.5844450950,1.0000000000,12.6666669845,16.2000007629,0.0726666688,0.0000000000,65.7200012207,65.7200012207,65.7200012207,5.1999998092,1.3799999952,1.1133333444,0.9373332977,0.0800000095,0.0000000000,0.0000000000,0.0000000000
2026-10-01 20:35:51,0.5670051574,1.0000000000,20.3999996185,23.9333324432,0.0306666660,0.0000000000,65.7266693115,65.7266693115,65.7266693115,5.1999998092,1.3799999952,1.1133333444,0.9399999618,0.0800000095,0.0000000000,0.0000000000,0.0000000000
2026-10-01 20:41:47,0.5559797763,0.1333333373,17.5333328247,21.0666675567,0.0553333282,0.0000000000,65.7200012207,65.7200012207,65.7200012207,5.1333332061,1.3799999952,1.1133333444,0.9373332977,0.0800000095,0.0000000000,0.0000000000,0.0000000000
2026-10-01 20:47:42,0.5471783161,0.0000000000,12.0666666030,15.6000003814,0.1206666588,0.0000000000,65.7200012207,65.7200012207,65.7200012207,5.1333332061,1.3866667747,1.1133333444,0.9366665840,0.0800000095,0.0000000000,0.0000000000,0.0000000000
2026-10-01 20:53:38,0.5371366024,0.2000000000,14.8000001907,18.3333339691,0.1313333272,0.0000000000,65.7133331298,65.7133331298,65.7133331298,5.1333332061,1.3866667747,1.1066666841,0.9300000190,0.0800000095,0.0000000000,0.0000000000,0.0000000000
2026-10-01 20:59:33,0.5303746223,0.0000000000,14.8666667938,18.3999996185,0.0773333311,0.0000000000,65.7200012207,65.7200012207,65.7200012207,5.0666666030,1.3866667747,1.1066666841,0.9319999694,0.0800000095,0.0000000000,0.0000000000,0.0000000000
2026-10-01 21:05:29,0.5166108131,0.0000000000,11.3999996185,14.9333333969,0.0299999980,0.0000000000,65.7066726684,65.7066726684,65.7066726684,5.0666666030,1.3866667747,1.1066666841,0.9300000190,0.0800000095,0.0000000000,0.0000000000,0.0000000000
2026-10-01 21:11:24,0.5088501930,0.0000000000,6.0000000000,9.5333337783,0.0266666650,0.0000000000,65.7066726684,65.7066726684,65.7066726684,5.0666666030,1.3866667747,1.1066666841,0.9306667327,0.0800000095,0.0000000000,0.0000000000,0.0000000000
2026-10-01 21:17:20,0.5278346061,0.0000000000,10.8000001907,14.3333330154,0.1073333263,0.0000000000,65.7066726684,65.7066726684,65.7066726684,5.0666666030,1.3866667747,1.1000000238,0.9273332595,0.0800000095,0.0000000000,0.0000000000,0.0000000000
2026-10-01 21:23:15,0.5012979507,0.0000000000,12.5333337783,16.0666675567,0.0799999952,0.0000000000,65.7066726684,65.7066726684,65.7066726684,5.0666666030,1.3866667747,1.1066666841,0.9306667327,0.0800000095,0.0000000000,0.0000000000,0.0000000000
2026-10-01 21:29:11,0.4756837368,0.0000000000,11.4666662216,15.0000000000,0.1293333292,0.0000000000,65.7133331298,65.7133331298,65.7133331298,5.0666666030,1.3866667747,1.1000000238,0.9266666412,0.0800000095,0.0000000000,0.0000000000,0.0000000000
2026-10-01 21:35:06,0.4541669368,0.0000000000,10.6666669845,14.1999998092,0.0593333292,0.0000000000,65.6999969482,65.6999969482,65.6999969482,5.0666666030,1.3866667747,1.1000000238,0.9273332595,0.0800000095,0.0000000000,0.0000000000,0.0000000000
2026-10-01 21:41:02,0.4298831462,0.0000000000,16.5333328247,20.0666675567,0.1126666545,0.0666666698,65.7133331298,65.7133331298,65.7133331298,5.0666666030,1.3866667747,1.1000000238,0.9280000686,0.0800000095,0.0000000000,0.0000000000,0.0000000000
2026-10-01 21:46:57,0.3987050056,0.4666666507,7.5333333015,11.0666666030,0.0259999990,0.1333333373,65.7066726684,65.7066726684,65.7066726684,5.0666666030,1.3866667747,1.1066666841,0.9300000190,0.0800000095,0.0000000000,0.0000000000,0.0000000000
2026-10-01 21:52:51,0.3723913431,1.0000000000,25.5333328247,32.5999984741,0.1759999847,0.1333333373,131.4066772460,131.4066772460,131.4066772460,10.1333332061,2.7866666316,2.2133333683,1.8606666564,0.1600000143,0.0000000000,0.0000000000,0.0000000000
2026-10-01 21:58:47,0.5492953300,1.0000000000,13.7333335876,17.2666664123,0.0566666650,0.1333333373,65.6999969482,65.6999969482,65.6999969482,5.0666666030,1.3933333206,1.1066666841,0.9313333511,0.0800000095,0.0000000000,0.0000000000,0.0000000000
2026-10-01 22:04:42,0.7321180343,1.0000000000,17.0666675567,20.6000003814,0.0193333330,0.0000000000,65.7266693115,65.7266693115,65.7266693115,5.1333332061,1.3866667747,1.1200001239,0.9433333396,0.0800000095,0.0000000000,0.0000000000,0.0000000000
