2026-10-05 16:16:24,0.3579196929,384.0000000000,0.0000000000,0.0000000000,0.0000000000,0.0000000000,0.0000000000,0.0000000000,0.0000000000,0.0000000000,0.0000000000,0.0000000000,0.0000000000,0.0000000000,0.0000000000,0.0000000000,0.0000000000
2026-10-05 16:21:58,0.3579413414,384.0000000000,0.0000000000,0.0000000000,0.0000000000,0.0000000000,0.0000000000,0.0000000000,0.0000000000,0.0000000000,0.0000000000,0.0000000000,0.0000000000,0.0000000000,0.0000000000,0.0000000000,0.0000000000
2026-10-05 16:27:32,0.3579464435,384.0000000000,0.0000000000,0.0000000000,0.0000000000,0.0000000000,0.0000000000,0.0000000000,0.0000000000,0.0000000000,0.0000000000,0.0000000000,0.0000000000,0.0000000000,0.0000000000,0.0000000000,0.0000000000
2026-10-05 16:33:05,0.3579016208,384.0000000000,0.0000000000,0.0000000000,0.0000000000,0.0000000000,0.0000000000,0.0000000000,0.0000000000,0.0000000000,0.0000000000,0.0000000000,0.0000000000,0.0000000000,0.0000000000,0.0000000000,0.0000000000
2026-10-05 16:38:40,0.3581717252,384.0000000000,0.0000000000,0.0000000000,0.0000000000,0.0000000000,0.0000000000,0.0000000000,0.0000000000,0.0000000000,0.0000000000,0.0000000000,0.0000000000,0.0000000000,0.0000000000,0.0000000000,0.0000000000
2026-10-05 16:44:14,0.3582047462,384.0000000000,0.0000000000,0.0000000000,0.0000000000,0.0000000000,0.0000000000,0.0000000000,0.0000000000,0.0000000000,0.0000000000,0.0000000000,0.0000000000,0.0000000000,0.0000000000,0.0000000000,0.0000000000
2026-10-05 16:49:48,0.3583567619,384.0000000000,0.0000000000,0.0000000000,0.0000000000,0.0000000000,0.0000000000,0.0000000000,0.0000000000,0.0000000000,0.0000000000,0.0000000000,0.0000000000,0.0000000000,0.0000000000,0.0000000000,0.0000000000
2026-10-05 16:55:23,0.3583063602,384.0000000000,0.0000000000,0.0000000000,0.0000000000,0.0000000000,0.0000000000,0.0000000000,0.0000000000,0.0000000000,0.0000000000,0.0000000000,0.0000000000,0.0000000000,0.0000000000,0.0000000000,0.0000000000
2026-10-05 17:00:57,0.3583669662,384.0000000000,0.0000000000,0.0000000000,0.0000000000,0.0000000000,0.0000000000,0.0000000000,0.0000000000,0.0000000000,0.0000000000,0.0000000000,0.0000000000,0.0000000000,0.0000000000,0.0000000000,0.0000000000
2026-10-05 17:06:32,0.3583562135,384.0000000000,0.0000000000,0.0000000000,0.0000000000,0.0000000000,0.0000000000,0.0000000000,0.0000000000,0.0000000000,0.0000000000,0.0000000000,0.0000000000,0.0000000000,0.0000000000,0.0000000000,0.0000000000
2026-10-05 17:12:06,0.3577254056,384.0000000000,0.0000000000,0.0000000000,0.0000000000,0.0000000000,0.0000000000,0.0000000000,0.0000000000,0.0000000000,0.0000000000,0.0000000000,0.0000000000,0.0000000000,0.0000000000,0.0000000000,0.0000000000
2026-10-05 17:17:41,0.3578989028,384.0000000000,0.0000000000,0.0000000000,0.0000000000,0.0000000000,0.0000000000,0.0000000000,0.0000000000,0.0000000000,0.0000000000,0.0000000000,0.0000000000,0.0000000000,0.0000000000,0.0000000000,0.0000000000
2026-10-05 17:23:15,0.3579188585,384.0000000000,0.0000000000,0.0000000000,0.0000000000,0.0000000000,0.0000000000,0.0000000000,0.0000000000,0.0000000000,0.0000000000,0.0000000000,0.0000000000,0.0000000000,0.0000000000,0.0000000000,0.0000000000
2026-10-05 17:28:50,0.3581070661,384.0000000000,0.0000000000,0.0000000000,0.0000000000,0.0000000000,0.0000000000,0.0000000000,0.0000000000,0.0000000000,0.0000000000,0.0000000000,0.0000000000,0.0000000000,0.0000000000,0.0000000000,0.0000000000
2026-10-05 17:34:24,0.3581877946,384.0000000000,0.0000000000,0.0000000000,0.0000000000,0.0000000000,0.0000000000,0.0000000000,0.0000000000,0.0000000000,0.0000000000,0.0000000000,0.0000000000,0.0000000000,0.0000000000,0.0000000000,0.0000000000
2026-10-05 17:39:59,0.3582797288,384.0000000000,0.0000000000,0.0000000000,0.0000000000,0.0000000000,0.0000000000,0.0000000000,0.0000000000,0.0000000000,0.0000000000,0.0000000000,0.0000000000,0.0000000000,0.0000000000,0.0000000000,0.0000000000
2026-10-05 17:45:33,0.3584387779,384.0000000000,0.0000000000,0.0000000000,0.0000000000,0.0000000000,0.0000000000,0.0000000000,0.0000000000,0.0000000000,0.0000000000,0.0000000000,0.0000000000,0.0000000000,0.0000000000,0.0000000000,0.0000000000
2026-10-05 17:51:08,0.3586235523,415.0000000000,0.0000000000,0.0000000000,0.0000000000,0.0000000000,0.0000000000,0.0000000000,0.0000000000,0.0000000000,0.0000000000,0.0000000000,0.0000000000,0.0000000000,0.0000000000,0.0000000000,0.0000000000
2026-10-05 17:57:01,0.3587712049,561.4666748046,0.0000000000,0.0000000000,0.0000000000,0.0000000000,0.0000000000,0.0000000000,0.0000000000,0.0000000000,0.0000000000,0.0000000000,0.0000000000,0.0000000000,0.0000000000,0.0000000000,0.0000000000
2026-10-05 18:02:55,0.3588744401,4457.8666992187,29.6000003814,36.6666679382,0.4920000076,14.6000003814,132.7266693115,132.7266693115,132.7266693115,5.4666666984,1.6866665840,0.0000000000,0.6159999847,0.1600000143,0.0000000000,0.0000000000,0.0000000000
2026-10-05 18:08:50,0.3591308116,3856.1999511718,31.8666667938,39.0000000000,0.3173333168,12.5333337783,132.7200012207,132.7200012207,132.7200012207,5.5333333015,1.6666666030,-0.0066666669,0.6173333644,0.1600000143,0.0000000000,0.0000000000,0.0000000000
2026-10-05 18:14:44,0.3594993591,3375.8666992187,30.6000003814,37.6666679382,0.5913333415,10.3333330154,132.7533416748,132.7533416748,132.7533416748,5.6666665077,1.6533334255,0.0066666669,0.6239999771,0.1600000143,0.0000000000,0.0000000000,0.0000000000
2026-10-05 18:20:37,0.3609542369,2964.6000976562,52.4666671752,63.0666656494,0.9293334007,5.3333334922,199.1466674804,199.1466674804,199.1466674804,8.7333335876,2.4066667556,0.0333333349,0.9453332901,0.2400000095,0.0000000000,0.0000000000,0.0000000000
2026-10-05 18:26:31,0.3610197067,2566.2666015625,49.0666656494,59.7999992370,0.8453332901,4.0000000000,199.1599884033,199.1599884033,199.1599884033,8.8000001907,2.3600001335,0.0133333337,0.9359999656,0.2400000095,0.0000000000,0.0000000000,0.0000000000
2026-10-05 18:32:24,0.3610384941,2108.6000976562,47.0000000000,57.7333335876,0.7393333435,3.2666666507,199.1866760253,199.1866760253,199.1866760253,8.8000001907,2.3066666126,0.0000000000,0.9280000686,0.2400000095,0.0000000000,0.0000000000,0.0000000000
2026-10-05 18:38:17,0.3611019134,1668.1999511718,44.6666679382,55.4000015258,0.4786666393,2.5999999046,199.2066802978,199.2066802978,199.2066802978,9.0666666030,2.2666666507,0.0133333337,0.9386665344,0.2400000095,0.0000000000,0.0000000000,0.0000000000
2026-10-05 18:44:10,0.3612125396,1236.0000000000,50.4000015258,61.0666656494,0.5013332843,2.0000000000,199.1999969482,199.1999969482,199.1999969482,9.1333332061,2.2266666889,0.0000000000,0.9306666374,0.2400000095,0.0000000000,0.0000000000,0.0000000000
2026-10-05 18:50:02,0.3612010717,835.7999877929,65.2666702270,31.6000003814,0.9020000457,1.6666666030,265.6333312988,265.6333312988,265.6333312988,12.0666666030,2.9066667556,-0.0666666698,1.2153333425,0.3200000286,0.0000000000,0.0000000000,0.0000000000
2026-10-05 18:55:55,0.3612564563,498.3999938964,60.4666671752,74.8000030517,0.9553333282,1.0666667222,265.6600036621,265.6600036621,265.6600036621,12.2666664123,2.8533334732,-0.0733333349,1.2180000543,0.3200000286,0.0000000000,0.0000000000,0.0000000000
2026-10-05 19:01:45,0.3613523006,253.7333374023,76.1333312988,94.0666656494,0.9340000152,0.5333333492,332.1199951171,332.1199951171,332.1199951171,15.8666667938,3.5066666603,0.0000000000,1.5566667556,0.4000000000,0.0000000000,0.0000000000,0.0000000000
2026-10-05 19:07:36,0.3614269733,106.4000015258,79.1333312988,96.8000030517,1.0566666126,0.1333333373,332.1333312988,332.1333312988,332.1333312988,15.6666669845,3.4866669178,-0.0400000047,1.5373332500,0.4000000000,0.0000000000,0.0000000000,0.0000000000
2026-10-05 19:13:27,0.3614543914,34.9333343505,72.7333297729,90.4000015258,0.9033332824,0.0000000000,332.1533203125,332.1533203125,332.1533203125,15.7333335876,3.4399998188,-0.0800000095,1.5273333549,0.4000000000,0.0000000000,0.0000000000,0.0000000000
2026-10-05 19:19:18,0.3614703655,10.0000000000,75.4666671752,93.1333312988,0.8093332290,0.0000000000,332.1866760253,332.1866760253,332.1866760253,15.8666667938,3.3866667747,-0.0866666698,1.5253333091,0.4000000000,0.0000000000,0.0000000000,0.0000000000
2026-10-05 19:25:09,0.3615335941,3.2666666507,81.8666687011,99.5333328247,0.9446666717,0.0000000000,332.2533264160,332.2533264160,332.2533264160,15.8666667938,3.3399999141,-0.1266666650,1.5113333702,0.4000000000,2.2666666507,0.0000000000,0.0000000000
2026-10-05 19:31:00,0.3614754676,1.1333333253,77.0666656494,94.9333343505,1.0219999551,0.0000000000,332.2733459472,332.2733459472,332.2733459472,15.7333335876,3.3266668319,-0.1866666793,1.4913332462,0.4000000000,2.2000000476,0.0000000000,0.0000000000
2026-10-05 19:36:52,0.3615105628,0.0666666698,65.3333358764,79.4666671752,0.7159999847,0.0000000000,265.8066711425,265.8066711425,265.8066711425,12.8000001907,2.6333336830,-0.1333333373,1.2006665468,0.3200000286,1.6666666030,0.0000000000,0.0000000000
2026-10-05 19:42:43,0.3615569829,0.0000000000,75.1999969482,92.8666687011,0.7233333587,0.0000000000,332.2666625976,332.2666625976,332.2666625976,16.1333332061,3.2533335685,-0.1266666650,1.5119999885,0.4000000000,2.2666666507,0.0000000000,0.0000000000
2026-10-05 19:48:33,0.3615927219,0.0000000000,86.1333312988,107.4000015258,1.0333333015,0.0000000000,398.7599792480,398.7599792480,398.7599792480,19.6000003814,3.8800001144,-0.1466666698,1.8193331718,0.4799999713,2.7333333492,0.0000000000,0.0000000000
2026-10-05 19:54:23,0.3616227149,0.0000000000,92.5333328247,113.7333297729,0.7373332977,0.0000000000,398.7733459472,398.7733459472,398.7733459472,19.6666660308,3.8399999618,-0.1333333373,1.8253332138,0.4799999713,2.9333333969,0.0000000000,0.0000000000
2026-10-05 20:00:13,0.3617108821,0.0000000000,83.8666687011,77.5333328247,0.6666666984,0.0000000000,332.3133239746,332.3133239746,332.3133239746,16.6666660308,3.1466670036,-0.0733333349,1.5319999694,0.4000000000,2.2666666507,0.0000000000,0.0000000000
2026-10-05 20:06:04,0.3617382049,0.0000000000,78.8666687011,96.5333328247,0.6660000801,0.0000000000,332.3133544921,332.3133544921,332.3133544921,16.7333335876,3.1333336830,-0.0733333349,1.5339999198,0.4000000000,2.2000000476,0.0000000000,0.0000000000
2026-10-05 20:11:54,0.3617867946,0.0000000000,99.3333358764,120.6666641235,0.8626667022,0.0000000000,398.7599792480,398.7599792480,398.7599792480,20.3999996185,3.7266664505,-0.0533333349,1.8533332824,0.4799999713,2.6666667461,0.0000000000,0.0000000000
2026-10-05 20:17:44,0.3618457078,0.0000000000,88.4666671752,109.8666687011,0.6633333206,0.0000000000,398.7599792480,398.7599792480,398.7599792480,20.3999996185,3.7200000286,-0.0200000023,1.8633332252,0.4799999713,2.7333333492,0.0000000000,0.0000000000
