2026-09-27 04:14:04,0.3688688278,0.0000000000,269.2666625976,174.9333343505,0.2946666526,2.4666666984,926.2534790039,926.2534790039,926.2534790039,67.8666687011,11.0600013732,6.7066655158,7.2173333168,1.1200000047,0.0000000000,0.0000000000,0.0000000000
2026-09-27 04:19:38,0.3695405006,0.0000000000,229.3999938964,91.2666702270,0.3819999694,2.5333333015,992.3733520507,992.3733520507,992.3733520507,73.4666671752,11.6533346176,7.1466655731,7.7306671142,1.2000000476,0.0000000000,0.0000000000,0.0000000000
2026-09-27 04:25:12,0.3698820590,0.0000000000,145.6666717529,126.8000030517,0.2353332996,2.4666666984,992.3466186523,992.3466186523,992.3466186523,74.0000000000,11.5466661453,7.1333327293,7.7219996452,1.2000000476,0.0000000000,0.0000000000,0.0000000000
2026-09-27 04:30:46,0.3704538583,0.0000000000,255.1999969482,236.6000061035,0.2339999914,2.8666666030,992.3466186523,992.3466186523,992.3466186523,74.3333358764,11.3933324813,7.0999989509,7.7073335647,1.2000000476,0.0000000000,0.0000000000,0.0000000000
2026-09-27 04:36:20,0.3711945056,0.0000000000,209.3333282470,239.2666625976,0.2506666660,2.7333333492,992.3132934570,992.3132934570,992.3132934570,75.0000000000,11.3000020980,7.1133327484,7.7166657447,1.2000000476,0.0000000000,0.0000000000,0.0000000000
2026-09-27 04:41:54,0.3720622301,0.0000000000,261.3999938964,194.8000030517,0.2606666564,2.8666666030,992.2865600585,992.2865600585,992.2865600585,75.0666656494,11.2266664505,7.0599994659,7.6973333358,1.2000000476,0.0000000000,0.0000000000,0.0000000000
2026-09-27 04:47:28,0.3728561162,0.0000000000,151.8000030517,132.8000030517,0.2173333406,2.7999999523,992.2999267578,992.2999267578,992.2999267578,76.0000000000,11.0599994659,7.0133337974,7.6766662597,1.2000000476,0.0000000000,0.0000000000,0.0000000000
2026-09-27 04:53:02,0.3730343341,0.0000000000,210.9333343505,140.8666687011,0.2046666622,2.2666666507,926.1465454101,926.1465454101,926.1465454101,70.9333343505,10.1866664886,6.4400010108,7.1046667098,1.1200000047,0.0000000000,0.0000000000,0.0000000000
2026-09-27 04:58:35,0.3740180730,0.0000000000,270.4666748046,104.1999969482,0.2279999732,2.3333332538,926.1600341796,926.1600341796,926.1600341796,71.2666702270,10.0266656875,6.3733339309,7.0839986801,1.1200000047,0.0000000000,0.0000000000,0.0000000000
2026-09-27 05:04:09,0.3763803005,0.0000000000,267.2666625976,176.3333282470,0.2680000066,2.5999999046,992.3466796875,992.3466796875,992.3466796875,77.0000000000,10.6866655349,6.9000010490,7.6173329353,1.2000000476,0.0000000000,0.0000000000,0.0000000000
2026-09-27 05:09:43,0.3779361724,0.0000000000,255.1999969482,236.3333282470,0.3713333129,2.8666666030,992.3067016601,992.3067016601,992.3067016601,77.0000000000,10.6999979019,6.9600005149,7.6506671905,1.2000000476,0.0000000000,0.0000000000,0.0000000000
2026-09-27 05:15:17,0.3789414405,0.0000000000,249.9333343505,158.9333343505,0.3726667165,2.2666666507,992.2865600585,992.2865600585,992.2865600585,77.0000000000,10.6999979019,6.9000010490,7.6306667327,1.2000000476,0.0000000000,0.0000000000,0.0000000000
2026-09-27 05:20:50,0.3786101102,0.0000000000,150.3999938964,107.8666687011,0.3313333034,2.0666666030,992.3466796875,992.3466796875,992.3466796875,77.1999969482,10.6333332061,6.9200005531,7.6413331031,1.2000000476,0.0000000000,0.0000000000,0.0000000000
2026-09-27 05:26:24,0.3781458854,0.0000000000,129.1999969482,182.3333282470,0.1873333168,3.0000000000,992.3333129882,992.3333129882,992.3333129882,78.0000000000,10.6000003814,6.9400010108,7.6500000953,1.2000000476,0.0000000000,0.0000000000,0.0000000000
2026-09-27 05:31:58,0.3789200544,0.0000000000,144.6666717529,197.8000030517,0.1959999942,2.5999999046,992.3600463867,992.3600463867,992.3600463867,78.0000000000,10.5799989700,6.9000010490,7.6293334960,1.2000000476,0.0000000000,0.0000000000,0.0000000000
2026-09-27 05:37:32,0.3800033569,0.0000000000,268.3333435058,153.8666687011,0.2880000114,2.7333333492,992.3601074218,992.3601074218,992.3601074218,78.0000000000,10.5600004196,6.9066677093,7.6293330192,1.2000000476,0.0000000000,0.0000000000,0.0000000000
2026-09-27 05:43:06,0.3808264255,0.0000000000,288.3999938964,173.8666687011,0.6099999427,2.2000000476,992.3800659179,992.3800659179,992.3800659179,77.0666656494,10.6999979019,6.9200005531,7.6426663398,1.2000000476,0.0000000000,0.0000000000,0.0000000000
2026-09-27 05:48:53,0.3807747840,0.0000000000,125.1333312988,54.2666664123,0.3046666383,1.0000000000,463.0866088867,463.0866088867,463.0866088867,35.9333343505,5.0266666412,3.2666666507,3.5759999752,0.5599999904,0.0000000000,0.0000000000,0.0000000000
2026-09-27 05:54:42,0.3797716617,0.0000000000,103.8000030517,80.6666641235,0.2579999923,0.8666666984,463.1066284179,463.1066284179,463.1066284179,35.9333343505,5.0400004386,3.2799997329,3.5853335857,0.5599999904,0.0000000000,0.0000000000,0.0000000000
2026-09-27 06:00:31,0.3778605222,0.0000000000,127.5333328247,80.5999984741,0.3246666431,1.1333333253,463.1199951171,463.1199951171,463.1199951171,36.0000000000,5.1199998855,3.3733334541,3.6353335380,0.5599999904,0.0000000000,0.0000000000,0.0000000000
2026-09-27 06:06:19,0.3748311758,0.0000000000,138.0666656494,67.1333312988,0.3173332691,1.0666667222,463.1333007812,463.1333007812,463.1333007812,35.4666671752,5.2399997711,3.3933334350,3.6393332481,0.5599999904,0.0000000000,0.0000000000,0.0000000000
2026-09-27 06:12:08,0.3740014791,0.0000000000,125.1333312988,77.8666687011,0.3233333110,0.9333333015,463.1333312988,463.1333312988,463.1333312988,35.4666671752,5.2266664505,3.3733332157,3.6380000114,0.5599999904,0.0000000000,0.0000000000,0.0000000000
2026-09-27 06:17:57,0.3733812332,0.0000000000,97.0000000000,49.9333343505,0.1726666450,0.8666666984,463.1199951171,463.1199951171,463.1199951171,35.6666679382,5.1933331489,3.3733334541,3.6359999179,0.5599999904,0.0000000000,0.0000000000,0.0000000000
2026-09-27 06:23:46,0.3738231420,0.0000000000,124.1999969482,49.4666671752,0.1766666412,0.7333333492,396.9733276367,396.9733276367,396.9733276367,30.7999992370,4.4000000953,2.8800001144,3.1086664199,0.4799999713,0.0000000000,0.0000000000,0.0000000000
2026-09-27 06:29:35,0.3746081590,0.0000000000,143.3999938964,96.1999969482,0.2460000038,0.8666666984,463.1266479492,463.1266479492,463.1266479492,36.0000000000,5.1266665458,3.3733334541,3.6326668262,0.5599999904,0.0000000000,0.0000000000,0.0000000000
2026-09-27 06:35:24,0.3753121852,0.4000000000,125.8666687011,54.7999992370,0.2786666393,0.8666666984,463.1266479492,463.1266479492,463.1266479492,36.4000015258,5.0933337211,3.3866667747,3.6386666297,0.5599999904,0.0000000000,0.0000000000,0.0000000000
2026-09-27 06:41:12,0.3752031326,0.6000000000,88.1999969482,64.9333343505,0.1873333358,1.0000000000,463.1400146484,463.1400146484,463.1400146484,36.4000015258,5.1066665649,3.4133334159,3.6579997539,0.5599999904,0.0000000000,0.0000000000,0.0000000000
2026-09-27 06:47:01,0.3752130508,2.5999999046,152.8666687011,9.8666667938,0.3053333282,1.1333333253,463.1333312988,463.1333312988,463.1333312988,36.4000015258,5.1599993705,3.4666666984,3.6806666851,0.5599999904,0.0000000000,0.0000000000,0.0000000000
2026-09-27 06:52:49,0.3741851091,8.1333332061,149.8000030517,54.7999992370,0.4833333015,1.0666667222,463.1400146484,463.1400146484,463.1400146484,36.2000007629,5.2066669464,3.5066666603,3.6979997158,0.5599999904,0.0000000000,0.0000000000,0.0000000000
