2026-10-06 10:16:38,0.3620331525,5376.0000000000,113.0000000000,163.3999938964,0.7493333339,407.9333190917,932.0332031250,932.0332031250,932.0332031250,39.1333351135,10.4066667556,-0.9666666030,4.0206661224,1.1200000047,0.0000000000,0.0000000000,0.0000000000
2026-10-06 10:22:12,0.3615797519,5638.4667968750,121.3333358764,171.7333374023,0.9659999847,429.4666748046,932.0665893554,932.0665893554,932.0665893554,39.7999992370,10.6466665267,-0.6066666603,4.1333327293,1.1200000047,0.0000000000,0.0000000000,0.0000000000
2026-10-06 10:27:47,0.3609958887,8726.0664062500,162.3333282470,212.7333374023,1.0379998683,440.1333312988,932.0666503906,932.0666503906,932.0666503906,39.4000015258,10.3599996566,-0.9466668128,4.0259995460,1.1200000047,0.0000000000,0.0000000000,0.0000000000
2026-10-06 10:33:21,0.3605128765,3801.2666015625,138.2666625976,188.6666717529,0.8586666107,452.1333312988,932.1134033203,932.1134033203,932.1134033203,39.2666664123,10.0133323669,-1.3066667318,3.9153335571,1.1200000047,0.0000000000,0.0000000000,0.0000000000
2026-10-06 10:38:55,0.3600592613,384.0000000000,84.4000015258,110.8000030517,0.6520000457,463.5333251953,932.0866088867,932.0866088867,932.0866088867,39.0000000000,11.0266666412,-0.5133333683,4.1540002822,1.1200000047,0.0000000000,0.0000000000,0.0000000000
2026-10-06 10:44:30,0.3596081256,385.1333312988,263.8666687011,194.2666625976,0.6026666164,473.2000122070,932.0399780273,932.0399780273,932.0399780273,37.5999984741,11.1599998474,-0.8199999809,4.0559997558,1.1200000047,0.0000000000,0.0000000000,0.0000000000
2026-10-06 10:50:04,0.3593650341,5417.6000976562,170.7333374023,221.1333312988,0.7133332252,484.2666625976,932.0599975585,932.0599975585,932.0599975585,36.2666664123,11.0866661071,-1.3733334541,3.8826665878,1.1200000047,0.0000000000,0.0000000000,0.0000000000
2026-10-06 10:55:39,0.3592399358,384.0000000000,125.0000000000,175.3333282470,0.9686666488,498.0000000000,932.0666503906,932.0666503906,932.0666503906,36.8666648864,11.1466665267,-1.0933334827,3.9719996452,1.1200000047,0.0000000000,0.0000000000,0.0000000000
2026-10-06 11:01:13,0.3591832876,4141.5332031250,197.4666595458,199.8666687011,0.7326666831,507.7333374023,932.1267089843,932.1267089843,932.1267089843,36.4666671752,11.0733327865,-1.2666666507,3.9146663665,1.1200000047,0.0000000000,0.0000000000,0.0000000000
2026-10-06 11:06:48,0.3593506813,4063.0000000000,183.1999969482,233.6000061035,1.1013332605,517.6666870117,932.0599975585,932.0599975585,932.0599975585,36.7333335876,10.8466672897,-1.4399999618,3.8640001296,1.1200000047,0.0000000000,0.0000000000,0.0000000000
2026-10-06 11:12:22,0.3594979286,7948.6000976562,173.5333404541,199.9333343505,1.2413332462,526.9333496093,932.0533447265,932.0533447265,932.0533447265,36.7333335876,10.8733329772,-1.4066665172,3.8739997863,1.1200000047,0.0000000000,0.0000000000,0.0000000000
2026-10-06 11:17:57,0.3593969821,9377.6669921875,216.3333282470,266.7333374023,1.2860000133,535.3333129882,931.9533691406,931.9533691406,931.9533691406,36.5333328247,10.9733343124,-1.3333333730,3.8940000534,1.1200000047,0.0000000000,0.0000000000,0.0000000000
2026-10-06 11:23:32,0.3594640731,6921.3999023437,187.9333343505,238.3333282470,1.2413332462,544.5333251953,931.9400024414,931.9400024414,931.9400024414,36.8666648864,11.0666656494,-1.1266667842,3.9593332290,1.1200000047,0.0000000000,0.0000000000,0.0000000000
2026-10-06 11:29:06,0.3590892791,5946.2666015625,174.1333312988,224.4666595458,1.1726666688,554.0000000000,931.9466552734,931.9466552734,931.9466552734,37.0000000000,11.0000000000,-1.1666666269,3.9466665267,1.1200000047,0.0000000000,0.0000000000,0.0000000000
2026-10-06 11:34:41,0.3589700698,6022.2666015625,141.1999969482,191.6000061035,1.6653332710,561.3333129882,931.9400634765,931.9400634765,931.9400634765,37.5999984741,10.7466678619,-1.2199997901,3.9346666336,1.1200000047,0.0000000000,0.0000000000,0.0000000000
2026-10-06 11:40:15,0.3590554714,6191.6000976562,169.7333374023,220.1333312988,0.9026666641,567.7333374023,931.9200439453,931.9200439453,931.9200439453,38.4666671752,10.9999990463,-0.7066667556,4.0920004844,1.1200000047,0.0000000000,0.0000000000,0.0000000000
2026-10-06 11:45:50,0.3587797641,6995.8666992187,165.3333282470,215.7333374023,1.0160000324,579.3333129882,931.8400268554,931.8400268554,931.8400268554,37.5333328247,11.6999988555,-0.3800000190,4.1919994354,1.1200000047,0.0000000000,0.0000000000,0.0000000000
2026-10-06 11:51:25,0.3587825059,11536.2666015625,138.0666656494,188.4666595458,1.7026666641,535.4666748046,931.7133178710,931.7133178710,931.7133178710,38.2000007629,11.3133335113,-0.4733333110,4.1633334159,1.1200000047,0.0000000000,0.0000000000,0.0000000000
2026-10-06 11:57:17,0.3593159198,12398.0000000000,29.3999996185,36.5999984741,0.1673333406,62.4666671752,133.0933380126,133.0933380126,133.0933380126,5.4000000953,1.6399999618,-0.0800000095,0.5906666755,0.1600000143,0.0000000000,0.0000000000,0.0000000000
2026-10-06 12:03:11,0.3588838815,9797.6669921875,25.2000007629,32.4000015258,0.0580000019,90.9333343505,133.1000061035,133.1000061035,133.1000061035,5.3333334922,1.6533332824,-0.0666666698,0.5939999580,0.1600000143,0.0000000000,0.0000000000,0.0000000000
2026-10-06 12:09:06,0.3587488174,510.7999877929,27.9333324432,35.1333351135,0.2246666431,86.0666656494,133.0666656494,133.0666656494,133.0666656494,5.4666666984,1.6933333873,-0.0066666669,0.6146666526,0.1600000143,0.0000000000,0.0000000000,0.0000000000
2026-10-06 12:15:01,0.3586623907,384.0000000000,23.0000000000,2.5999999046,0.0253333330,42.5333328247,66.5333328247,66.5333328247,66.5333328247,2.8666666030,0.8466666221,0.0466666650,0.3266666889,0.0800000095,0.0000000000,0.0000000000,0.0000000000
2026-10-06 12:20:57,0.3585487604,384.0000000000,11.1333332061,14.7333335876,0.1966666698,43.1333351135,66.5266647338,66.5266647338,66.5266647338,2.7333333492,0.8533333778,0.0000000000,0.3099999904,0.0800000095,0.0000000000,0.0000000000,0.0000000000
2026-10-06 12:26:52,0.3584073543,384.0000000000,4.0000000000,7.5999999046,0.0299999980,43.1333351135,66.5133361816,66.5133361816,66.5133361816,2.7999999523,0.8733333587,0.0533333349,0.3273333311,0.0800000095,0.0000000000,0.0000000000,0.0000000000
2026-10-06 12:32:48,0.3578866958,384.0000000000,4.1999998092,7.8000001907,0.1120000004,43.7999992370,66.5066680908,66.5066680908,66.5066680908,2.8666666030,0.8800000190,0.0733333349,0.3353333234,0.0800000095,0.0000000000,0.0000000000,0.0000000000
2026-10-06 12:38:43,0.3582285642,384.0000000000,11.2666664123,14.8000001907,0.0386666660,44.2666664123,66.4933319091,66.4933319091,66.4933319091,2.8666666030,0.8333333015,0.0133333337,0.3159999847,0.0800000095,0.0000000000,0.0000000000,0.0000000000
2026-10-06 12:44:39,0.3581551313,384.0000000000,17.4666671752,21.0666675567,0.1206666588,44.2666664123,66.4933319091,66.4933319091,66.4933319091,2.7999999523,0.8400000572,0.0066666669,0.3119999885,0.0800000095,0.0000000000,0.0000000000,0.0000000000
2026-10-06 12:50:33,0.3582982778,384.0000000000,17.0666675567,24.2666664123,0.1599999904,89.1333312988,132.9600067138,132.9600067138,132.9600067138,5.7333331108,1.6466667652,0.0400000047,0.6340000152,0.1600000143,0.0000000000,0.0000000000,0.0000000000
2026-10-06 12:56:27,0.3581792116,384.0000000000,28.1333332061,35.2666664123,0.2406666517,89.4666671752,132.9533386230,132.9533386230,132.9533386230,5.6666665077,1.7266668319,0.0866666698,0.6486666202,0.1600000143,0.0000000000,0.0000000000,0.0000000000
2026-10-06 13:02:22,0.3579501867,384.0000000000,18.2000007629,25.3999996185,0.2326666831,89.5333328247,132.9199981689,132.9199981689,132.9199981689,5.6666665077,1.7266668319,0.0933333301,0.6519999980,0.1600000143,0.0000000000,0.0000000000,0.0000000000
2026-10-06 13:08:16,0.3579524993,384.0000000000,28.4666671752,35.6666679382,0.4333333492,89.9333343505,132.9066619873,132.9066619873,132.9066619873,5.5333333015,1.7400000095,0.0599999952,0.6379999637,0.1600000143,0.0000000000,0.0000000000,0.0000000000
2026-10-06 13:14:12,0.3579484462,384.0000000000,11.3333330154,14.9333333969,0.1086666698,44.8666648864,66.4533309936,66.4533309936,66.4533309936,2.7999999523,0.8866666793,0.0533333349,0.3273333311,0.0800000095,0.0000000000,0.0000000000,0.0000000000
2026-10-06 13:20:07,0.3575922012,384.0000000000,12.8000001907,16.3999996185,0.1059999942,44.5333328247,66.4400024414,66.4400024414,66.4400024414,2.7999999523,0.8933333396,0.0600000000,0.3293333292,0.0800000095,0.0000000000,0.0000000000,0.0000000000
2026-10-06 13:26:02,0.3575558185,384.0000000000,19.2666664123,26.3999996185,0.0586666584,89.0000000000,132.8666687011,132.8666687011,132.8666687011,5.4666666984,1.8600001335,0.1466666698,0.6693332672,0.1600000143,0.0000000000,0.0000000000,0.0000000000
2026-10-06 13:31:57,0.3570227622,384.0000000000,6.2666668891,9.8000001907,0.0153333330,44.4666671752,66.4333343505,66.4333343505,66.4333343505,2.7999999523,0.9799999237,0.1400000095,0.3579999923,0.0800000095,0.0000000000,0.0000000000,0.0000000000
2026-10-06 13:37:52,0.3587012767,384.0000000000,21.6666660308,28.7333335876,0.4899999618,89.1333312988,132.8533325195,132.8533325195,132.8533325195,5.4666666984,1.8733333587,0.1466666698,0.6673333644,0.1600000143,0.0000000000,0.0000000000,0.0000000000
2026-10-06 13:43:47,0.3587431669,384.0000000000,11.0666666030,14.6666669845,0.1173333287,44.2666664123,66.4266662597,66.4266662597,66.4266662597,2.7333333492,0.9333333015,0.0800000095,0.3353333234,0.0800000095,0.0000000000,0.0000000000,0.0000000000
2026-10-06 13:49:43,0.3586123228,384.0000000000,11.6666669845,15.1999998092,0.1340000033,44.0666656494,66.4066696166,66.4066696166,66.4066696166,2.7999999523,0.9133333206,0.0866666698,0.3386666536,0.0800000095,0.0000000000,0.0000000000,0.0000000000
2026-10-06 13:55:38,0.3582974672,384.0000000000,16.8666667938,20.4666671752,0.1646666622,44.0000000000,66.4066696166,66.4066696166,66.4066696166,2.6666667461,0.9666666030,0.0866666698,0.3393333196,0.0800000095,0.0000000000,0.0000000000,0.0000000000
2026-10-06 14:01:34,0.3577222824,384.0000000000,7.6666665077,11.1999998092,0.0753333330,43.4666671752,66.3799972534,66.3799972534,66.3799972534,2.6666667461,0.9799999237,0.1000000000,0.3426666498,0.0800000095,0.0000000000,0.0000000000,0.0000000000
2026-10-06 14:07:29,0.3579999208,384.0000000000,6.5333333015,10.0666666030,0.0626666641,42.6666679382,66.3733367919,66.3733367919,66.3733367919,2.7333333492,1.0000000000,0.1333333373,0.3553333282,0.0800000095,0.0000000000,0.0000000000,0.0000000000
2026-10-06 14:13:23,0.3586078643,384.0000000000,22.2666664123,29.4666671752,0.4280000209,83.1999969482,132.7333374023,132.7333374023,132.7333374023,5.9333333969,1.8066667556,0.2266666650,0.7000000000,0.1600000143,0.0000000000,0.0000000000,0.0000000000
2026-10-06 14:19:18,0.3587884426,384.0000000000,16.0666675567,23.1333332061,0.3326666593,77.6666641235,132.7400054931,132.7400054931,132.7400054931,6.1333332061,1.8466667175,0.3333333492,0.7413332462,0.1600000143,0.0000000000,0.0000000000,0.0000000000
2026-10-06 14:25:12,0.3580326080,384.0000000000,11.6666669845,18.7333335876,0.1646666526,79.7333297729,132.7133331298,132.7133331298,132.7133331298,6.0000000000,1.9333333015,0.3666666746,0.7519999504,0.1600000143,0.0000000000,0.0000000000,0.0000000000
2026-10-06 14:31:07,0.3583201408,384.0000000000,18.5333328247,25.6000003814,0.4326666831,80.4000015258,132.6999969482,132.6999969482,132.6999969482,5.9333333969,1.8666666984,0.3000000000,0.7266666412,0.1600000143,0.0000000000,0.0000000000,0.0000000000
2026-10-06 14:37:01,0.3583765983,384.0000000000,25.3999996185,32.4666671752,0.1326666593,76.2666702270,132.6933288574,132.6933288574,132.6933288574,6.3333334922,1.9266667366,0.4599999904,0.7900000095,0.1600000143,0.0000000000,0.0000000000,0.0000000000
2026-10-06 14:42:55,0.3582629919,384.0000000000,10.6666669845,17.7333335876,0.0993333339,76.0000000000,132.6800079345,132.6800079345,132.6800079345,5.9333333969,1.9000000000,0.3200000286,0.7319999694,0.1600000143,0.0000000000,0.0000000000,0.0000000000
2026-10-06 14:48:50,0.3583414077,384.0000000000,9.0666666030,16.1333332061,0.1553333282,77.4666671752,132.6733398437,132.6733398437,132.6733398437,6.3333334922,1.8933334350,0.4333333492,0.7786665916,0.1600000143,0.0000000000,0.0000000000,0.0000000000
2026-10-06 14:54:44,0.3579288721,384.0000000000,10.9333333969,18.0000000000,0.1826666736,76.7333297729,132.6600036621,132.6600036621,132.6600036621,6.0666666030,1.9600001335,0.4066666603,0.7646666049,0.1600000143,0.0000000000,0.0000000000,0.0000000000
2026-10-06 15:00:37,0.3580183982,384.0000000000,24.8666667938,35.4666671752,0.3566666126,111.1999969482,198.9933319091,198.9933319091,198.9933319091,9.2666664123,2.9600000381,0.6866666793,1.1819999217,0.2400000095,0.0000000000,0.0000000000,0.0000000000
2026-10-06 15:06:33,0.3579387664,384.0000000000,7.2666668891,10.8000001907,0.1173333287,36.3333320617,66.3266677856,66.3266677856,66.3266677856,2.9333333969,0.9733333587,0.1866666698,0.3759999752,0.0800000095,0.0000000000,0.0000000000,0.0000000000
2026-10-06 15:12:27,0.3580882787,384.0000000000,17.0666675567,24.1333332061,0.2653333187,71.0000000000,132.6333312988,132.6333312988,132.6333312988,6.0666666030,1.9333333015,0.4000000000,0.7626666545,0.1600000143,0.0000000000,0.0000000000,0.0000000000
2026-10-06 15:18:23,0.3579682826,384.0000000000,5.9333333969,9.4666662216,0.1039999961,35.0000000000,66.3199996948,66.3199996948,66.3199996948,3.1333334445,0.9933334350,0.2533333301,0.4046666145,0.0800000095,0.0000000000,0.0000000000,0.0000000000
2026-10-06 15:24:17,0.3578357934,384.0000000000,19.3999996185,26.4666671752,0.2100000143,67.5999984741,132.6000061035,132.6000061035,132.6000061035,6.0666666030,1.9466667175,0.4133333206,0.7673333168,0.1600000143,0.0000000000,0.0000000000,0.0000000000
2026-10-06 15:30:11,0.3581017971,384.0000000000,16.2000007629,23.2666664123,0.4059999942,66.1999969482,132.5933380126,132.5933380126,132.5933380126,6.1999998092,1.9466667175,0.4333333492,0.7793333530,0.1600000143,0.0000000000,0.0000000000,0.0000000000
2026-10-06 15:36:06,0.3581733465,384.0000000000,19.4666671752,26.6000003814,0.1273333311,64.3333358764,132.5666656494,132.5666656494,132.5666656494,6.1999998092,1.8933334350,0.4066667079,0.7686666488,0.1600000143,0.0000000000,0.0000000000,0.0000000000
2026-10-06 15:42:01,0.3582278490,384.0000000000,9.6666669845,13.1999998092,0.2533333301,31.6000003814,66.2799987792,66.2799987792,66.2799987792,3.0000000000,0.9600000381,0.1933333396,0.3799999952,0.0800000095,0.0000000000,0.0000000000,0.0000000000
2026-10-06 15:47:56,0.3585044860,384.0000000000,16.6000003814,23.6666660308,0.2859999847,60.4000015258,132.5466766357,132.5466766357,132.5466766357,6.2666668891,1.9000000000,0.4333333492,0.7773333072,0.1600000143,0.0000000000,0.0000000000,0.0000000000
2026-10-06 15:53:50,0.3574722766,384.0000000000,17.5333328247,24.6000003814,0.3086666822,58.4000015258,132.5333404541,132.5333404541,132.5333404541,6.2666668891,1.9466667175,0.4599999904,0.7900000095,0.1600000143,0.0000000000,0.0000000000,0.0000000000
2026-10-06 15:59:46,0.3577382802,384.0000000000,5.8666667938,9.3999996185,0.0926666641,28.7333335876,66.2666702270,66.2666702270,66.2666702270,3.2000000476,0.9666666030,0.2466666698,0.4006666660,0.0800000095,0.0000000000,0.0000000000,0.0000000000
2026-10-06 16:05:41,0.3577683448,384.0000000000,7.9333333969,11.4666662216,0.0839999961,27.6000003814,66.2600021362,66.2600021362,66.2600021362,3.2000000476,0.9866666793,0.2666666746,0.4106666564,0.0800000095,0.0000000000,0.0000000000,0.0000000000
