2026-10-06 16:16:43,0.3580999135,2717.9333496093,97.6666641235,147.1333312988,1.8986664772,263.8666687011,927.4266967773,927.4266967773,927.4266967773,46.4666671752,13.4933328628,3.9200002670,5.8259997367,1.1200000047,0.0000000000,0.0000000000,0.0000000000
2026-10-06 16:22:17,0.3581480026,384.0000000000,113.5999984741,163.0666656494,1.4519999027,345.1333312988,927.3865966796,927.3865966796,927.3865966796,45.5999984741,13.7533321380,3.9466667175,5.8260006904,1.1200000047,0.0000000000,0.0000000000,0.0000000000
2026-10-06 16:27:51,0.3580916166,384.0000000000,117.1333312988,166.6000061035,1.7366667747,331.5333251953,927.3732910156,927.3732910156,927.3732910156,45.7999992370,13.6266670227,3.8933332443,5.8093333244,1.1200000047,0.0000000000,0.0000000000,0.0000000000
2026-10-06 16:33:25,0.3583967447,384.0000000000,110.6666641235,160.1333312988,1.8239999771,317.7333374023,927.2532958984,927.2532958984,927.2532958984,46.6666679382,13.6400003433,4.1333332061,5.9173326492,1.1200000047,0.0000000000,0.0000000000,0.0000000000
2026-10-06 16:39:00,0.3582349061,384.0000000000,100.0666656494,149.6000061035,1.4133331775,307.3999938964,927.2200927734,927.2200927734,927.2200927734,46.2666664123,14.0266666412,4.4066672325,6.0286660194,1.1200000047,0.0000000000,0.0000000000,0.0000000000
2026-10-06 16:44:35,0.3582229614,384.0000000000,115.8000030517,165.2666625976,1.6386665344,295.4666748046,927.1600952148,927.1600952148,927.1600952148,46.5999984741,13.7799997329,4.2599997520,5.9660005569,1.1200000047,0.0000000000,0.0000000000,0.0000000000
2026-10-06 16:50:09,0.3586430072,910.3333129882,137.1333312988,186.6666717529,2.3446667194,216.6666717529,927.0267333984,927.0267333984,927.0267333984,47.0666656494,13.2400016784,3.9000003814,5.8173336982,1.1200000047,0.0000000000,0.0000000000,0.0000000000
2026-10-06 16:55:44,0.3587790966,384.0000000000,108.6666641235,158.1333312988,1.8813332557,275.2666625976,926.9465942382,926.9465942382,926.9465942382,47.7999992370,13.5933332443,4.4266667366,6.0506668090,1.1200000047,0.0000000000,0.0000000000,0.0000000000
2026-10-06 17:01:18,0.3587991952,388.6000061035,126.7333297729,176.1999969482,1.6559998989,253.4666595458,926.8200683593,926.8200683593,926.8200683593,47.3333320617,13.3933315277,4.0933332443,5.9013333320,1.1200000047,0.0000000000,0.0000000000,0.0000000000
2026-10-06 17:06:53,0.3589766263,495.1333312988,124.8000030517,174.2666625976,1.9866664886,229.8666687011,926.7600097656,926.7600097656,926.7600097656,48.2666664123,13.3933343887,4.3866662979,6.0333333015,1.1200000047,0.0000000000,0.0000000000,0.0000000000
2026-10-06 17:12:27,0.3601937532,1060.5999755859,139.0666656494,188.7333374023,2.4620001316,198.9333343505,926.7134399414,926.7134399414,926.7134399414,47.8666648864,13.2866659164,4.1933336257,5.9453330039,1.1200000047,0.0000000000,0.0000000000,0.0000000000
2026-10-06 17:18:01,0.3603052854,384.5333251953,130.3999938964,179.8666687011,2.2166666984,249.1999969482,926.7600708007,926.7600708007,926.7600708007,48.0000000000,13.4599981307,4.3799996376,6.0279998779,1.1200000047,0.0000000000,0.0000000000,0.0000000000
2026-10-06 17:23:36,0.3604792594,9100.3330078125,132.9333343505,182.4666595458,2.5099999904,161.8666687011,926.7200927734,926.7200927734,926.7200927734,48.9333343505,13.1333332061,4.2733330726,5.9873332977,1.1200000047,0.0000000000,0.0000000000,0.0000000000
2026-10-06 17:29:10,0.3607798814,12972.7333984375,108.5333328247,158.0000000000,1.3386666774,138.2666625976,926.6732788085,926.6732788085,926.6732788085,50.4666671752,13.2266664505,4.7866668701,6.2199997901,1.1200000047,0.0000000000,0.0000000000,0.0000000000
2026-10-06 17:34:45,0.3608732461,10854.8662109375,97.0000000000,147.0666656494,1.1560000181,103.7333297729,926.4865112304,926.4865112304,926.4865112304,50.9333343505,13.3000001907,5.0399994850,6.3333334922,1.1200000047,0.0000000000,0.0000000000,0.0000000000
2026-10-06 17:40:19,0.3610140085,9164.1337890625,120.3333358764,170.1333312988,0.8753332138,116.4000015258,926.4266357421,926.4266357421,926.4266357421,50.6666679382,13.2733325958,4.8333334922,6.2413334846,1.1200000047,0.0000000000,0.0000000000,0.0000000000
2026-10-06 17:45:54,0.3608949661,2312.2666015625,125.8000030517,175.2666625976,2.3166666030,117.4666671752,926.4400024414,926.4400024414,926.4400024414,49.7999992370,13.2333345413,4.6333332061,6.1473336219,1.1200000047,0.0000000000,0.0000000000,0.0000000000
2026-10-06 17:51:28,0.3610481977,9829.9335937500,146.5333404541,196.1333312988,2.0153331756,79.0000000000,926.4000244140,926.4000244140,926.4000244140,50.3333320617,13.0666666030,4.5800004005,6.1306672096,1.1200000047,0.0000000000,0.0000000000,0.0000000000
2026-10-06 17:57:23,0.3611898183,3880.6667480468,5.1333332061,8.6666669845,0.1153333306,7.1999998092,66.1733322143,66.1733322143,66.1733322143,3.6666667461,0.9333333015,0.3533333539,0.4506666183,0.0800000095,0.0000000000,0.0000000000,0.0000000000
2026-10-06 18:03:17,0.3612890243,8255.2001953125,13.6666669845,20.7333335876,0.4679999828,11.3333330154,132.3400115966,132.3400115966,132.3400115966,7.5333333015,1.8533332824,0.7266666412,0.9079998970,0.1600000143,0.0000000000,0.0000000000,0.0000000000
2026-10-06 18:09:11,0.3615590572,5163.2001953125,20.2000007629,27.2666664123,0.1759999847,9.2666664123,132.3333282470,132.3333282470,132.3333282470,7.8000001907,1.8333333969,0.7800000190,0.9359999656,0.1600000143,0.0000000000,0.0000000000,0.0000000000
2026-10-06 18:15:06,0.3618531465,4298.5332031250,16.3333339691,23.3999996185,0.2426666736,6.4000000953,132.3200073242,132.3200073242,132.3200073242,7.9333333969,1.8199998855,0.7933332920,0.9420000076,0.1600000143,0.0000000000,0.0000000000,0.0000000000
2026-10-06 18:20:59,0.3620311021,3810.0000000000,25.9333324432,36.5333328247,0.3840000152,5.7333331108,198.4800109863,198.4800109863,198.4800109863,12.1333332061,2.7066664695,1.2266666889,1.4360001087,0.2400000095,0.0000000000,0.0000000000,0.0000000000
2026-10-06 18:26:53,0.3621732950,3040.8000488281,15.7333335876,22.9333324432,0.3513333320,3.3333332538,132.3066711425,132.3066711425,132.3066711425,8.1333332061,1.7999999523,0.8333333015,0.9606666564,0.1600000143,0.0000000000,0.0000000000,0.0000000000
2026-10-06 18:32:48,0.3623729944,2291.4665527343,19.5333328247,26.7333335876,0.3366666793,2.7333333492,132.2866668701,132.2866668701,132.2866668701,8.3333330154,1.7800001144,0.8533333778,0.9733332633,0.1600000143,0.0000000000,0.0000000000,0.0000000000
2026-10-06 18:38:42,0.3625777006,1633.2667236328,14.7333335876,21.9333324432,0.2173333406,2.1333334445,132.2733459472,132.2733459472,132.2733459472,8.4666662216,1.7733333110,0.8866666793,0.9919999122,0.1600000143,0.0000000000,0.0000000000,0.0000000000
2026-10-06 18:44:36,0.3627419233,1039.1999511718,18.0000000000,25.0666675567,0.1606666564,1.5333333015,132.2466583251,132.2466583251,132.2466583251,8.6666669845,1.7666666507,0.9199999809,1.0066666603,0.1600000143,0.0000000000,0.0000000000,0.0000000000
2026-10-06 18:50:31,0.3629475593,609.1333618164,19.0666675567,26.1333332061,0.1679999923,0.9333333015,132.2400054931,132.2400054931,132.2400054931,8.7333335876,1.7599999904,0.9266666412,1.0099999904,0.1600000143,0.0000000000,0.0000000000,0.0000000000
2026-10-06 18:56:25,0.3630618810,321.8666687011,14.4666662216,21.6000003814,0.1606666564,0.4666666507,132.2266693115,132.2266693115,132.2266693115,8.7333335876,1.7466666698,0.9133333206,1.0039999485,0.1600000143,0.0000000000,0.0000000000,0.0000000000
2026-10-06 19:02:18,0.3630560874,145.0666656494,22.7333335876,33.4666671752,0.2366666555,0.4000000000,198.3333282470,198.3333282470,198.3333282470,13.0000000000,2.6266667842,1.3666666746,1.5033333301,0.2400000095,0.0000000000,0.0000000000,0.0000000000
2026-10-06 19:08:10,0.3630260229,53.2666664123,29.1333332061,43.4000015258,0.3379999637,0.3333333492,264.4066772460,264.4066772460,264.4066772460,17.1333332061,3.5000000000,1.7666666507,1.9813331604,0.3200000286,0.0000000000,0.0000000000,0.0000000000
2026-10-06 19:14:03,0.3630420923,17.4666671752,31.3999996185,45.6666679382,0.3720000028,0.2000000000,264.3933410644,264.3933410644,264.3933410644,17.2666664123,3.4933333396,1.7866667747,1.9866665840,0.3200000286,0.0000000000,0.0000000000,0.0000000000
2026-10-06 19:19:53,0.3630810976,5.2666668891,47.5333328247,65.2666702270,0.7313333034,0.1333333373,330.5199890136,330.5199890136,330.5199890136,21.5333328247,4.3666667938,2.2333333492,2.4813332557,0.4000000000,0.0000000000,0.0000000000,0.0000000000
2026-10-06 19:25:46,0.3631158828,1.7333333492,38.7999992370,53.1333351135,0.4166666507,0.1333333373,264.3933410644,264.3933410644,264.3933410644,17.3333339691,3.4800000190,1.7800001144,1.9853332519,0.3200000286,0.0000000000,0.0000000000,0.0000000000
2026-10-06 19:31:38,0.3631222486,0.5333333492,41.2000007629,55.3333320617,0.7880000114,0.0000000000,264.4066772460,264.4066772460,264.4066772460,17.3333339691,3.4733331203,1.7866667747,1.9893332481,0.3200000286,0.0000000000,0.0000000000,0.0000000000
2026-10-06 19:37:31,0.3632010936,0.0000000000,27.0666675567,37.6666679382,0.4366666316,0.0000000000,198.2733459472,198.2733459472,198.2733459472,13.0000000000,2.5999999046,1.3466666936,1.4953332901,0.2400000095,0.0000000000,0.0000000000,0.0000000000
2026-10-06 19:43:24,0.3632105350,0.0000000000,22.0000000000,32.5999984741,0.4386666774,0.0666666698,198.2533416748,198.2533416748,198.2533416748,13.0000000000,2.6133334636,1.3600001335,1.5019999504,0.2400000095,0.0000000000,0.0000000000,0.0000000000
2026-10-06 19:49:16,0.3625839948,0.0000000000,34.0666656494,48.4000015258,0.6000000000,0.0666666698,264.3133544921,264.3133544921,264.3133544921,17.3333339691,3.4866669178,1.8133334159,2.0013334751,0.3200000286,0.0000000000,0.0000000000,0.0000000000
2026-10-06 19:55:08,0.3626981735,0.0000000000,38.1333351135,52.2666664123,0.8826666831,0.0000000000,264.2933349609,264.2933349609,264.2933349609,17.3333339691,3.4800000190,1.8133334159,2.0006666183,0.3200000286,0.0000000000,0.0000000000,0.0000000000
2026-10-06 20:01:02,0.3627993822,0.0000000000,30.3333339691,41.0666656494,0.4946666717,0.0000000000,198.2266693115,198.2266693115,198.2266693115,13.0000000000,2.6066665649,1.3600001335,1.5006665229,0.2400000095,0.0000000000,0.0000000000,0.0000000000
2026-10-06 20:06:55,0.3628837585,0.0000000000,30.7333335876,41.4666671752,0.4806666851,0.0000000000,198.2400054931,198.2400054931,198.2400054931,13.0000000000,2.5999999046,1.3400000333,1.4933333396,0.2400000095,0.0000000000,0.0000000000,0.0000000000
2026-10-06 20:12:48,0.3628809213,0.0000000000,23.3333339691,34.0666656494,0.3013333320,0.0666666698,198.2733459472,198.2733459472,198.2733459472,13.0000000000,2.6133334636,1.3333333730,1.4893333911,0.2400000095,0.0000000000,0.0000000000,0.0000000000
2026-10-06 20:18:40,0.3628610610,0.0000000000,36.7333335876,50.8666648864,0.5799999713,0.0000000000,264.3866577148,264.3866577148,264.3866577148,17.0666675567,3.4733331203,1.7533333301,1.9699998855,0.3200000286,0.0000000000,0.0000000000,0.0000000000
2026-10-06 20:24:33,0.3628593683,0.0000000000,23.0000000000,33.7999992370,0.2573333024,0.0000000000,198.2866668701,198.2866668701,198.2866668701,12.8000001907,2.5999999046,1.2933332920,1.4693332672,0.2400000095,0.0000000000,0.0000000000,0.0000000000
2026-10-06 20:30:25,0.3628541946,0.0000000000,43.7333335876,58.1333351135,0.6633333206,0.0000000000,264.3399963378,264.3399963378,264.3399963378,17.0666675567,3.4666666984,1.7266666889,1.9580000877,0.3200000286,0.0000000000,0.0000000000,0.0000000000
