2026-09-16 10:11:12,0.3633557319,10214.5996093750,246.5333404541,176.9333343505,0.7073332786,455.4666748046,933.9667358398,933.9667358398,933.9667358398,61.9333343505,22.1799983978,16.0933341979,13.4413328170,1.1200000047,0.0000000000,6.6666665077,0.0000000000
2026-09-16 10:16:47,0.3626762866,13891.2666015625,256.9333190917,211.3333282470,1.0573332309,435.0000000000,933.9866943359,933.9866943359,933.9866943359,61.2000007629,22.3199996948,16.0133323669,13.3639993667,1.1200000047,0.0000000000,20.0000000000,0.0000000000
2026-09-16 10:22:21,0.3623883962,15633.0000000000,272.9333190917,106.5999984741,0.9273332595,319.3999938964,934.0599365234,934.0599365234,934.0599365234,60.9333343505,22.6133365631,16.2333335876,13.5493326187,1.1200000047,0.0000000000,23.3333339691,0.0000000000
2026-09-16 10:27:56,0.3634565114,15210.2001953125,245.0666656494,150.5333404541,1.0853332328,464.9333190917,934.0866088867,934.0866088867,934.0866088867,60.0666656494,22.6600017547,16.0599994659,13.3846654891,1.1200000047,0.0000000000,23.4666671752,0.0000000000
2026-09-16 10:33:30,0.3631059169,13870.0664062500,252.5333404541,206.6666717529,0.7533332824,448.6000061035,934.1600341796,934.1600341796,934.1600341796,59.1333351135,22.8466701507,15.9933338165,13.3199987411,1.1200000047,0.0000000000,24.0000000000,0.0000000000
2026-09-16 10:39:05,0.3628464221,7728.6000976562,257.2666625976,163.3999938964,0.8119999885,567.9333496093,934.2865600585,934.2865600585,934.2865600585,58.0666656494,23.2600002288,16.1400012969,13.4360008239,1.1200000047,0.0000000000,24.2666664123,0.0000000000
2026-09-16 10:44:40,0.3619595050,1837.8666992187,282.2000122070,140.2666625976,1.1913334083,631.0666503906,934.3799438476,934.3799438476,934.3799438476,56.8666648864,23.4133358001,16.0200004577,13.3179998397,1.1200000047,0.0000000000,24.2666664123,0.0000000000
2026-09-16 10:50:14,0.3617525577,9258.4003906250,249.0666656494,178.6666717529,0.8653333663,383.3333435058,934.2266845703,934.2266845703,934.2266845703,55.9333343505,23.5199985504,15.8533325195,13.1666660308,1.1200000047,0.0000000000,24.2666664123,0.0000000000
2026-09-16 10:55:49,0.3618313074,8802.2666015625,246.3333282470,127.8000030517,0.6966667175,406.2666625976,934.2532958984,934.2532958984,934.2532958984,56.1333351135,23.4466667175,15.7866678237,13.1006650924,1.1200000047,0.0000000000,24.2666664123,0.0000000000
2026-09-16 11:01:24,0.3620644807,13154.4667968750,268.2000122070,221.7333374023,0.8859998703,288.5333251953,934.2400512695,934.2400512695,934.2400512695,56.3333320617,23.4133338928,15.8600006103,13.1826648712,1.1200000047,0.0000000000,24.2666664123,0.0000000000
2026-09-16 11:06:58,0.3623489379,13151.8662109375,242.6666717529,196.1333312988,0.7820000171,306.6666564941,934.2866821289,934.2866821289,934.2866821289,56.4666671752,23.2666645050,15.7399997711,13.0813322067,1.1200000047,0.0000000000,24.2666664123,0.0000000000
2026-09-16 11:12:33,0.3623341321,16871.9335937500,273.9333190917,155.3999938964,0.8746665954,226.6000061035,934.3466186523,934.3466186523,934.3466186523,56.1333351135,23.2799968719,15.7000007629,13.0333337783,1.1200000047,0.0000000000,24.2666664123,0.0000000000
2026-09-16 11:18:08,0.3657267570,17239.3339843750,250.3333282470,179.8000030517,0.8873331069,224.3999938964,934.4666748046,934.4666748046,934.4666748046,56.1333351135,23.0400009155,15.4600019454,12.8340005874,1.1200000047,0.0000000000,24.2666664123,0.0000000000
2026-09-16 11:23:42,0.3633077621,15526.2666015625,248.5333404541,178.0000000000,0.6313333034,257.1333312988,934.5532836914,934.5532836914,934.5532836914,56.5333328247,22.7733345031,15.3200006484,12.7266674041,1.1200000047,0.0000000000,24.2666664123,0.0000000000
2026-09-16 11:29:17,0.3628250598,16742.5996093750,274.7999877929,204.2666625976,0.8606666564,254.0000000000,934.5999755859,934.5999755859,934.5999755859,57.1333351135,22.6400012969,15.3133344650,12.7219991683,1.1200000047,0.0000000000,23.3333339691,0.0000000000
2026-09-16 11:34:51,0.3625154733,16025.3330078125,262.6000061035,216.1333312988,1.2393333911,263.9333190917,934.6066894531,934.6066894531,934.6066894531,56.2666664123,22.4599990844,14.9333333969,12.4173316955,1.1200000047,0.0000000000,23.3333339691,0.0000000000
2026-09-16 11:40:26,0.3625288009,15590.0000000000,232.6666717529,234.1999969482,1.3200000524,290.7999877929,934.6668090820,934.6668090820,934.6668090820,57.4666671752,22.2799968719,15.0600004196,12.5113334655,1.1200000047,0.0000000000,18.3333339691,0.0000000000
2026-09-16 11:46:01,0.3624751329,16052.2001953125,260.3999938964,213.9333343505,0.9826666831,265.7999877929,934.6600952148,934.6600952148,934.6600952148,57.4000015258,22.2533321380,14.9866676330,12.4666652679,1.1200000047,0.0000000000,11.6666669845,0.0000000000
2026-09-16 11:51:35,0.3624259948,14630.1337890625,239.5333404541,217.0000000000,0.7666666030,302.2000122070,934.7066650390,934.7066650390,934.7066650390,57.6666679382,22.1933345794,15.0600004196,12.5186653137,1.1200000047,0.0000000000,3.3333332538,0.0000000000
2026-09-16 11:57:10,0.3623043537,12770.5996093750,243.8000030517,125.3333358764,0.8179999351,335.0000000000,934.8399658203,934.8399658203,934.8399658203,57.8666648864,22.2333335876,15.1066675186,12.5646657943,1.1200000047,0.0000000000,6.6666665077,0.0000000000
2026-09-16 12:02:45,0.3621483325,11676.3330078125,262.1333312988,191.6666717529,0.8006667137,328.2000122070,934.7999877929,934.7999877929,934.7999877929,57.4666671752,22.3266639709,15.0799999237,12.5426664352,1.1200000047,0.0000000000,23.3333339691,0.0000000000
2026-09-16 12:08:19,0.3617458820,8695.9335937500,252.0666656494,229.5333404541,1.0193333625,467.0000000000,934.8532714843,934.8532714843,934.8532714843,56.0666656494,22.4066677093,14.7933340072,12.2993335723,1.1200000047,0.0000000000,23.3333339691,0.0000000000
2026-09-16 12:13:54,0.3616497278,8019.2666015625,273.5333251953,179.0000000000,0.7580000877,397.5333251953,934.7932128906,934.7932128906,934.7932128906,57.0000000000,22.5733318328,15.1866655349,12.6239995956,1.1200000047,0.0000000000,23.3999996185,0.0000000000
2026-09-16 12:19:29,0.3610412120,4439.0668945312,287.2666625976,96.8000030517,1.1853331375,431.7333374023,934.7467651367,934.7467651367,934.7467651367,55.8666648864,22.8466663360,15.1599998474,12.5873327255,1.1200000047,0.0000000000,24.1333332061,0.0000000000
2026-09-16 12:25:03,0.3611617565,5703.7333984375,256.8666687011,186.3333282470,0.7893332958,363.0666809082,934.6667480468,934.6667480468,934.6667480468,54.4666671752,22.7133312225,14.6666669845,12.1699991226,1.1200000047,0.0000000000,23.9333324432,0.0000000000
2026-09-16 12:30:38,0.3610469818,2108.0666503906,258.6666564941,188.1333312988,1.1259999275,483.7333374023,934.7532958984,934.7532958984,934.7532958984,52.5999984741,22.9800033569,14.4333324432,11.9700002670,1.1200000047,0.0000000000,24.2666664123,0.0000000000
2026-09-16 12:36:12,0.3607960224,1999.8666992187,258.3999938964,163.8666687011,0.9993332862,459.6000061035,934.7467651367,934.7467651367,934.7467651367,53.7333335876,23.1799983978,14.9200010299,12.3593330383,1.1200000047,0.0000000000,24.2666664123,0.0000000000
2026-09-16 12:41:47,0.3607611417,3972.7333984375,289.4666748046,98.9333343505,1.0479999780,390.9333190917,934.6333618164,934.6333618164,934.6333618164,53.6666679382,23.0466670989,14.7800006866,12.2566661834,1.1200000047,0.0000000000,24.2666664123,0.0000000000
2026-09-16 12:47:22,0.3609610795,4276.7998046875,263.3999938964,216.8000030517,1.0106666088,381.8666687011,934.6334228515,934.6334228515,934.6334228515,53.0000000000,23.2599983215,14.7866678237,12.2506666183,1.1200000047,0.0000000000,24.2666664123,0.0000000000
2026-09-16 12:52:56,0.3609568119,2577.6000976562,271.6666564941,201.1999969482,1.1119998693,494.3999938964,934.6133422851,934.6133422851,934.6133422851,53.4666671752,23.2800006866,14.9400005340,12.3879995346,1.1200000047,0.0000000000,24.2666664123,0.0000000000
2026-09-16 12:58:31,0.3606397151,5615.3334960937,247.8000030517,153.2666625976,0.9326665878,374.0666809082,934.5266113281,934.5266113281,934.5266113281,53.2666664123,23.3733348846,15.0000000000,12.4353322982,1.1200000047,0.0000000000,24.2666664123,0.0000000000
2026-09-16 13:04:06,0.3608133316,4288.3999023437,253.8000030517,231.4666595458,1.1506665945,480.7999877929,934.5467529296,934.5467529296,934.5467529296,52.5333328247,23.3666687011,14.8266658782,12.2739992141,1.1200000047,0.0000000000,24.2666664123,0.0000000000
2026-09-16 13:09:40,0.3593966722,2688.6667480468,214.8000030517,137.1999969482,0.8666666030,485.0666809082,801.0133056640,801.0133056640,801.0133056640,45.5333328247,20.2999992370,13.0733337402,10.8193340301,0.9599999427,0.0000000000,20.7999992370,0.0000000000
2026-09-16 13:15:42,0.3592605113,1765.0000000000,20.0000000000,23.5333328247,0.0793333292,36.8666648864,66.7466659545,66.7466659545,66.7466659545,3.7999999523,1.7000000476,1.0933333587,0.9073332786,0.0800000095,0.0000000000,1.7333333492,0.0000000000
2026-09-16 13:21:37,0.3590702772,463.7999877929,21.3999996185,0.9333333015,0.0526666641,39.9333343505,66.7333297729,66.7333297729,66.7333297729,3.8666666030,1.6800000667,1.1000000238,0.9093333244,0.0800000095,0.0000000000,1.7333333492,0.0000000000
2026-09-16 13:27:33,0.3586842536,399.3333435058,17.6666660308,21.2000007629,0.1473333358,46.2666664123,66.7466659545,66.7466659545,66.7466659545,3.6666667461,1.7000000476,1.0533334016,0.8693333625,0.0800000095,0.0000000000,1.7333333492,0.0000000000
2026-09-16 13:33:28,0.3583819627,467.4666748046,16.4666671752,20.0000000000,0.0419999980,33.6666679382,66.7466659545,66.7466659545,66.7466659545,3.7333333492,1.7333333492,1.1066666841,0.9133333206,0.0800000095,0.0000000000,1.7999999523,0.0000000000
2026-09-16 13:39:24,0.3586825132,1174.5999755859,21.6666660308,1.2000000476,0.0919999980,35.8666648864,66.7466659545,66.7466659545,66.7466659545,3.5999999046,1.7133333683,1.0466666221,0.8659999847,0.0800000095,0.0000000000,1.7999999523,0.0000000000
2026-09-16 13:45:19,0.3581446170,384.0000000000,21.2000007629,0.7333333492,0.0806666564,41.0000000000,66.7533340454,66.7533340454,66.7533340454,3.7333333492,1.7333333492,1.1066666841,0.9159999847,0.0800000095,0.0000000000,1.7999999523,0.0000000000
2026-09-16 13:51:15,0.3575188636,384.0000000000,21.3333339691,0.8666666984,0.1160000085,39.7999992370,66.7533340454,66.7533340454,66.7533340454,3.5333333015,1.7666666507,1.0800000381,0.8899999618,0.0800000095,0.0000000000,1.7999999523,0.0000000000
2026-09-16 13:57:10,0.3572484493,384.0000000000,21.2666664123,0.8000000000,0.0573333311,52.6666679382,66.7600021362,66.7600021362,66.7600021362,3.4666666984,1.7800001144,1.0800000381,0.8893333435,0.0800000095,0.0000000000,1.7999999523,0.0000000000
2026-09-16 14:03:06,0.3578318357,426.4666748046,13.6000003814,17.1333332061,0.0946666622,46.7999992370,66.7600021362,66.7600021362,66.7600021362,3.4000000953,1.7599999904,1.0333333015,0.8533332824,0.0800000095,0.0000000000,1.7999999523,0.0000000000
2026-09-16 14:09:01,0.3582824230,385.7999877929,13.8000001907,17.3333339691,0.0466666650,36.9333343505,66.7533340454,66.7533340454,66.7533340454,3.4000000953,1.7400000095,1.0199999809,0.8413332939,0.0800000095,0.0000000000,1.7999999523,0.0000000000
2026-09-16 14:14:57,0.3579087734,384.0000000000,17.0000000000,20.5333328247,0.0286666660,48.0666656494,66.7666702270,66.7666702270,66.7666702270,3.4666666984,1.7599999904,1.0533334016,0.8686666488,0.0800000095,0.0000000000,1.7999999523,0.0000000000
2026-09-16 14:20:52,0.3573549032,1487.2667236328,16.0666675567,19.6000003814,0.0666666698,46.1333351135,66.7666702270,66.7666702270,66.7666702270,3.4000000953,1.7866667747,1.0533334016,0.8686666488,0.0800000095,0.0000000000,1.7999999523,0.0000000000
2026-09-16 14:26:48,0.3587978363,6065.5332031250,17.8666667938,21.3999996185,0.0206666660,24.2000007629,66.7400054931,66.7400054931,66.7400054931,3.4666666984,1.7400000095,1.0333333015,0.8533332824,0.0800000095,0.0000000000,1.7999999523,0.0000000000
2026-09-16 14:32:44,0.3602638483,4683.2001953125,20.9333324432,0.4666666507,0.0833333396,21.6666660308,66.7466659545,66.7466659545,66.7466659545,3.5999999046,1.7066667079,1.0400000810,0.8619998931,0.0800000095,0.0000000000,1.7333333492,0.0000000000
2026-09-16 14:38:39,0.3602658510,4370.0668945312,22.1333332061,1.6666666030,0.0366666674,24.1333332061,66.7600021362,66.7600021362,66.7600021362,3.5999999046,1.7000000476,1.0466666221,0.8673333168,0.0800000095,0.0000000000,1.7333333492,0.0000000000
2026-09-16 14:44:35,0.3601322650,1868.5333251953,17.6666660308,21.2000007629,0.0686666679,29.0000000000,66.7666702270,66.7666702270,66.7666702270,3.5999999046,1.7000000476,1.0333333015,0.8553333282,0.0800000095,0.0000000000,1.7333333492,0.0000000000
2026-09-16 14:50:30,0.3602429628,3939.2666015625,21.6666660308,1.2000000476,0.0446666622,24.4666671752,66.7666702270,66.7666702270,66.7666702270,3.6666667461,1.6933332443,1.0533334016,0.8733332633,0.0800000095,0.0000000000,1.7333333492,0.0000000000
2026-09-16 14:56:26,0.3604848623,2649.3332519531,16.8666667938,20.3999996185,0.0713333225,23.0666675567,66.7600021362,66.7600021362,66.7600021362,3.6666667461,1.6800000667,1.0400000810,0.8579999923,0.0800000095,0.0000000000,1.7333333492,0.0000000000
2026-09-16 15:02:21,0.3601942062,384.0000000000,18.7333335876,22.2666664123,0.0526666641,35.2666664123,66.7600021362,66.7600021362,66.7600021362,3.6666667461,1.6800000667,1.0466666221,0.8640000343,0.0800000095,0.0000000000,1.7333333492,0.0000000000
2026-09-16 15:08:17,0.3596732378,388.9333190917,16.2000007629,19.7333335876,0.1340000033,34.4666671752,66.7533340454,66.7533340454,66.7533340454,3.5333333015,1.6800000667,1.0000000000,0.8279999732,0.0800000095,0.0000000000,1.7333333492,0.0000000000
2026-09-16 15:14:12,0.3596381664,384.0000000000,17.6000003814,21.1333332061,0.2933333396,33.2666664123,66.7600021362,66.7600021362,66.7600021362,3.5333333015,1.6800000667,1.0066666603,0.8326665878,0.0800000095,0.0000000000,1.7333333492,0.0000000000
2026-09-16 15:20:08,0.3588562488,384.0000000000,15.9333333969,19.4666671752,0.0626666641,52.7999992370,66.7600021362,66.7600021362,66.7600021362,3.5333333015,1.7000000476,1.0333333015,0.8546666145,0.0800000095,0.0000000000,1.7333333492,0.0000000000
2026-09-16 15:26:03,0.3588600158,384.0000000000,20.7333335876,0.2666666746,0.0433333349,35.4666671752,66.7333297729,66.7333297729,66.7333297729,3.5999999046,1.7200000286,1.0533334016,0.8713333129,0.0800000095,0.0000000000,1.7999999523,0.0000000000
2026-09-16 15:31:59,0.3587294578,384.0000000000,0.2000000000,3.7333333492,0.0433333349,43.7999992370,66.7466659545,66.7466659545,66.7466659545,3.5333333015,1.7133333683,1.0400000810,0.8613332748,0.0800000095,0.0000000000,1.7999999523,0.0000000000
2026-09-16 15:37:54,0.3584642410,384.0000000000,11.1333332061,14.6666669845,0.0066666660,35.9333343505,66.7333297729,66.7333297729,66.7333297729,3.4666666984,1.7333333492,1.0266667604,0.8486665725,0.0800000095,0.0000000000,1.7999999523,0.0000000000
2026-09-16 15:43:50,0.3585399150,473.7999877929,23.6666660308,3.2000000476,0.0866666698,28.7333335876,66.7266693115,66.7266693115,66.7266693115,3.4000000953,1.7333333492,1.0133333206,0.8360000610,0.0800000095,0.0000000000,1.7999999523,0.0000000000
2026-09-16 15:49:45,0.3590028524,5115.7998046875,15.7333335876,19.2666664123,0.0299999980,23.0666675567,66.7133331298,66.7133331298,66.7133331298,3.4666666984,1.7200000286,1.0133333206,0.8399999618,0.0800000095,0.0000000000,1.7999999523,0.0000000000
2026-09-16 15:55:41,0.3597298145,3423.7333984375,20.7999992370,0.3333333492,0.0586666631,18.0000000000,66.7133331298,66.7133331298,66.7133331298,3.5333333015,1.6800000667,1.0066666603,0.8313332557,0.0800000095,0.0000000000,1.7333333492,0.0000000000
2026-09-16 16:01:36,0.3593459606,895.4000244140,20.3999996185,23.9333324432,0.0726666688,29.4666671752,66.7266693115,66.7266693115,66.7266693115,3.5999999046,1.6933332443,1.0333333015,0.8539999961,0.0800000095,0.0000000000,1.7333333492,0.0000000000
