2026-10-04 04:16:01,0.6128068447,0.0000000000,204.5333404541,134.0000000000,0.4279999732,0.5333333492,930.6867065429,930.6867065429,930.6867065429,73.0000000000,9.4399995803,6.1733326911,7.0019993782,1.1200000047,0.0000000000,0.0000000000,0.0000000000
2026-10-04 04:21:35,0.6113227844,0.0000000000,231.9333343505,65.4666671752,0.4706665992,0.4666666507,930.7467041015,930.7467041015,930.7467041015,73.7333297729,9.3999996185,6.1533327102,6.9873342514,1.1200000047,0.0000000000,0.0000000000,0.0000000000
2026-10-04 04:27:09,0.6099253654,0.0000000000,295.8666687011,81.4000015258,0.4893333435,0.8666666984,930.8267211914,930.8267211914,930.8267211914,73.5333328247,9.4266662597,6.1599988937,6.9926662445,1.1200000047,0.0000000000,0.0000000000,0.0000000000
2026-10-04 04:32:43,0.6084920883,0.0000000000,280.0666809082,65.5333328247,0.3853333473,0.8000000000,930.8600463867,930.8600463867,930.8600463867,73.4666671752,9.4333333969,6.1866664886,6.9993333816,1.1200000047,0.0000000000,0.0000000000,0.0000000000
2026-10-04 04:38:17,0.6095954895,0.0000000000,221.6000061035,127.1333312988,0.1686666584,0.2666666746,930.8265991210,930.8265991210,930.8265991210,73.2666702270,9.3133335113,6.0666666030,6.9440002441,1.1200000047,0.0000000000,0.0000000000,0.0000000000
2026-10-04 04:43:51,0.6117196559,0.0000000000,236.0666656494,97.0666656494,0.1806666564,1.0000000000,997.2133178710,997.2133178710,997.2133178710,79.3333358764,9.8466682434,6.5000000000,7.4400000572,1.2000000476,0.0000000000,0.0000000000,0.0000000000
2026-10-04 04:49:25,0.6143620491,0.0000000000,207.5333404541,89.0000000000,0.2473333358,1.5333333015,930.6531982421,930.6531982421,930.6531982421,74.6666641235,9.0266666412,6.0599999427,6.9333329200,1.1200000047,0.0000000000,0.0000000000,0.0000000000
2026-10-04 04:54:59,0.6165990829,0.0000000000,304.4666748046,65.9333343505,0.3906666278,1.4666666984,930.5401000976,930.5401000976,930.5401000976,75.5333328247,8.9133329391,6.0733332633,6.9626669883,1.1200000047,0.0000000000,0.0000000000,0.0000000000
2026-10-04 05:00:33,0.6188497543,0.0000000000,306.9333190917,44.5333328247,0.5180000305,0.8666666984,930.4199829101,930.4199829101,930.4199829101,76.1999969482,8.7066669464,5.9800000190,6.9113335609,1.1200000047,0.0000000000,0.0000000000,0.0000000000
2026-10-04 05:06:07,0.6203547477,0.0000000000,298.3333435058,36.0000000000,0.5193333625,1.0000000000,930.3532714843,930.3532714843,930.3532714843,76.5333328247,8.7733335494,6.1066665649,6.9766659736,1.1200000047,0.0000000000,0.0000000000,0.0000000000
2026-10-04 05:11:41,0.6227862834,0.0000000000,282.7333374023,44.4000015258,0.3520000219,0.6000000000,930.3332519531,930.3332519531,930.3332519531,76.5333328247,8.6466665267,5.9800014495,6.9133334159,1.1200000047,0.0000000000,0.0000000000,0.0000000000
2026-10-04 05:17:15,0.6259763240,0.0000000000,273.1333312988,130.8666687011,0.2239999771,0.9333333015,930.3332519531,930.3332519531,930.3332519531,76.5999984741,8.4999990463,5.8933334350,6.8753333091,1.1200000047,0.0000000000,0.0000000000,0.0000000000
2026-10-04 05:22:49,0.6287081241,0.0000000000,263.7333374023,73.6666641235,0.3466666698,1.7333333492,930.3399047851,930.3399047851,930.3399047851,78.0000000000,8.5666656494,6.1399993896,7.0006661415,1.1200000047,0.0000000000,0.0000000000,0.0000000000
2026-10-04 05:28:23,0.6318093299,0.0000000000,308.2666625976,70.2666702270,0.3513333320,1.9333333015,930.4001464843,930.4001464843,930.4001464843,78.6666641235,8.5399990081,6.2666668891,7.0626668930,1.1200000047,0.0000000000,0.0000000000,0.0000000000
2026-10-04 05:33:57,0.6357822418,0.0000000000,291.4666748046,28.9333324432,0.3519999504,1.4666666984,930.3865966796,930.3865966796,930.3865966796,79.3333358764,8.5199995040,6.3000001907,7.0873332023,1.1200000047,0.0000000000,0.0000000000,0.0000000000
2026-10-04 05:39:31,0.6385894775,0.0000000000,207.4666595458,113.0000000000,0.2979999732,2.2666666507,930.3267211914,930.3267211914,930.3267211914,79.4666671752,8.5733327865,6.4666666984,7.1726670265,1.1200000047,0.0000000000,0.0000000000,0.0000000000
2026-10-04 05:45:05,0.6409736633,0.0000000000,319.9333190917,37.0666656494,0.4513333320,1.7999999523,996.8132934570,996.8132934570,996.8132934570,86.0000000000,9.3333330154,7.1266651153,7.7819991111,1.2000000476,0.0000000000,0.0000000000,0.0000000000
2026-10-04 05:50:41,0.6435245513,0.0000000000,256.3999938964,10.9333333969,0.5326666355,0.9333333015,797.4465942382,797.4465942382,797.4465942382,68.4666671752,7.5600004196,5.7600007057,6.2606663703,0.9599999427,0.0000000000,0.0000000000,0.0000000000
2026-10-04 05:56:31,0.6457566261,0.0000000000,131.8000030517,9.0000000000,0.3059999704,0.0000000000,398.6733398437,398.6733398437,398.6733398437,33.5999984741,3.6200001239,2.6399998664,3.0033333301,0.4799999713,0.0000000000,0.0000000000,0.0000000000
2026-10-04 06:02:22,0.6484839916,0.0000000000,108.3333358764,6.0000000000,0.2186666488,0.0000000000,332.2200317382,332.2200317382,332.2200317382,28.0000000000,2.9533333778,2.1466667652,2.4800000190,0.4000000000,0.0000000000,0.0000000000,0.0000000000
2026-10-04 06:08:12,0.6502848625,0.0000000000,73.5999984741,22.8666667938,0.1773333311,0.2000000000,398.6000061035,398.6000061035,398.6000061035,33.9333343505,3.5400004386,2.6066665649,2.9933330535,0.4799999713,0.0000000000,0.0000000000,0.0000000000
2026-10-04 06:14:02,0.6527123928,0.0000000000,28.1333332061,21.7999992370,0.1053333282,0.3333333492,332.0933227539,332.0933227539,332.0933227539,28.3333339691,2.9800003051,2.2000000476,2.5119998455,0.4000000000,0.0000000000,0.0000000000,0.0000000000
2026-10-04 06:19:53,0.6551294326,0.0000000000,114.2666702270,12.2666664123,0.1860000038,0.3333333492,332.0266723632,332.0266723632,332.0266723632,28.5333328247,2.9600000381,2.2133333683,2.5120000839,0.4000000000,0.0000000000,0.0000000000,0.0000000000
2026-10-04 06:25:44,0.6570764064,0.0000000000,91.4000015258,13.1999998092,0.1793333148,0.4666666507,332.0267028808,332.0267028808,332.0267028808,28.6666660308,2.9800003051,2.2733333110,2.5439999103,0.4000000000,0.0000000000,0.0000000000,0.0000000000
2026-10-04 06:31:34,0.6583693027,0.0000000000,92.4000015258,17.6666660308,0.1999999904,0.4666666507,398.3733215332,398.3733215332,398.3733215332,34.4000015258,3.6800000667,2.8199998855,3.0993335247,0.4799999713,0.0000000000,0.0000000000,0.0000000000
2026-10-04 06:37:24,0.6599540710,0.0000000000,116.1999969482,17.3999996185,0.1100000023,0.4666666507,398.3666687011,398.3666687011,398.3666687011,34.4000015258,3.6800000667,2.8199998855,3.0946664810,0.4799999713,0.0000000000,0.0000000000,0.0000000000
2026-10-04 06:43:16,0.6613522529,0.3333333492,84.7333297729,26.8666667938,0.0486666679,0.3333333492,265.5933227539,265.5933227539,265.5933227539,22.9333324432,2.4800000190,1.8933333396,2.0726666450,0.3200000286,0.0000000000,0.0000000000,0.0000000000
2026-10-04 06:49:07,0.6625303268,0.6666666984,92.5999984741,14.2666664123,0.1226666688,0.4000000000,332.0133361816,332.0133361816,332.0133361816,28.6000003814,3.1133334636,2.3733332157,2.5906667709,0.4000000000,0.0000000000,0.0000000000,0.0000000000
2026-10-04 06:54:58,0.6650500774,2.5333333015,70.1999969482,16.0666675567,0.1006666541,0.4000000000,331.9933166503,331.9933166503,331.9933166503,28.6000003814,3.1266667842,2.3933334350,2.5986664295,0.4000000000,0.0000000000,0.0000000000,0.0000000000
2026-10-04 07:00:49,0.6684186935,8.1999998092,65.8666687011,35.5333328247,0.1220000028,0.2666666746,331.9533081054,331.9533081054,331.9533081054,28.3333339691,3.0999999046,2.3333332538,2.5740001201,0.4000000000,0.0000000000,0.0000000000,0.0000000000
2026-10-04 07:06:40,0.6685047626,23.7333335876,102.6666641235,48.4666671752,0.1019999980,0.4666666507,332.0133361816,332.0133361816,332.0133361816,28.3333339691,3.0800001621,2.3199999332,2.5673332214,0.4000000000,0.0000000000,0.0000000000,0.0000000000
2026-10-04 07:12:30,0.6662919998,48.7999992370,95.7333297729,41.4666671752,0.2026666641,1.0000000000,332.0333251953,332.0333251953,332.0333251953,28.2000007629,3.0399999618,2.2599999904,2.5326664447,0.4000000000,0.0000000000,0.0000000000,0.0000000000
2026-10-04 07:18:21,0.6643760681,138.0666656494,101.4666671752,71.1999969482,0.1446666622,1.2000000476,332.0400085449,332.0400085449,332.0400085449,28.3333339691,3.0000000000,2.2200000286,2.5146667957,0.4000000000,0.0000000000,0.0000000000,0.0000000000
