2026-10-04 22:16:13,0.3642382860,0.0000000000,0.0000000000,0.0000000000,0.0000000000,0.0000000000,0.0000000000,0.0000000000,0.0000000000,0.0000000000,0.0000000000,0.0000000000,0.0000000000,0.0000000000,0.0000000000,0.0000000000,0.0000000000
2026-10-04 22:21:47,0.3641873598,0.0000000000,0.0000000000,0.0000000000,0.0000000000,0.0000000000,0.0000000000,0.0000000000,0.0000000000,0.0000000000,0.0000000000,0.0000000000,0.0000000000,0.0000000000,0.0000000000,0.0000000000,0.0000000000
2026-10-04 22:27:21,0.3642102718,0.0000000000,0.0000000000,0.0000000000,0.0000000000,0.0000000000,0.0000000000,0.0000000000,0.0000000000,0.0000000000,0.0000000000,0.0000000000,0.0000000000,0.0000000000,0.0000000000,0.0000000000,0.0000000000
2026-10-04 22:32:56,0.3642520427,0.0000000000,0.0000000000,0.0000000000,0.0000000000,0.0000000000,0.0000000000,0.0000000000,0.0000000000,0.0000000000,0.0000000000,0.0000000000,0.0000000000,0.0000000000,0.0000000000,0.0000000000,0.0000000000
2026-10-04 22:38:30,0.3643119812,0.0000000000,0.0000000000,0.0000000000,0.0000000000,0.0000000000,0.0000000000,0.0000000000,0.0000000000,0.0000000000,0.0000000000,0.0000000000,0.0000000000,0.0000000000,0.0000000000,0.0000000000,0.0000000000
2026-10-04 22:44:04,0.3643189430,0.0000000000,0.0000000000,0.0000000000,0.0000000000,0.0000000000,0.0000000000,0.0000000000,0.0000000000,0.0000000000,0.0000000000,0.0000000000,0.0000000000,0.0000000000,0.0000000000,0.0000000000,0.0000000000
2026-10-04 22:49:39,0.3643019676,0.0000000000,0.0000000000,0.0000000000,0.0000000000,0.0000000000,0.0000000000,0.0000000000,0.0000000000,0.0000000000,0.0000000000,0.0000000000,0.0000000000,0.0000000000,0.0000000000,0.0000000000,0.0000000000
2026-10-04 22:55:13,0.3644011497,0.0000000000,0.0000000000,0.0000000000,0.0000000000,0.0000000000,0.0000000000,0.0000000000,0.0000000000,0.0000000000,0.0000000000,0.0000000000,0.0000000000,0.0000000000,0.0000000000,0.0000000000,0.0000000000
2026-10-04 23:00:47,0.3644804477,0.0000000000,0.0000000000,0.0000000000,0.0000000000,0.0000000000,0.0000000000,0.0000000000,0.0000000000,0.0000000000,0.0000000000,0.0000000000,0.0000000000,0.0000000000,0.0000000000,0.0000000000,0.0000000000
2026-10-04 23:06:22,0.3645689249,0.0000000000,0.0000000000,0.0000000000,0.0000000000,0.0000000000,0.0000000000,0.0000000000,0.0000000000,0.0000000000,0.0000000000,0.0000000000,0.0000000000,0.0000000000,0.0000000000,0.0000000000,0.0000000000
2026-10-04 23:11:56,0.3647029638,0.0000000000,0.0000000000,0.0000000000,0.0000000000,0.0000000000,0.0000000000,0.0000000000,0.0000000000,0.0000000000,0.0000000000,0.0000000000,0.0000000000,0.0000000000,0.0000000000,0.0000000000,0.0000000000
2026-10-04 23:17:31,0.3647094011,0.0000000000,0.0000000000,0.0000000000,0.0000000000,0.0000000000,0.0000000000,0.0000000000,0.0000000000,0.0000000000,0.0000000000,0.0000000000,0.0000000000,0.0000000000,0.0000000000,0.0000000000,0.0000000000
2026-10-04 23:23:05,0.3647781610,0.0000000000,0.0000000000,0.0000000000,0.0000000000,0.0000000000,0.0000000000,0.0000000000,0.0000000000,0.0000000000,0.0000000000,0.0000000000,0.0000000000,0.0000000000,0.0000000000,0.0000000000,0.0000000000
2026-10-04 23:28:39,0.3648077249,0.0000000000,0.0000000000,0.0000000000,0.0000000000,0.0000000000,0.0000000000,0.0000000000,0.0000000000,0.0000000000,0.0000000000,0.0000000000,0.0000000000,0.0000000000,0.0000000000,0.0000000000,0.0000000000
2026-10-04 23:34:13,0.3649287223,0.0000000000,0.0000000000,0.0000000000,0.0000000000,0.0000000000,0.0000000000,0.0000000000,0.0000000000,0.0000000000,0.0000000000,0.0000000000,0.0000000000,0.0000000000,0.0000000000,0.0000000000,0.0000000000
2026-10-04 23:39:48,0.3651519298,0.0000000000,0.0000000000,0.0000000000,0.0000000000,0.0000000000,0.0000000000,0.0000000000,0.0000000000,0.0000000000,0.0000000000,0.0000000000,0.0000000000,0.0000000000,0.0000000000,0.0000000000,0.0000000000
2026-10-04 23:45:22,0.3645203590,0.0000000000,0.0000000000,0.0000000000,0.0000000000,0.0000000000,0.0000000000,0.0000000000,0.0000000000,0.0000000000,0.0000000000,0.0000000000,0.0000000000,0.0000000000,0.0000000000,0.0000000000,0.0000000000
2026-10-04 23:50:56,0.3644887208,0.0000000000,0.0000000000,0.0000000000,0.0000000000,0.0000000000,0.0000000000,0.0000000000,0.0000000000,0.0000000000,0.0000000000,0.0000000000,0.0000000000,0.0000000000,0.0000000000,0.0000000000,0.0000000000
2026-10-04 23:56:47,0.3644201517,0.0000000000,0.0000000000,0.0000000000,0.0000000000,0.0000000000,0.0000000000,0.0000000000,0.0000000000,0.0000000000,0.0000000000,0.0000000000,0.0000000000,0.0000000000,0.0000000000,0.0000000000,0.0000000000
2026-10-05 00:02:38,0.3643217086,0.0000000000,79.6666641235,97.4666671752,0.6479999542,0.0666666698,330.6400146484,330.6400146484,330.6400146484,23.0000000000,4.5000000000,2.6666667461,2.7086665630,0.4000000000,0.0000000000,0.0000000000,0.0000000000
2026-10-05 00:08:29,0.3643767356,0.0000000000,72.5333328247,90.1999969482,0.5213333129,0.0000000000,330.6199951171,330.6199951171,330.6199951171,23.0000000000,4.4533333778,2.6133334636,2.6859998703,0.4000000000,0.0000000000,0.0000000000,0.0000000000
2026-10-05 00:14:20,0.3644263982,0.0000000000,74.5333328247,92.1999969482,0.5199999809,0.0000000000,330.6000061035,330.6000061035,330.6000061035,22.6666660308,4.4333333969,2.5533332824,2.6519999504,0.4000000000,0.0000000000,0.0000000000,0.0000000000
2026-10-05 00:20:11,0.3643978834,0.0000000000,76.7333297729,94.4666671752,0.5026666641,0.0000000000,330.5733337402,330.5733337402,330.5733337402,22.6666660308,4.4066667556,2.5266664028,2.6339998245,0.4000000000,0.0000000000,0.0000000000,0.0000000000
2026-10-05 00:26:02,0.3644571065,0.0000000000,76.3333358764,94.0000000000,0.4366665840,0.0000000000,330.5867004394,330.5867004394,330.5867004394,22.7333335876,4.4000000953,2.5333333015,2.6393332481,0.4000000000,0.0000000000,0.0000000000,0.0000000000
2026-10-05 00:31:53,0.3645334482,0.0000000000,79.1333312988,96.8000030517,0.5313333511,0.0000000000,330.5800170898,330.5800170898,330.5800170898,23.0000000000,4.3733334541,2.5533332824,2.6519999504,0.4000000000,0.0000000000,0.0000000000,0.0000000000
2026-10-05 00:37:44,0.3646794319,0.0000000000,76.7333297729,94.4000015258,0.5206666946,0.0000000000,330.5933227539,330.5933227539,330.5933227539,23.4666671752,4.3333334922,2.6133334636,2.6879999637,0.4000000000,0.0000000000,0.0000000000,0.0000000000
2026-10-05 00:43:36,0.3652625322,0.0000000000,63.0666656494,77.2666702270,0.2866666793,0.0000000000,264.4800109863,264.4800109863,264.4800109863,19.1333332061,3.4333333969,2.1266665458,2.1726663112,0.3200000286,0.0000000000,0.0000000000,0.0000000000
2026-10-05 00:49:28,0.3665888786,0.0000000000,55.2000007629,69.3333358764,0.2959999847,0.0666666698,264.4666748046,264.4666748046,264.4666748046,19.5333328247,3.3866667747,2.1600000858,2.1940000057,0.3200000286,0.0000000000,0.0000000000,0.0000000000
2026-10-05 00:55:20,0.3666334152,0.0000000000,59.9333343505,74.0666656494,0.2140000104,0.0666666698,264.4533386230,264.4533386230,264.4533386230,19.7333335876,3.3466668128,2.1600000858,2.1933333873,0.3200000286,0.0000000000,0.0000000000,0.0000000000
2026-10-05 01:01:11,0.3667500257,0.0000000000,75.4666671752,93.1333312988,0.4546666622,0.0666666698,330.5866394042,330.5866394042,330.5866394042,24.6666660308,4.1466670036,2.6733331680,2.7266664505,0.4000000000,0.0000000000,0.0000000000,0.0000000000
2026-10-05 01:07:02,0.3666789054,0.0000000000,70.4666671752,88.1333312988,0.4073333263,0.2000000000,330.5799865722,330.5799865722,330.5799865722,24.6666660308,4.1066665649,2.6466667652,2.7133331298,0.4000000000,0.0000000000,0.0000000000,0.0000000000
2026-10-05 01:12:53,0.3666453599,0.0000000000,73.4666671752,91.1333312988,0.4153333187,0.1333333373,330.5733337402,330.5733337402,330.5733337402,24.7999992370,4.0666666030,2.6333334445,2.7033333778,0.4000000000,0.0000000000,0.0000000000,0.0000000000
2026-10-05 01:18:44,0.3667497396,0.0000000000,72.4000015258,90.0666656494,0.2940000057,0.1333333373,330.5933227539,330.5933227539,330.5933227539,25.0000000000,4.0266666412,2.6199998855,2.6986663341,0.4000000000,0.0000000000,0.0000000000,0.0000000000
2026-10-05 01:24:34,0.3669228792,0.0000000000,77.5999984741,95.2666702270,0.2753333091,0.0000000000,330.5933227539,330.5933227539,330.5933227539,25.1333332061,3.9733338356,2.5999999046,2.6906666755,0.4000000000,0.0000000000,0.0000000000,0.0000000000
2026-10-05 01:30:25,0.3671683073,0.0000000000,77.4666671752,95.2666702270,0.2240000009,0.0000000000,330.5799865722,330.5799865722,330.5799865722,25.3333339691,3.9466667175,2.5999999046,2.6879999637,0.4000000000,0.0000000000,0.0000000000,0.0000000000
