2026-09-30 10:14:56,0.3647603034,14783.0000000000,0.0000000000,0.0000000000,0.0000000000,0.0000000000,0.0000000000,0.0000000000,0.0000000000,0.0000000000,0.0000000000,0.0000000000,0.0000000000,0.0000000000,0.0000000000,0.0000000000,0.0000000000
2026-09-30 10:20:29,0.3649145603,13170.0000000000,0.0000000000,0.0000000000,0.0000000000,0.0000000000,0.0000000000,0.0000000000,0.0000000000,0.0000000000,0.0000000000,0.0000000000,0.0000000000,0.0000000000,0.0000000000,0.0000000000,0.0000000000
2026-09-30 10:26:03,0.3650641441,12944.2666015625,0.0000000000,0.0000000000,0.0000000000,0.0000000000,0.0000000000,0.0000000000,0.0000000000,0.0000000000,0.0000000000,0.0000000000,0.0000000000,0.0000000000,0.0000000000,0.0000000000,0.0000000000
2026-09-30 10:31:36,0.3650807857,13818.7998046875,0.0000000000,0.0000000000,0.0000000000,0.0000000000,0.0000000000,0.0000000000,0.0000000000,0.0000000000,0.0000000000,0.0000000000,0.0000000000,0.0000000000,0.0000000000,0.0000000000,0.0000000000
2026-09-30 10:37:10,0.3650654792,15047.1337890625,0.0000000000,0.0000000000,0.0000000000,0.0000000000,0.0000000000,0.0000000000,0.0000000000,0.0000000000,0.0000000000,0.0000000000,0.0000000000,0.0000000000,0.0000000000,0.0000000000,0.0000000000
2026-09-30 10:42:44,0.3648875713,16604.0664062500,0.0000000000,0.0000000000,0.0000000000,0.0000000000,0.0000000000,0.0000000000,0.0000000000,0.0000000000,0.0000000000,0.0000000000,0.0000000000,0.0000000000,0.0000000000,0.0000000000,0.0000000000
2026-09-30 10:48:18,0.3649893999,15701.7333984375,0.0000000000,0.0000000000,0.0000000000,0.0000000000,0.0000000000,0.0000000000,0.0000000000,0.0000000000,0.0000000000,0.0000000000,0.0000000000,0.0000000000,0.0000000000,0.0000000000,0.0000000000
2026-09-30 10:53:53,0.3648235321,13936.4667968750,0.0000000000,0.0000000000,0.0000000000,0.0000000000,0.0000000000,0.0000000000,0.0000000000,0.0000000000,0.0000000000,0.0000000000,0.0000000000,0.0000000000,0.0000000000,0.0000000000,0.0000000000
2026-09-30 10:59:26,0.3645216226,15040.7333984375,0.0000000000,0.0000000000,0.0000000000,0.0000000000,0.0000000000,0.0000000000,0.0000000000,0.0000000000,0.0000000000,0.0000000000,0.0000000000,0.0000000000,0.0000000000,0.0000000000,0.0000000000
2026-09-30 11:05:00,0.3642188072,12780.5996093750,0.0000000000,0.0000000000,0.0000000000,0.0000000000,0.0000000000,0.0000000000,0.0000000000,0.0000000000,0.0000000000,0.0000000000,0.0000000000,0.0000000000,0.0000000000,0.0000000000,0.0000000000
2026-09-30 11:10:33,0.3647938728,5550.6665039062,0.0000000000,0.0000000000,0.0000000000,0.0000000000,0.0000000000,0.0000000000,0.0000000000,0.0000000000,0.0000000000,0.0000000000,0.0000000000,0.0000000000,0.0000000000,0.0000000000,0.0000000000
2026-09-30 11:16:08,0.3650493383,13842.2001953125,0.0000000000,0.0000000000,0.0000000000,0.0000000000,0.0000000000,0.0000000000,0.0000000000,0.0000000000,0.0000000000,0.0000000000,0.0000000000,0.0000000000,0.0000000000,0.0000000000,0.0000000000
2026-09-30 11:21:41,0.3651763200,16853.0000000000,0.0000000000,0.0000000000,0.0000000000,0.0000000000,0.0000000000,0.0000000000,0.0000000000,0.0000000000,0.0000000000,0.0000000000,0.0000000000,0.0000000000,0.0000000000,0.0000000000,0.0000000000
2026-09-30 11:27:14,0.3651361227,17224.0664062500,0.0000000000,0.0000000000,0.0000000000,0.0000000000,0.0000000000,0.0000000000,0.0000000000,0.0000000000,0.0000000000,0.0000000000,0.0000000000,0.0000000000,0.0000000000,0.0000000000,0.0000000000
2026-09-30 11:32:49,0.3651707410,17115.6660156250,0.0000000000,0.0000000000,0.0000000000,0.0000000000,0.0000000000,0.0000000000,0.0000000000,0.0000000000,0.0000000000,0.0000000000,0.0000000000,0.0000000000,0.0000000000,0.0000000000,0.0000000000
2026-09-30 11:38:23,0.3650225162,16545.7324218750,0.0000000000,0.0000000000,0.0000000000,0.0000000000,0.0000000000,0.0000000000,0.0000000000,0.0000000000,0.0000000000,0.0000000000,0.0000000000,0.0000000000,0.0000000000,0.0000000000,0.0000000000
2026-09-30 11:43:57,0.3649677276,15142.0664062500,0.0000000000,0.0000000000,0.0000000000,0.0000000000,0.0000000000,0.0000000000,0.0000000000,0.0000000000,0.0000000000,0.0000000000,0.0000000000,0.0000000000,0.0000000000,0.0000000000,0.0000000000
2026-09-30 11:49:30,0.3648199081,16437.7324218750,0.0000000000,0.0000000000,0.0000000000,0.0000000000,0.0000000000,0.0000000000,0.0000000000,0.0000000000,0.0000000000,0.0000000000,0.0000000000,0.0000000000,0.0000000000,0.0000000000,0.0000000000
2026-09-30 11:55:25,0.3647278547,13463.8662109375,0.0000000000,0.0000000000,0.0000000000,0.0000000000,0.0000000000,0.0000000000,0.0000000000,0.0000000000,0.0000000000,0.0000000000,0.0000000000,0.0000000000,0.0000000000,0.0000000000,0.0000000000
2026-09-30 12:01:20,0.3643710851,15693.0000000000,4.8666667938,8.3999996185,0.0659999942,21.1333332061,66.1333312988,66.1333312988,66.1333312988,5.0000000000,1.3200000524,1.0199999809,0.8573332786,0.0800000095,0.0000000000,0.0000000000,0.0000000000
2026-09-30 12:07:14,0.3645505666,14347.2001953125,18.8666667938,25.9333324432,0.3239999771,29.0000000000,132.2533416748,132.2533416748,132.2533416748,9.8666667938,2.6400001049,2.0000000000,1.6893333435,0.1600000143,0.0000000000,0.0000000000,0.0000000000
2026-09-30 12:13:09,0.3647110700,15455.4667968750,12.3333330154,15.8666667938,0.0866666698,13.1333332061,66.1333312988,66.1333312988,66.1333312988,4.9333333969,1.3200000524,1.0066666603,0.8466666221,0.0800000095,0.0000000000,0.0000000000,0.0000000000
2026-09-30 12:19:05,0.3646408319,16832.9335937500,3.9333333969,7.4666666984,0.1246666669,15.6000003814,66.1200027465,66.1200027465,66.1200027465,4.9333333969,1.3066667318,0.9933334350,0.8380000114,0.0800000095,0.0000000000,0.0000000000,0.0000000000
2026-09-30 12:25:00,0.3645212411,14814.2001953125,7.5333333015,11.0666666030,0.1526666641,15.0000000000,66.1200027465,66.1200027465,66.1200027465,4.8666667938,1.3266665935,1.0000000000,0.8420000076,0.0800000095,0.0000000000,0.0000000000,0.0000000000
2026-09-30 12:30:56,0.3644366264,15565.7333984375,15.5333337783,19.0666675567,0.0553333282,13.9333333969,66.1266708374,66.1266708374,66.1266708374,4.8666667938,1.3400000333,1.0133333206,0.8526666641,0.0800000095,0.0000000000,0.0000000000,0.0000000000
2026-09-30 12:36:51,0.3644213676,15638.0664062500,6.6666665077,10.1999998092,0.0853333377,14.5333337783,66.1266708374,66.1266708374,66.1266708374,4.8000001907,1.3466666936,1.0066666603,0.8459999084,0.0800000095,0.0000000000,0.0000000000,0.0000000000
2026-09-30 12:42:47,0.3640836715,12921.7333984375,10.5333337783,14.0666666030,0.1160000085,18.0666675567,66.1266708374,66.1266708374,66.1266708374,4.7333331108,1.3466666936,1.0000000000,0.8399999618,0.0800000095,0.0000000000,0.0000000000,0.0000000000
2026-09-30 12:48:42,0.3639090538,6732.8666992187,10.6000003814,14.1333332061,0.2379999876,20.2666664123,66.1266708374,66.1266708374,66.1266708374,4.8000001907,1.3533333539,1.0133333206,0.8513333320,0.0800000095,0.0000000000,0.0000000000,0.0000000000
2026-09-30 12:54:38,0.3635132551,3775.2666015625,9.5333337783,13.0666666030,0.0859999942,25.6666660308,66.1066665649,66.1066665649,66.1066665649,4.8000001907,1.3600000143,1.0199999809,0.8560000419,0.0800000095,0.0000000000,0.0000000000,0.0000000000
2026-09-30 13:00:33,0.3634469985,4805.2666015625,8.4666662216,12.0000000000,0.1073333263,24.1333332061,66.1133346557,66.1133346557,66.1133346557,4.8000001907,1.3733333349,1.0266667604,0.8633333206,0.0800000095,0.0000000000,0.0000000000,0.0000000000
2026-09-30 13:06:29,0.3632683992,1443.8666992187,7.1999998092,10.7333335876,0.0333333349,26.0000000000,66.1133346557,66.1133346557,66.1133346557,4.7333331108,1.3799999952,1.0266667604,0.8599999427,0.0800000095,0.0000000000,0.0000000000,0.0000000000
2026-09-30 13:12:25,0.3626893997,2909.5334472656,7.4000000953,10.9333333969,0.1346666693,26.6666660308,66.1133346557,66.1133346557,66.1133346557,4.7333331108,1.4200000762,1.0533334016,0.8853332519,0.0800000095,0.0000000000,0.0000000000,0.0000000000
2026-09-30 13:18:20,0.3628102302,1306.4000244140,9.5333337783,13.0666666030,0.1779999828,26.6000003814,66.0999984741,66.0999984741,66.0999984741,4.5999999046,1.3999999809,1.0199999809,0.8546666145,0.0800000095,0.0000000000,0.0000000000,0.0000000000
2026-09-30 13:24:16,0.3625343322,3088.1999511718,5.4000000953,8.9333333969,0.1333333373,30.5333328247,66.0999984741,66.0999984741,66.0999984741,4.6666665077,1.4266666412,1.0466666221,0.8780000686,0.0800000095,0.0000000000,0.0000000000,0.0000000000
2026-09-30 13:30:11,0.3619876384,4857.7998046875,7.0000000000,10.5333337783,0.1000000000,25.5333328247,66.0999984741,66.0999984741,66.0999984741,4.5999999046,1.4333333015,1.0466666221,0.8753334045,0.0800000095,0.0000000000,0.0000000000,0.0000000000
2026-09-30 13:36:07,0.3620667219,15183.7333984375,8.9333333969,12.4666662216,0.0619999980,21.3333339691,66.1066665649,66.1066665649,66.1066665649,4.5333333015,1.4466667175,1.0466666221,0.8766666412,0.0800000095,0.0000000000,0.0000000000,0.0000000000
2026-09-30 13:42:02,0.3625063657,13276.5332031250,15.3999996185,18.9333324432,0.0633333301,15.0666666030,66.0999984741,66.0999984741,66.0999984741,4.5999999046,1.4266666412,1.0333333015,0.8659999847,0.0800000095,0.0000000000,0.0000000000,0.0000000000
2026-09-30 13:47:58,0.3621764659,3392.3332519531,9.3999996185,12.9333333969,0.0740000009,23.6666660308,66.0999984741,66.0999984741,66.0999984741,4.5333333015,1.4266666412,1.0266667604,0.8613332748,0.0800000095,0.0000000000,0.0000000000,0.0000000000
2026-09-30 13:53:53,0.3618279695,1549.0666503906,9.6666669845,13.1999998092,0.0659999942,29.7333335876,66.0933380126,66.0933380126,66.0933380126,4.5333333015,1.4466667175,1.0533334016,0.8806666374,0.0800000095,0.0000000000,0.0000000000,0.0000000000
2026-09-30 13:59:49,0.3616301059,1079.5333251953,9.7333335876,13.2666664123,0.1913333129,29.0666675567,66.0866622924,66.0866622924,66.0866622924,4.4666666984,1.4599999427,1.0400000810,0.8699999809,0.0800000095,0.0000000000,0.0000000000,0.0000000000
2026-09-30 14:05:44,0.3616755962,917.0000000000,10.3999996185,13.9333333969,0.2406666517,32.4666671752,66.0800018310,66.0800018310,66.0800018310,4.4666666984,1.4533333778,1.0266667604,0.8606666564,0.0800000095,0.0000000000,0.0000000000,0.0000000000
2026-09-30 14:11:40,0.3616630792,6214.8666992187,8.0666666030,11.6000003814,0.1599999904,25.9333324432,66.0800018310,66.0800018310,66.0800018310,4.4666666984,1.4733333587,1.0466666221,0.8766666412,0.0800000095,0.0000000000,0.0000000000,0.0000000000
2026-09-30 14:17:35,0.3618676424,8499.7998046875,5.7333331108,9.2666664123,0.0726666688,20.8666667938,66.0733337402,66.0733337402,66.0733337402,4.5333333015,1.4866667747,1.0800000381,0.9026666641,0.0800000095,0.0000000000,0.0000000000,0.0000000000
2026-09-30 14:23:31,0.3619058609,15844.0000000000,8.1999998092,11.7333335876,0.0573333311,18.6000003814,66.0666656494,66.0666656494,66.0666656494,4.5333333015,1.4933333396,1.0800000381,0.9033332824,0.0800000095,0.0000000000,0.0000000000,0.0000000000
2026-09-30 14:29:26,0.3621463298,14523.0664062500,6.4666666984,10.0000000000,0.0726666688,15.6666669845,66.0533294677,66.0533294677,66.0533294677,4.4666666984,1.4866667747,1.0733333826,0.8946666717,0.0800000095,0.0000000000,0.0000000000,0.0000000000
2026-09-30 14:35:22,0.3623713493,12516.3330078125,8.0000000000,11.5333337783,0.0686666679,12.6000003814,66.0400009155,66.0400009155,66.0400009155,4.4000000953,1.4866667747,1.0533334016,0.8800000190,0.0800000095,0.0000000000,0.0000000000,0.0000000000
2026-09-30 14:41:17,0.3624650239,12002.7998046875,10.6000003814,14.1333332061,0.1753333187,11.0666666030,66.0400009155,66.0400009155,66.0400009155,4.4666666984,1.4866667747,1.0666667222,0.8933333396,0.0800000095,0.0000000000,0.0000000000,0.0000000000
2026-09-30 14:47:13,0.3625689506,11102.3330078125,11.8666667938,15.3999996185,0.0353333330,10.6000003814,66.0400009155,66.0400009155,66.0400009155,4.4666666984,1.4800000190,1.0666667222,0.8913333892,0.0800000095,0.0000000000,0.0000000000,0.0000000000
2026-09-30 14:53:08,0.3639696836,9609.5332031250,6.8000001907,10.3333330154,0.0346666622,9.6666669845,66.0400009155,66.0400009155,66.0400009155,4.4666666984,1.4866667747,1.0666667222,0.8920000076,0.0800000095,0.0000000000,0.0000000000,0.0000000000
2026-09-30 14:59:04,0.3639897346,10091.5996093750,9.5333337783,13.0666666030,0.1199999923,8.4666662216,66.0333328247,66.0333328247,66.0333328247,4.4000000953,1.4800000190,1.0466666221,0.8746665954,0.0800000095,0.0000000000,0.0000000000,0.0000000000
2026-09-30 15:04:59,0.3639804363,11019.7998046875,10.3999996185,13.9333333969,0.2086666584,9.3999996185,66.0466690063,66.0466690063,66.0466690063,4.4666666984,1.4533333778,1.0266667604,0.8586666107,0.0800000095,0.0000000000,0.0000000000,0.0000000000
2026-09-30 15:10:54,0.3639391660,10852.6669921875,19.8666667938,26.9333324432,0.2840000152,19.8666667938,132.0733337402,132.0733337402,132.0733337402,8.9333333969,2.9133334159,2.0600001811,1.7259999275,0.1600000143,0.0000000000,0.0000000000,0.0000000000
2026-09-30 15:16:47,0.3639025211,12630.5996093750,18.3999996185,25.4666671752,0.2240000009,20.0666675567,132.0800018310,132.0800018310,132.0800018310,8.9333333969,2.9066665649,2.0533332824,1.7206666469,0.1600000143,0.0000000000,0.0000000000,0.0000000000
2026-09-30 15:22:43,0.3637559890,14861.7333984375,9.8000001907,13.3333330154,0.1486666679,12.1999998092,66.0400009155,66.0400009155,66.0400009155,4.4000000953,1.4533333778,1.0199999809,0.8520000457,0.0800000095,0.0000000000,0.0000000000,0.0000000000
2026-09-30 15:28:39,0.3636504173,15147.0000000000,9.5333337783,13.0666666030,0.1779999828,13.0666666030,66.0466690063,66.0466690063,66.0466690063,4.4000000953,1.4466667175,1.0133333206,0.8479999542,0.0800000095,0.0000000000,0.0000000000,0.0000000000
2026-09-30 15:34:34,0.3636126995,13376.3330078125,8.9333333969,12.4666662216,0.1480000019,12.1333332061,66.0400009155,66.0400009155,66.0400009155,4.4000000953,1.4533333778,1.0199999809,0.8533332824,0.0800000095,0.0000000000,0.0000000000,0.0000000000
2026-09-30 15:40:30,0.3635772228,12844.8662109375,11.3333330154,14.8666667938,0.2299999952,11.3999996185,66.0400009155,66.0400009155,66.0400009155,4.3333334922,1.4599999427,1.0199999809,0.8520000457,0.0800000095,0.0000000000,0.0000000000,0.0000000000
2026-09-30 15:46:25,0.3635387420,12760.8662109375,10.4666662216,14.0000000000,0.0519999980,11.6666669845,66.0400009155,66.0400009155,66.0400009155,4.4000000953,1.4533333778,1.0133333206,0.8506666183,0.0800000095,0.0000000000,0.0000000000,0.0000000000
2026-09-30 15:52:21,0.3635008573,12988.4667968750,10.7333335876,14.2666664123,0.1519999980,11.3999996185,66.0400009155,66.0400009155,66.0400009155,4.4000000953,1.4666666984,1.0266667604,0.8566666603,0.0800000095,0.0000000000,0.0000000000,0.0000000000
2026-09-30 15:58:16,0.3633963108,17037.0664062500,8.9333333969,12.4666662216,0.1266666650,13.1333332061,66.0466690063,66.0466690063,66.0466690063,4.4000000953,1.4666666984,1.0266667604,0.8593332290,0.0800000095,0.0000000000,0.0000000000,0.0000000000
2026-09-30 16:04:12,0.3632303714,14321.8662109375,9.8000001907,13.3333330154,0.1406666660,15.3333330154,66.0466690063,66.0466690063,66.0466690063,4.4000000953,1.4666666984,1.0199999809,0.8553333282,0.0800000095,0.0000000000,0.0000000000,0.0000000000
