2026-08-26 17:02:13,0.3607236862,459.6666564941,88.0666656494,137.5333404541,1.6519999504,329.2666625976,923.0733032226,923.0733032226,923.0733032226,55.0000000000,23.4666690826,15.5133342742,12.8573322296,1.1200000047,0.0000000000,24.2666664123,0.0000000000
2026-08-26 17:07:48,0.3607228040,384.0000000000,68.1999969482,117.6666641235,1.5886666774,345.4666748046,923.0799560546,923.0799560546,923.0799560546,55.3333320617,23.3800010681,15.5666675567,12.9246683120,1.1200000047,0.0000000000,24.2666664123,0.0000000000
2026-08-26 17:13:23,0.3606328010,388.0000000000,83.6666641235,133.1333312988,1.4633331298,331.1333312988,923.1266479492,923.1266479492,923.1266479492,55.0666656494,23.3600025177,15.4799985885,12.8493337631,1.1200000047,0.0000000000,24.2666664123,0.0000000000
2026-08-26 17:18:57,0.3604785919,384.0000000000,80.8000030517,130.2666625976,1.6233333587,374.3999938964,923.1332397460,923.1332397460,923.1332397460,55.0666656494,23.5999984741,15.6733350753,13.0053319931,1.1200000047,0.0000000000,24.2666664123,0.0000000000
2026-08-26 17:24:32,0.3603820323,389.3333435058,74.4666671752,123.9333343505,2.0753331184,329.3333435058,922.9866943359,922.9866943359,922.9866943359,55.0666656494,23.3733329772,15.5066652297,12.8579998016,1.1200000047,0.0000000000,24.2666664123,0.0000000000
2026-08-26 17:30:07,0.3607612848,2551.0000000000,92.8000030517,118.2666702270,1.8606666564,245.1333312988,922.9667358398,922.9667358398,922.9667358398,55.5333328247,23.3266639709,15.5399999618,12.8926658630,1.1200000047,0.0000000000,24.2666664123,0.0000000000
2026-08-26 17:35:41,0.3610099554,1685.1333007812,99.5999984741,125.0666656494,1.7499999046,246.0000000000,923.0267333984,923.0267333984,923.0267333984,56.0000000000,23.2600002288,15.6266660690,12.9713325500,1.1200000047,0.0000000000,24.2666664123,0.0000000000
2026-08-26 17:41:16,0.3610829830,3710.3999023437,65.9333343505,115.4000015258,2.0800001621,224.8666687011,922.9801025390,922.9801025390,922.9801025390,56.4000015258,23.0266685485,15.4799995422,12.8560009002,1.1200000047,0.0000000000,24.2666664123,0.0000000000
2026-08-26 17:46:51,0.3613371610,7140.0000000000,60.3333320617,109.8000030517,1.9899998664,191.2666625976,922.9533691406,922.9533691406,922.9533691406,56.8666648864,22.6800003051,15.2933330535,12.7153339385,1.1200000047,0.0000000000,23.6000003814,0.0000000000
2026-08-26 17:52:25,0.3616419315,9360.0664062500,69.1333312988,118.5333328247,1.5539999961,206.8666687011,923.0000610351,923.0000610351,923.0000610351,57.0666656494,22.6733341217,15.3133344650,12.7273340225,1.1200000047,0.0000000000,23.3333339691,0.0000000000
2026-08-26 17:58:00,0.3613254785,3008.6000976562,79.7333297729,129.1999969482,1.9666666030,238.8000030517,923.0733032226,923.0733032226,923.0733032226,57.3333320617,22.7466659545,15.4733333587,12.8726654052,1.1200000047,0.0000000000,24.0000000000,0.0000000000
2026-08-26 18:03:34,0.3615528583,15670.7333984375,70.4000015258,119.8666687011,1.9780000686,153.1999969482,923.0000610351,923.0000610351,923.0000610351,57.5999984741,22.5866680145,15.3999996185,12.8053331375,1.1200000047,0.0000000000,23.3333339691,0.0000000000
2026-08-26 18:09:09,0.3619471073,11191.4667968750,73.9333343505,123.4000015258,1.9553333282,168.1333312988,922.9667358398,922.9667358398,922.9667358398,57.7333335876,22.3266639709,15.1599998474,12.6260004043,1.1200000047,0.0000000000,23.3333339691,0.0000000000
2026-08-26 18:14:44,0.3617583274,2654.7333984375,84.8000030517,134.2666625976,1.4933333396,238.9333343505,922.9400634765,922.9400634765,922.9400634765,57.4666671752,22.4800033569,15.2733345031,12.7160005569,1.1200000047,0.0000000000,23.3333339691,0.0000000000
2026-08-26 18:20:18,0.3612036466,609.1333618164,102.0666656494,127.5333328247,1.6693332195,251.0000000000,922.9333496093,922.9333496093,922.9333496093,56.5999984741,22.8933353424,15.4400005340,12.8193340301,1.1200000047,0.0000000000,24.2666664123,0.0000000000
2026-08-26 18:25:53,0.3611669778,398.0000000000,73.4000015258,122.8666687011,2.0939998626,221.4666595458,922.8599853515,922.8599853515,922.8599853515,55.5999984741,22.8599967956,15.1333322525,12.5659990310,1.1200000047,0.0000000000,24.2666664123,0.0000000000
2026-08-26 18:31:28,0.3611774921,384.0000000000,84.5999984741,134.0000000000,1.7013334274,206.6666717529,922.7867431640,922.7867431640,922.7867431640,55.7999992370,22.9266681671,15.2466678619,12.6553325653,1.1200000047,0.0000000000,24.2666664123,0.0000000000
2026-08-26 18:37:02,0.3612012863,429.5333251953,93.7333297729,119.0666656494,1.3686665296,185.0666656494,922.7131958007,922.7131958007,922.7131958007,55.9333343505,22.9400024414,15.3333330154,12.7319993972,1.1200000047,0.0000000000,24.2666664123,0.0000000000
2026-08-26 18:42:37,0.3612710475,516.5333251953,114.3333358764,139.8000030517,1.0086667537,167.8666687011,922.6331787109,922.6331787109,922.6331787109,56.0666656494,23.0000019073,15.4066667556,12.7893333435,1.1200000047,0.0000000000,24.2666664123,0.0000000000
2026-08-26 18:48:12,0.3612446784,572.9333496093,70.0000000000,119.4666671752,1.8333334922,150.9333343505,922.5134277343,922.5134277343,922.5134277343,55.7999992370,22.8999996185,15.2066659927,12.6313333511,1.1200000047,0.0000000000,24.2666664123,0.0000000000
2026-08-26 18:53:46,0.3614701747,1338.4666748046,66.9333343505,116.4000015258,1.5933331489,134.5333404541,922.5534057617,922.5534057617,922.5534057617,56.2000007629,22.7999973297,15.2133331298,12.6346673965,1.1200000047,0.0000000000,24.2666664123,0.0000000000
2026-08-26 18:59:21,0.3616117000,2471.6000976562,70.3333358764,119.8000030517,1.5386666297,119.1333312988,922.4667358398,922.4667358398,922.4667358398,56.4666671752,22.6333312988,15.1399993896,12.5833330154,1.1200000047,0.0000000000,23.5333328247,0.0000000000
2026-08-26 19:04:55,0.3617566108,4069.1999511718,63.4666671752,112.9333343505,1.4346667289,103.8000030517,922.4400024414,922.4400024414,922.4400024414,57.7999992370,22.5266685485,15.3800001144,12.7926654815,1.1200000047,0.0000000000,23.3333339691,0.0000000000
2026-08-26 19:10:30,0.3620037555,6320.2001953125,66.5333328247,116.0000000000,1.6673332214,91.3333358764,922.3732910156,922.3732910156,922.3732910156,58.0666656494,22.3066635131,15.2799997329,12.7086677551,1.1200000047,0.0000000000,21.6666660308,0.0000000000
2026-08-26 19:16:05,0.3621540069,10137.7998046875,54.6666679382,104.1333312988,1.2986665916,78.4000015258,922.3866577148,922.3866577148,922.3866577148,58.2666664123,22.1466674804,15.1733341217,12.6273336410,1.1200000047,0.0000000000,0.0000000000,0.0000000000
2026-08-26 19:21:39,0.3623475074,5894.9331054687,42.9333343505,92.4000015258,1.6833333015,65.3333358764,922.4265747070,922.4265747070,922.4265747070,59.4000015258,21.9866676330,15.2799997329,12.7339982986,1.1200000047,0.0000000000,0.0000000000,0.0000000000
2026-08-26 19:27:14,0.3627418041,4226.6000976562,65.1999969482,114.6666641235,1.1613332033,43.1333351135,922.4466552734,922.4466552734,922.4466552734,59.5333328247,21.8333301544,15.1533327102,12.6193332672,1.1200000047,0.0000000000,0.0000000000,0.0000000000
2026-08-26 19:32:49,0.3631834745,3358.0000000000,65.1333312988,114.5999984741,1.5666665077,26.3333339691,922.4934082031,922.4934082031,922.4934082031,60.2666664123,21.4533309936,14.9600009918,12.4813337326,1.1200000047,0.0000000000,0.0000000000,0.0000000000
2026-08-26 19:38:23,0.3634190559,2675.9333496093,71.6666641235,121.1999969482,1.2679998874,19.2000007629,922.5534057617,922.5534057617,922.5534057617,61.1333351135,21.2466678619,14.9866676330,12.5019998550,1.1200000047,0.0000000000,0.0000000000,0.0000000000
2026-08-26 19:43:58,0.3636822700,2140.0666503906,57.5333328247,107.1333312988,1.5573333740,16.3999996185,922.5467529296,922.5467529296,922.5467529296,61.8666648864,20.9866657257,14.9400005340,12.4826669692,1.1200000047,0.0000000000,0.0000000000,0.0000000000
2026-08-26 19:49:52,0.3638656616,1532.4000244140,0.0000000000,0.0000000000,0.0000000000,0.0000000000,0.0000000000,0.0000000000,0.0000000000,0.0000000000,0.0000000000,0.0000000000,0.0000000000,0.0000000000,0.0000000000,0.0000000000,0.0000000000
2026-08-26 19:55:48,0.3640543937,1021.8666381835,5.9333333969,9.4666662216,0.1299999952,0.7333333492,65.8933334350,65.8933334350,65.8933334350,4.5333333015,1.4800000190,1.0733333826,0.8953332901,0.0800000095,0.0000000000,0.0000000000,0.0000000000
2026-08-26 20:01:43,0.3642182588,627.2666625976,3.4000000953,6.9333333969,0.0746666669,0.4666666507,65.8933334350,65.8933334350,65.8933334350,4.5999999046,1.4599999427,1.0666667222,0.8920000076,0.0800000095,0.0000000000,0.0000000000,0.0000000000
2026-08-26 20:07:39,0.3643857955,329.9333190917,4.3333334922,7.8666667938,0.0759999990,0.2666666746,65.8933334350,65.8933334350,65.8933334350,4.5999999046,1.4533333778,1.0666667222,0.8913333892,0.0800000095,0.0000000000,0.0000000000,0.0000000000
2026-08-26 20:13:34,0.3646577596,163.4666595458,3.4666666984,7.0000000000,0.0740000009,0.1333333373,65.8933334350,65.8933334350,65.8933334350,4.6666665077,1.4466667175,1.0600000619,0.8899999618,0.0800000095,0.0000000000,0.0000000000,0.0000000000
2026-08-26 20:19:30,0.3648361682,71.8000030517,2.7999999523,6.3333334922,0.0759999990,0.0666666698,65.9000015258,65.9000015258,65.9000015258,4.6666665077,1.4333333015,1.0666667222,0.8926666259,0.0800000095,0.0000000000,0.0000000000,0.0000000000
2026-08-26 20:25:25,0.3650374412,26.3333339691,2.2000000476,5.7333331108,0.1033333301,0.0666666698,65.8933334350,65.8933334350,65.8933334350,4.7333331108,1.4266666412,1.0666667222,0.8946666717,0.0800000095,0.0000000000,0.0000000000,0.0000000000
2026-08-26 20:31:21,0.3651234865,8.8666667938,5.4666666984,9.0000000000,0.0839999961,0.0666666698,65.9066696166,65.9066696166,65.9066696166,4.8000001907,1.4200000762,1.0733333826,0.9006666183,0.0800000095,0.0000000000,0.0000000000,0.0000000000
2026-08-26 20:37:15,0.3653105258,3.1333334445,9.5333337783,16.6000003814,0.1779999971,0.1333333373,131.8066711425,131.8066711425,131.8066711425,9.7333335876,2.8200001716,2.1600000858,1.8126665115,0.1600000143,0.0000000000,0.0000000000,0.0000000000
2026-08-26 20:43:11,0.3655728340,0.9333333015,4.3333334922,7.8666667938,0.0519999980,0.0000000000,65.9066696166,65.9066696166,65.9066696166,4.9333333969,1.3999999809,1.0800000381,0.9086667060,0.0800000095,0.0000000000,0.0000000000,0.0000000000
2026-08-26 20:49:06,0.3659310340,0.2000000000,4.0000000000,7.5333333015,0.0853333377,0.0000000000,65.9066696166,65.9066696166,65.9066696166,4.9333333969,1.3933333206,1.0866666984,0.9119998931,0.0800000095,0.0000000000,0.0000000000,0.0000000000
2026-08-26 20:55:02,0.3661698102,0.0000000000,5.1999998092,8.7333335876,0.1173333287,0.0000000000,65.9133377075,65.9133377075,65.9133377075,5.0000000000,1.3866667747,1.0866666984,0.9159999847,0.0800000095,0.0000000000,0.0000000000,0.0000000000
2026-08-26 21:00:57,0.3663673877,0.0000000000,18.6000003814,22.1333332061,0.0146666660,0.0666666698,65.9000015258,65.9000015258,65.9000015258,5.0666666030,1.3799999952,1.0866666984,0.9153333663,0.0800000095,0.0000000000,0.0000000000,0.0000000000
2026-08-26 21:06:53,0.3663860321,0.0000000000,3.3333332538,6.8666667938,0.0966666603,0.0666666698,65.9066696166,65.9066696166,65.9066696166,5.0666666030,1.3733333349,1.0866666984,0.9146665573,0.0800000095,0.0000000000,0.0000000000,0.0000000000
2026-08-26 21:12:47,0.3663869857,0.0000000000,8.6000003814,15.6666669845,0.1486666679,0.1333333373,131.8133239746,131.8133239746,131.8133239746,10.1333332061,2.7400000095,2.1733334064,1.8319999694,0.1600000143,0.0000000000,0.0000000000,0.0000000000
2026-08-26 21:18:43,0.3665391921,0.0000000000,3.0666666030,6.5999999046,0.0546666622,0.0666666698,65.9000015258,65.9000015258,65.9000015258,5.1333332061,1.3666666746,1.0933333587,0.9173333168,0.0800000095,0.0000000000,0.0000000000,0.0000000000
2026-08-26 21:24:38,0.3667073488,0.0000000000,3.7333333492,7.2666668891,0.0806666564,0.0666666698,65.9000015258,65.9000015258,65.9000015258,5.1333332061,1.3600000143,1.0933333587,0.9220000267,0.0800000095,0.0000000000,0.0000000000,0.0000000000
2026-08-26 21:30:34,0.3669800281,0.0000000000,3.2000000476,6.7333331108,0.0166666674,0.0666666698,65.8866653442,65.8866653442,65.8866653442,5.1999998092,1.3600000143,1.0933333587,0.9233332633,0.0800000095,0.0000000000,0.0000000000,0.0000000000
2026-08-26 21:36:29,0.3670271873,0.0000000000,3.4000000953,6.9333333969,0.0986666679,0.0666666698,65.8799972534,65.8799972534,65.8799972534,5.1999998092,1.3533333539,1.1000000238,0.9246665954,0.0800000095,0.0000000000,0.0000000000,0.0000000000
2026-08-26 21:42:25,0.3674840688,0.0000000000,5.7333331108,9.2666664123,0.0993333339,0.0000000000,65.8733367919,65.8733367919,65.8733367919,5.2666668891,1.3466666936,1.0933333587,0.9239999771,0.0800000095,0.0000000000,0.0000000000,0.0000000000
2026-08-26 21:48:20,0.3677757263,0.0000000000,4.4666666984,8.0000000000,0.0599999952,0.0666666698,65.8733367919,65.8733367919,65.8733367919,5.2666668891,1.3400000333,1.1000000238,0.9253333091,0.0800000095,0.0000000000,0.0000000000,0.0000000000
2026-08-26 21:54:15,0.3680045366,0.0000000000,6.0000000000,13.0666666030,0.0766666650,0.1333333373,131.7266693115,131.7266693115,131.7266693115,10.6666669845,2.6666667461,2.2000000476,1.8560000419,0.1600000143,0.0000000000,0.0000000000,0.0000000000
2026-08-26 22:00:10,0.3680879831,0.0000000000,6.1999998092,9.7333335876,0.0553333282,0.0666666698,65.8600006103,65.8600006103,65.8600006103,5.3333334922,1.3333333730,1.1066666841,0.9306667327,0.0800000095,0.0000000000,0.0000000000,0.0000000000
2026-08-26 22:06:06,0.3679331779,0.0000000000,4.6666665077,8.1999998092,0.0386666660,0.0666666698,65.8600006103,65.8600006103,65.8600006103,5.4000000953,1.3266665935,1.1066666841,0.9339999198,0.0800000095,0.0000000000,0.0000000000,0.0000000000
2026-08-26 22:12:01,0.3679164648,0.0000000000,2.8666666030,6.4000000953,0.1546666622,0.0666666698,65.8600006103,65.8600006103,65.8600006103,5.4000000953,1.3266665935,1.1066666841,0.9339999198,0.0800000095,0.0000000000,0.0000000000,0.0000000000
2026-08-26 22:17:57,0.3678450345,0.0000000000,3.5999999046,7.1333332061,0.1039999961,0.0666666698,65.8533325195,65.8533325195,65.8533325195,5.4000000953,1.3266665935,1.1066666841,0.9346666336,0.0800000095,0.0000000000,0.0000000000,0.0000000000
2026-08-26 22:23:50,0.3676979780,0.0000000000,11.4666662216,18.5333328247,0.1793333435,0.1333333373,131.6999969482,131.6999969482,131.6999969482,10.7333335876,2.6666667461,2.2133333683,1.8673332214,0.1600000143,0.0000000000,0.0000000000,0.0000000000
2026-08-26 22:29:46,0.3676938056,0.0000000000,2.7333333492,6.2666668891,0.1586666584,0.0666666698,65.8466644287,65.8466644287,65.8466644287,5.3333334922,1.3333333730,1.1066666841,0.9333333015,0.0800000095,0.0000000000,0.0000000000,0.0000000000
2026-08-26 22:35:41,0.3678645133,0.0000000000,6.2666668891,9.8000001907,0.1019999980,0.0000000000,65.8400039672,65.8400039672,65.8400039672,5.3333334922,1.3333333730,1.1000000238,0.9300000190,0.0800000095,0.0000000000,0.0000000000,0.0000000000
2026-08-26 22:41:37,0.3680986881,0.0000000000,3.5333333015,7.0666666030,0.0973333263,0.0000000000,65.8266677856,65.8266677856,65.8266677856,5.3333334922,1.3333333730,1.1000000238,0.9300000190,0.0800000095,0.0000000000,0.0000000000,0.0000000000
2026-08-26 22:47:32,0.3683673143,0.0000000000,5.8666667938,9.3999996185,0.0653333282,0.0000000000,65.8199996948,65.8199996948,65.8199996948,5.3333334922,1.3266665935,1.1000000238,0.9293333053,0.0800000095,0.0000000000,0.0000000000,0.0000000000
2026-08-26 22:53:28,0.3685508012,0.0000000000,4.1999998092,7.7333331108,0.1126666545,0.0000000000,65.8199996948,65.8199996948,65.8199996948,5.3333334922,1.3266665935,1.1000000238,0.9266666412,0.0800000095,0.0000000000,0.0000000000,0.0000000000
