2026-09-30 04:14:54,0.3681503295,0.0000000000,101.5999984741,151.0666656494,0.6793333053,0.0000000000,925.7533569335,925.7533569335,925.7533569335,81.1999969482,15.7733306884,13.8133354187,11.7913322448,1.1200000047,0.0000000000,0.0000000000,0.0000000000
2026-09-30 04:20:28,0.3669753074,0.0000000000,69.8666687011,119.4000015258,0.7453333854,0.0000000000,925.7266845703,925.7266845703,925.7266845703,81.1999969482,15.7599983215,13.7933340072,11.7506666183,1.1200000047,0.0000000000,0.0000000000,0.0000000000
2026-09-30 04:26:03,0.3644714355,0.0000000000,92.3333358764,141.8000030517,0.5546665668,0.0666666698,925.8001098632,925.8001098632,925.8001098632,81.1999969482,15.7466640472,13.7866678237,11.7460012435,1.1200000047,0.0000000000,0.0000000000,0.0000000000
2026-09-30 04:31:37,0.3625619888,0.0000000000,139.5333404541,189.0000000000,0.6993332862,0.2666666746,925.8665771484,925.8665771484,925.8665771484,81.1999969482,15.6800022125,13.7399988174,11.7266664505,1.1200000047,0.0000000000,0.0000000000,0.0000000000
2026-09-30 04:37:11,0.3618712186,0.0000000000,96.5333328247,146.0000000000,0.2853333473,0.2666666746,925.8998413085,925.8998413085,925.8998413085,81.1999969482,15.6800022125,13.7466669082,11.7326660156,1.1200000047,0.0000000000,0.0000000000,0.0000000000
2026-09-30 04:42:46,0.3582186222,0.0000000000,92.1333312988,141.6000061035,0.4059999942,0.0666666698,925.9465942382,925.9465942382,925.9465942382,81.1999969482,15.6800022125,13.7199983596,11.7066659927,1.1200000047,0.0000000000,0.0000000000,0.0000000000
2026-09-30 04:48:20,0.3588196277,0.0000000000,107.2666702270,132.8666687011,0.5979999542,0.6000000000,925.9865722656,925.9865722656,925.9865722656,81.1999969482,15.6800022125,13.7199983596,11.6940002441,1.1200000047,0.0000000000,0.0000000000,0.0000000000
2026-09-30 04:53:55,0.3605384349,0.0000000000,94.8666687011,144.6000061035,0.5093333244,0.6666666984,926.0200805664,926.0200805664,926.0200805664,81.1999969482,15.6400003433,13.7199983596,11.6986656188,1.1200000047,0.0000000000,0.0000000000,0.0000000000
2026-09-30 04:59:29,0.3638362407,0.0000000000,115.0000000000,164.8000030517,0.5046666145,0.2666666746,925.9598999023,925.9598999023,925.9598999023,81.1999969482,15.6333332061,13.7199983596,11.7113332748,1.1200000047,0.0000000000,0.0000000000,0.0000000000
2026-09-30 05:05:04,0.3676401615,0.0000000000,104.4666671752,154.0000000000,0.5666666030,0.4000000000,925.8933715820,925.8933715820,925.8933715820,81.1999969482,15.5466680526,13.6400012969,11.6486663818,1.1200000047,0.0000000000,0.0000000000,0.0000000000
2026-09-30 05:10:38,0.3728113651,0.0000000000,136.8666687011,186.6666717529,0.8153332710,0.4000000000,925.9599609375,925.9599609375,925.9599609375,81.9333343505,15.4933357238,13.6600008010,11.6613330841,1.1200000047,0.0000000000,0.0000000000,0.0000000000
2026-09-30 05:16:13,0.3771921396,0.0000000000,127.5999984741,177.2666625976,0.6613333225,0.2666666746,926.0199584960,926.0199584960,926.0199584960,82.1333312988,15.4733343124,13.6999998092,11.6853332519,1.1200000047,0.0000000000,0.0000000000,0.0000000000
2026-09-30 05:21:48,0.3823822975,0.0000000000,123.8666687011,173.3999938964,0.5126666545,0.2000000000,925.9400024414,925.9400024414,925.9400024414,82.1333312988,15.3999996185,13.6600017547,11.6706666946,1.1200000047,0.0000000000,0.0000000000,0.0000000000
2026-09-30 05:27:22,0.3881434249,0.0000000000,99.8000030517,149.3999938964,0.5000000000,0.4000000000,925.9465942382,925.9465942382,925.9465942382,82.1333312988,15.3999996185,13.6266679763,11.6360006332,1.1200000047,0.0000000000,0.0000000000,0.0000000000
2026-09-30 05:32:57,0.3963667106,0.0000000000,136.8666687011,187.1333312988,0.7533333301,0.4000000000,925.9665527343,925.9665527343,925.9665527343,82.8000030517,15.3333311080,13.6400012969,11.6633329391,1.1200000047,0.0000000000,0.0000000000,0.0000000000
2026-09-30 05:38:31,0.4066062450,0.0000000000,139.8000030517,189.7333374023,1.2466666698,0.0000000000,925.9665527343,925.9665527343,925.9665527343,83.0666656494,15.2400016784,13.6266679763,11.6579999923,1.1200000047,0.0000000000,0.0000000000,0.0000000000
2026-09-30 05:44:06,0.4176364421,0.0000000000,136.8000030517,187.0666656494,0.7866666316,0.0000000000,925.9933471679,925.9933471679,925.9933471679,83.2666702270,15.1599998474,13.6200008392,11.6400003433,1.1200000047,0.0000000000,0.0000000000,0.0000000000
2026-09-30 05:49:40,0.4288401126,0.0000000000,136.6666717529,186.8000030517,1.0473333597,0.0000000000,926.0534667968,926.0534667968,926.0534667968,84.0000000000,15.1133317947,13.5600004196,11.6066656112,1.1200000047,0.0000000000,0.0000000000,0.0000000000
2026-09-30 05:55:34,0.4379944324,0.0000000000,0.0000000000,0.0000000000,0.0000000000,0.0000000000,0.0000000000,0.0000000000,0.0000000000,0.0000000000,0.0000000000,0.0000000000,0.0000000000,0.0000000000,0.0000000000,0.0000000000,0.0000000000
2026-09-30 06:01:30,0.4470577716,0.0000000000,7.8000001907,11.3333330154,0.0406666660,0.0000000000,66.1466674804,66.1466674804,66.1466674804,6.0000000000,1.0733333826,0.9600000381,0.8239999771,0.0800000095,0.0000000000,0.0000000000,0.0000000000
2026-09-30 06:07:25,0.4522928714,0.0000000000,11.3999996185,14.9333333969,0.0979999923,0.0000000000,66.1399993896,66.1399993896,66.1399993896,5.9333333969,1.0666667222,0.9533332824,0.8146666526,0.0800000095,0.0000000000,0.0000000000,0.0000000000
2026-09-30 06:13:21,0.4552468299,0.0000000000,7.2666668891,10.8000001907,0.0473333311,0.0000000000,66.1466674804,66.1466674804,66.1466674804,5.9333333969,1.0600000619,0.9399999618,0.8066665649,0.0800000095,0.0000000000,0.0000000000,0.0000000000
2026-09-30 06:19:17,0.4554955482,0.0000000000,6.2666668891,9.8000001907,0.0613333320,0.0000000000,66.1466674804,66.1466674804,66.1466674804,5.9333333969,1.0533334016,0.9333333015,0.8026666641,0.0800000095,0.0000000000,0.0000000000,0.0000000000
2026-09-30 06:25:12,0.4553640842,0.0000000000,9.7333335876,13.2666664123,0.0740000009,0.0000000000,66.1466674804,66.1466674804,66.1466674804,5.8666667938,1.0533334016,0.9266666412,0.7986666679,0.0800000095,0.0000000000,0.0000000000,0.0000000000
2026-09-30 06:31:08,0.4552894592,0.0000000000,9.6000003814,13.1999998092,0.0259999990,0.0000000000,66.1466674804,66.1466674804,66.1466674804,5.8666667938,1.0533334016,0.9266666412,0.7946666717,0.0800000095,0.0000000000,0.0000000000,0.0000000000
2026-09-30 06:37:02,0.4537377834,0.0000000000,13.5333337783,20.6666660308,0.0593333292,0.0666666698,132.3000030517,132.3000030517,132.3000030517,11.6666669845,2.1133334636,1.8466667175,1.5886665344,0.1600000143,0.0000000000,0.0000000000,0.0000000000
2026-09-30 06:42:56,0.4554402351,0.6000000000,16.9333324432,24.0000000000,0.0386666660,0.0000000000,132.3000030517,132.3000030517,132.3000030517,11.6000003814,2.1066668033,1.8400000572,1.5813332557,0.1600000143,0.0000000000,0.0000000000,0.0000000000
2026-09-30 06:48:52,0.4602840423,1.4666666984,6.4000000953,9.9333333969,0.0173333311,0.0000000000,66.1466674804,66.1466674804,66.1466674804,5.8000001907,1.0533334016,0.9199999809,0.7899999618,0.0800000095,0.0000000000,0.0000000000,0.0000000000
2026-09-30 06:54:47,0.4665246963,4.8666667938,15.3333330154,18.8666667938,0.0073333330,0.0000000000,66.1399993896,66.1399993896,66.1399993896,5.8000001907,1.0466666221,0.9066666603,0.7799999713,0.0800000095,0.0000000000,0.0000000000,0.0000000000
2026-09-30 07:00:41,0.4741744995,15.6666669845,62.0666656494,48.7333335876,0.0439999961,0.2000000000,198.4133453369,198.4133453369,198.4133453369,17.2000007629,3.0866668224,2.6533331871,2.2933332920,0.2400000095,0.0000000000,0.0000000000,0.0000000000
2026-09-30 07:06:35,0.4815914154,38.0666656494,37.9333343505,21.0666675567,0.0259999990,0.3333333492,132.2933349609,132.2933349609,132.2933349609,11.4666662216,2.0333333015,1.7466666698,1.5133334159,0.1600000143,0.0000000000,0.0000000000,0.0000000000
2026-09-30 07:12:27,0.4889773845,111.2666702270,41.5333328247,31.7999992370,0.0559999942,1.2000000476,264.5933227539,264.5933227539,264.5933227539,23.1333332061,4.0399999618,3.4733331203,3.0153329372,0.3200000286,0.0000000000,0.0000000000,0.0000000000
2026-09-30 07:18:20,0.4968811035,223.4666595458,23.5333328247,10.1333332061,0.0373333334,1.0000000000,198.4533386230,198.4533386230,198.4533386230,17.3999996185,3.0066666603,2.5933334827,2.2526664733,0.2400000095,0.0000000000,0.0000000000,0.0000000000
2026-09-30 07:24:13,0.5029088020,399.5333251953,13.8666667938,24.5333328247,0.0233333325,1.3333333730,198.4599914550,198.4599914550,198.4599914550,17.3999996185,2.9933333396,2.5800001621,2.2486665248,0.2400000095,0.0000000000,0.0000000000,0.0000000000
2026-09-30 07:30:07,0.5083307743,722.5333251953,21.9333324432,32.7333335876,0.0659999895,3.0000000000,198.4666595458,198.4666595458,198.4666595458,17.4666671752,2.9800000190,2.5866668224,2.2486665248,0.2400000095,0.0000000000,0.0000000000,0.0000000000
2026-09-30 07:36:00,0.5108538627,1111.6666259765,23.0000000000,33.7999992370,0.0313333320,4.8000001907,198.4733428955,198.4733428955,198.4733428955,17.6000003814,3.0066666603,2.6199998855,2.2746667861,0.2400000095,0.0000000000,0.0000000000,0.0000000000
2026-09-30 07:41:53,0.5112730026,1548.0666503906,16.0000000000,26.6666660308,0.0759999990,6.1333332061,198.4866638183,198.4866638183,198.4866638183,17.6000003814,3.0200002193,2.6533331871,2.2939999103,0.2400000095,0.0000000000,0.0000000000,0.0000000000
2026-09-30 07:47:45,0.5101963043,1906.9333496093,24.5333328247,38.7333335876,0.1206666588,9.4666662216,264.6466674804,264.6466674804,264.6466674804,23.4666671752,4.0533332824,3.5533335208,3.0746662616,0.3200000286,0.0000000000,0.0000000000,0.0000000000
2026-09-30 07:53:40,0.5069688796,1857.8666992187,16.0666675567,23.2666664123,0.0513333320,4.5333333015,132.3266754150,132.3266754150,132.3266754150,11.7333335876,2.0399999618,1.7866667747,1.5459999084,0.1600000143,0.0000000000,0.0000000000,0.0000000000
2026-09-30 07:59:33,0.5033431529,1867.2667236328,14.8000001907,25.4666671752,0.1073333263,7.2666668891,198.4733428955,198.4733428955,198.4733428955,17.6000003814,3.0866668224,2.7000000476,2.3320000171,0.2400000095,0.0000000000,0.0000000000,0.0000000000
2026-09-30 08:05:25,0.4997129917,1982.4666748046,22.3999996185,36.6666679382,0.1553333282,16.6666660308,264.6400146484,264.6400146484,264.6400146484,23.4666671752,4.1666665077,3.6466667652,3.1433331966,0.3200000286,0.0000000000,0.0000000000,0.0000000000
2026-09-30 08:11:19,0.4939788341,2063.8666992187,17.0666675567,24.2000007629,0.0806666564,6.6666665077,132.3066711425,132.3066711425,132.3066711425,11.5333337783,2.1133334636,1.8266666412,1.5733332633,0.1600000143,0.0000000000,0.0000000000,0.0000000000
2026-09-30 08:17:14,0.4868470191,2643.4665527343,12.8000001907,19.9333324432,0.0586666631,5.6666665077,132.3133239746,132.3133239746,132.3133239746,11.3999996185,2.1200001239,1.8066667556,1.5606666564,0.1600000143,0.0000000000,0.0000000000,0.0000000000
2026-09-30 08:23:09,0.4783835887,4311.6000976562,8.2666664123,11.8000001907,0.0193333330,3.2666666507,66.1533355712,66.1533355712,66.1533355712,5.6666665077,1.0666667222,0.9000000000,0.7779999732,0.0800000095,0.0000000000,0.0000000000,0.0000000000
2026-09-30 08:29:04,0.4688720226,5405.4667968750,9.9333333969,17.0000000000,0.0586666631,11.3999996185,132.3000030517,132.3000030517,132.3000030517,11.1999998092,2.1533334255,1.7999999523,1.5519999504,0.1600000143,0.0000000000,0.0000000000,0.0000000000
2026-09-30 08:34:57,0.4561719894,5769.6000976562,24.5333328247,35.2000007629,0.1079999923,19.7999992370,198.4533386230,198.4533386230,198.4533386230,16.5333328247,3.2733333110,2.6933333873,2.3139998912,0.2400000095,0.0000000000,0.0000000000,0.0000000000
2026-09-30 08:40:50,0.4368085384,6534.1333007812,24.9333324432,35.5333328247,0.0966666698,22.3999996185,198.4400024414,198.4400024414,198.4400024414,16.3333339691,3.3066666126,2.6866669654,2.3093333244,0.2400000095,0.0000000000,0.0000000000,0.0000000000
2026-09-30 08:46:44,0.4170592784,7920.6000976562,11.5333337783,18.6000003814,0.0686666679,18.2666664123,132.2799987792,132.2799987792,132.2799987792,10.8000001907,2.2266666889,1.7933334350,1.5413332939,0.1600000143,0.0000000000,0.0000000000,0.0000000000
2026-09-30 08:52:39,0.4005547046,8083.4667968750,17.9333324432,25.0000000000,0.1166666626,19.6666660308,132.2799987792,132.2799987792,132.2799987792,10.6666669845,2.2599999904,1.8133334159,1.5519999504,0.1600000143,0.0000000000,0.0000000000,0.0000000000
2026-09-30 08:58:33,0.3825316905,7480.9331054687,14.5333337783,21.6000003814,0.1226666688,19.3999996185,132.2866668701,132.2866668701,132.2866668701,10.4666662216,2.2599999904,1.7666666507,1.5226666927,0.1600000143,0.0000000000,0.0000000000,0.0000000000
2026-09-30 09:04:28,0.3696974515,8005.3999023437,20.6000003814,27.6666660308,0.1706666707,18.8666667938,132.2733459472,132.2733459472,132.2733459472,10.4666662216,2.2599999904,1.7666666507,1.5193333625,0.1600000143,0.0000000000,0.0000000000,0.0000000000
2026-09-30 09:10:22,0.3675684452,10683.2666015625,20.4666671752,27.5333328247,0.2606666564,28.7999992370,132.2866668701,132.2866668701,132.2866668701,10.4666662216,2.2599999904,1.7800001144,1.5286667346,0.1600000143,0.0000000000,0.0000000000,0.0000000000
2026-09-30 09:16:18,0.3668661117,10952.0664062500,7.1999998092,10.7333335876,0.0446666622,16.7999992370,66.1466674804,66.1466674804,66.1466674804,5.2666668891,1.1533334255,0.9133333206,0.7839999675,0.0800000095,0.0000000000,0.0000000000,0.0000000000
2026-09-30 09:22:13,0.3667598247,10194.0664062500,9.0000000000,12.5333337783,0.1026666641,11.8666667938,66.1466674804,66.1466674804,66.1466674804,5.1333332061,1.1533334255,0.8933333396,0.7659999847,0.0800000095,0.0000000000,0.0000000000,0.0000000000
2026-09-30 09:28:09,0.3666490316,9201.6669921875,6.0000000000,9.5333337783,0.0259999990,12.9333333969,66.1533355712,66.1533355712,66.1533355712,5.1999998092,1.1599999666,0.9066666603,0.7759999752,0.0800000095,0.0000000000,0.0000000000,0.0000000000
2026-09-30 09:34:04,0.3667544841,11012.6669921875,9.3333330154,12.8666667938,0.0966666603,11.9333333969,66.1533355712,66.1533355712,66.1533355712,5.1999998092,1.1599999666,0.9066666603,0.7786665916,0.0800000095,0.0000000000,0.0000000000,0.0000000000
2026-09-30 09:40:00,0.3665215015,12927.9335937500,8.0666666030,11.6000003814,0.0939999961,18.4666671752,66.1533355712,66.1533355712,66.1533355712,5.2666668891,1.1733334064,0.9333333015,0.7946666717,0.0800000095,0.0000000000,0.0000000000,0.0000000000
2026-09-30 09:45:55,0.3662094831,12778.4667968750,5.4000000953,9.0000000000,0.0366666674,24.2000007629,66.1533355712,66.1533355712,66.1533355712,5.2666668891,1.1933332633,0.9600000381,0.8146666526,0.0800000095,0.0000000000,0.0000000000,0.0000000000
2026-09-30 09:51:49,0.3661671876,14585.8662109375,18.5333328247,25.7333335876,0.1966666603,48.2666664123,132.3000030517,132.3000030517,132.3000030517,10.4666662216,2.4200003147,1.9266667366,1.6393333435,0.1600000143,0.0000000000,0.0000000000,0.0000000000
2026-09-30 09:57:44,0.3658465862,15148.6669921875,10.3333330154,13.8666667938,0.1226666688,27.0666675567,66.1533355712,66.1533355712,66.1533355712,5.2666668891,1.2200000286,0.9799999237,0.8333333015,0.0800000095,0.0000000000,0.0000000000,0.0000000000
2026-09-30 10:03:38,0.3658591270,15351.1337890625,20.7999992370,27.8666667938,0.2633333206,30.3333339691,132.2866668701,132.2866668701,132.2866668701,10.5333337783,2.4400000572,1.9533332824,1.6573333740,0.1600000143,0.0000000000,0.0000000000,0.0000000000
