2026-10-02 22:15:41,0.3650080680,0.0000000000,0.0000000000,0.0000000000,0.0000000000,0.0000000000,0.0000000000,0.0000000000,0.0000000000,0.0000000000,0.0000000000,0.0000000000,0.0000000000,0.0000000000,0.0000000000,0.0000000000,0.0000000000
2026-10-02 22:21:15,0.3650485992,0.0000000000,0.0000000000,0.0000000000,0.0000000000,0.0000000000,0.0000000000,0.0000000000,0.0000000000,0.0000000000,0.0000000000,0.0000000000,0.0000000000,0.0000000000,0.0000000000,0.0000000000,0.0000000000
2026-10-02 22:26:49,0.3650434494,0.0000000000,0.0000000000,0.0000000000,0.0000000000,0.0000000000,0.0000000000,0.0000000000,0.0000000000,0.0000000000,0.0000000000,0.0000000000,0.0000000000,0.0000000000,0.0000000000,0.0000000000,0.0000000000
2026-10-02 22:32:23,0.3650233507,0.0000000000,0.0000000000,0.0000000000,0.0000000000,0.0000000000,0.0000000000,0.0000000000,0.0000000000,0.0000000000,0.0000000000,0.0000000000,0.0000000000,0.0000000000,0.0000000000,0.0000000000,0.0000000000
2026-10-02 22:37:57,0.3649816036,0.0000000000,0.0000000000,0.0000000000,0.0000000000,0.0000000000,0.0000000000,0.0000000000,0.0000000000,0.0000000000,0.0000000000,0.0000000000,0.0000000000,0.0000000000,0.0000000000,0.0000000000,0.0000000000
2026-10-02 22:43:31,0.3649770259,0.0000000000,0.0000000000,0.0000000000,0.0000000000,0.0000000000,0.0000000000,0.0000000000,0.0000000000,0.0000000000,0.0000000000,0.0000000000,0.0000000000,0.0000000000,0.0000000000,0.0000000000,0.0000000000
2026-10-02 22:49:05,0.3650857925,0.0000000000,0.0000000000,0.0000000000,0.0000000000,0.0000000000,0.0000000000,0.0000000000,0.0000000000,0.0000000000,0.0000000000,0.0000000000,0.0000000000,0.0000000000,0.0000000000,0.0000000000,0.0000000000
2026-10-02 22:54:39,0.3651602745,0.0000000000,0.0000000000,0.0000000000,0.0000000000,0.0000000000,0.0000000000,0.0000000000,0.0000000000,0.0000000000,0.0000000000,0.0000000000,0.0000000000,0.0000000000,0.0000000000,0.0000000000,0.0000000000
2026-10-02 23:00:13,0.3657585620,0.0000000000,0.0000000000,0.0000000000,0.0000000000,0.0000000000,0.0000000000,0.0000000000,0.0000000000,0.0000000000,0.0000000000,0.0000000000,0.0000000000,0.0000000000,0.0000000000,0.0000000000,0.0000000000
2026-10-02 23:05:47,0.3665750503,0.0000000000,0.0000000000,0.0000000000,0.0000000000,0.0000000000,0.0000000000,0.0000000000,0.0000000000,0.0000000000,0.0000000000,0.0000000000,0.0000000000,0.0000000000,0.0000000000,0.0000000000,0.0000000000
2026-10-02 23:11:20,0.3665353775,0.0000000000,0.0000000000,0.0000000000,0.0000000000,0.0000000000,0.0000000000,0.0000000000,0.0000000000,0.0000000000,0.0000000000,0.0000000000,0.0000000000,0.0000000000,0.0000000000,0.0000000000,0.0000000000
2026-10-02 23:16:54,0.3664522647,0.0000000000,0.0000000000,0.0000000000,0.0000000000,0.0000000000,0.0000000000,0.0000000000,0.0000000000,0.0000000000,0.0000000000,0.0000000000,0.0000000000,0.0000000000,0.0000000000,0.0000000000,0.0000000000
2026-10-02 23:22:28,0.3664264202,0.0000000000,0.0000000000,0.0000000000,0.0000000000,0.0000000000,0.0000000000,0.0000000000,0.0000000000,0.0000000000,0.0000000000,0.0000000000,0.0000000000,0.0000000000,0.0000000000,0.0000000000,0.0000000000
2026-10-02 23:28:02,0.3664235830,0.0000000000,0.0000000000,0.0000000000,0.0000000000,0.0000000000,0.0000000000,0.0000000000,0.0000000000,0.0000000000,0.0000000000,0.0000000000,0.0000000000,0.0000000000,0.0000000000,0.0000000000,0.0000000000
2026-10-02 23:33:36,0.3665679454,0.0000000000,0.0000000000,0.0000000000,0.0000000000,0.0000000000,0.0000000000,0.0000000000,0.0000000000,0.0000000000,0.0000000000,0.0000000000,0.0000000000,0.0000000000,0.0000000000,0.0000000000,0.0000000000
2026-10-02 23:39:10,0.3665454149,0.0000000000,0.0000000000,0.0000000000,0.0000000000,0.0000000000,0.0000000000,0.0000000000,0.0000000000,0.0000000000,0.0000000000,0.0000000000,0.0000000000,0.0000000000,0.0000000000,0.0000000000,0.0000000000
2026-10-02 23:44:44,0.3665729761,0.0000000000,0.0000000000,0.0000000000,0.0000000000,0.0000000000,0.0000000000,0.0000000000,0.0000000000,0.0000000000,0.0000000000,0.0000000000,0.0000000000,0.0000000000,0.0000000000,0.0000000000,0.0000000000
2026-10-02 23:50:23,0.3669657707,0.0000000000,0.0000000000,0.0000000000,0.0000000000,0.0000000000,0.0000000000,0.0000000000,0.0000000000,0.0000000000,0.0000000000,0.0000000000,0.0000000000,0.0000000000,0.0000000000,0.0000000000,0.0000000000
2026-10-02 23:56:14,0.3676571846,0.0000000000,68.5999984741,62.3333320617,0.1159999847,0.3333333492,332.8133239746,332.8133239746,332.8133239746,24.6666660308,3.5866668224,2.1533331871,2.4666664600,0.4000000000,0.0000000000,0.0000000000,0.0000000000
2026-10-03 00:02:04,0.3710517644,0.0000000000,124.5333328247,73.8000030517,0.1213333368,0.2000000000,399.4266967773,399.4266967773,399.4266967773,29.9333324432,4.1733336448,2.4933333396,2.9193332672,0.4799999713,0.0000000000,0.0000000000,0.0000000000
2026-10-03 00:07:53,0.3740448474,0.0000000000,123.0666656494,147.8000030517,0.2453333377,0.6666666984,466.0533752441,466.0533752441,466.0533752441,35.4000015258,4.7866668701,2.9333332061,3.4133331775,0.5599999904,0.0000000000,0.0000000000,0.0000000000
2026-10-03 00:13:41,0.3726420164,0.0000000000,115.9333343505,140.6666717529,0.2373333215,0.4666666507,466.0467224121,466.0467224121,466.0467224121,35.9333343505,4.7333326339,2.9399997711,3.4253332614,0.5599999904,0.0000000000,0.0000000000,0.0000000000
2026-10-03 00:19:30,0.3721646308,0.0000000000,119.8666687011,120.6666641235,0.2146666526,0.6000000000,466.0599975585,466.0599975585,466.0599975585,35.9333343505,4.7066664695,2.9666666984,3.4306666851,0.5599999904,0.0000000000,0.0000000000,0.0000000000
2026-10-03 00:25:18,0.3746173858,0.0000000000,128.1333312988,104.9333343505,0.1160000085,0.4000000000,466.0866394042,466.0866394042,466.0866394042,35.9333343505,4.6133337020,2.8599998474,3.3866665363,0.5599999904,0.0000000000,0.0000000000,0.0000000000
2026-10-03 00:31:07,0.3801861953,0.0000000000,122.5999984741,75.3333358764,0.1053333282,0.5333333492,466.1266479492,466.1266479492,466.1266479492,36.2666664123,4.5066666603,2.8066665649,3.3646664619,0.5599999904,0.0000000000,0.0000000000,0.0000000000
2026-10-03 00:36:56,0.3871030616,0.0000000000,51.7999992370,76.5333328247,0.1293333168,0.9333333015,466.1866455078,466.1866455078,466.1866455078,36.5999984741,4.4333333969,2.8199998855,3.3706667423,0.5599999904,0.0000000000,0.0000000000,0.0000000000
2026-10-03 00:42:44,0.3903150367,0.0000000000,106.5999984741,131.5333404541,0.1599999904,0.8666666984,466.1800231933,466.1800231933,466.1800231933,37.3333320617,4.4200000762,2.8933334350,3.4073333740,0.5599999904,0.0000000000,0.0000000000,0.0000000000
2026-10-03 00:48:33,0.3928241920,0.0000000000,104.3333358764,81.0666656494,0.1593333339,0.7333333492,466.2000122070,466.2000122070,466.2000122070,37.3333320617,4.3800001144,2.8733334541,3.3979997634,0.5599999904,0.0000000000,0.0000000000,0.0000000000
2026-10-03 00:54:21,0.3985685825,0.0000000000,112.5333328247,137.1999969482,0.1473333358,0.4666666507,466.2733764648,466.2733764648,466.2733764648,37.4000015258,4.2933335304,2.8266668319,3.3766665458,0.5599999904,0.0000000000,0.0000000000,0.0000000000
