2026-09-27 16:14:13,0.3562698841,384.0000000000,263.2000122070,192.6666717529,1.4453333854,440.5333251953,923.2066650390,923.2066650390,923.2066650390,36.3333320617,23.2466659545,9.4199991226,8.4126663208,1.1200000047,0.0000000000,24.2666664123,0.0000000000
2026-09-27 16:19:48,0.3560203552,384.0000000000,248.4666595458,177.9333343505,1.6779998779,424.2666625976,923.1066284179,923.1066284179,923.1066284179,36.2000007629,23.2266635894,9.4199991226,8.4146671295,1.1200000047,0.0000000000,24.2666664123,0.0000000000
2026-09-27 16:25:22,0.3561287403,384.0000000000,270.3999938964,103.8000030517,1.8713333129,412.3999938964,923.1132812500,923.1132812500,923.1132812500,36.5333328247,23.0933361053,9.3999996185,8.4073343276,1.1200000047,0.0000000000,24.2666664123,0.0000000000
2026-09-27 16:30:57,0.3560884475,384.0000000000,296.2000122070,81.6666641235,2.0339999198,399.1333312988,923.1066894531,923.1066894531,923.1066894531,36.7999992370,22.8199977874,9.2400007247,8.3266658782,1.1200000047,0.0000000000,23.5333328247,0.0000000000
2026-09-27 16:36:32,0.3562596082,384.0000000000,277.6666564941,183.0666656494,1.6853332519,385.3333435058,923.1333618164,923.1333618164,923.1333618164,37.2000007629,22.8866672515,9.4400005340,8.4373331069,1.1200000047,0.0000000000,23.9333324432,0.0000000000
2026-09-27 16:42:06,0.3561991214,384.0000000000,258.4666748046,115.8666687011,1.6620000839,371.4666748046,923.2133178710,923.2133178710,923.2133178710,37.4666671752,22.9133338928,9.5399999618,8.5053319931,1.1200000047,0.0000000000,23.8666667938,0.0000000000
2026-09-27 16:47:41,0.3561831474,384.0000000000,254.0000000000,135.4666595458,1.4626667499,357.3333435058,923.2532958984,923.2532958984,923.2532958984,37.4000015258,22.8266677856,9.4799995422,8.4626665115,1.1200000047,0.0000000000,23.7999992370,0.0000000000
2026-09-27 16:53:15,0.3561059474,384.0000000000,289.3999938964,98.8666687011,2.0213332176,345.1333312988,923.2132568359,923.2132568359,923.2132568359,37.3333320617,22.9133358001,9.5599994659,8.5060005187,1.1200000047,0.0000000000,23.8666667938,0.0000000000
2026-09-27 16:58:50,0.3563165187,384.0000000000,264.2000122070,121.6666641235,1.5046664237,301.2666625976,923.2600708007,923.2600708007,923.2600708007,37.4000015258,22.6466674804,9.3333330154,8.3760004043,1.1200000047,0.0000000000,23.3333339691,0.0000000000
2026-09-27 17:04:25,0.3564877033,2247.6000976562,282.0000000000,139.3333282470,1.4020000457,193.2666625976,923.2600097656,923.2600097656,923.2600097656,37.3333320617,22.6866683959,9.3000001907,8.3493328094,1.1200000047,0.0000000000,23.4666671752,0.0000000000
2026-09-27 17:09:59,0.3570703506,7696.6000976562,273.7999877929,107.2666702270,1.6879999637,130.4666595458,923.2066650390,923.2066650390,923.2066650390,38.0666656494,22.1800003051,9.1133317947,8.2606678009,1.1200000047,0.0000000000,8.3333330154,0.0000000000
2026-09-27 17:15:34,0.3575198888,17208.5996093750,269.1333312988,174.6666717529,1.4966665267,98.5333328247,923.2134399414,923.2134399414,923.2134399414,38.6666679382,21.7733345031,9.0533323287,8.2393331527,1.1200000047,0.0000000000,0.0000000000,0.0000000000
2026-09-27 17:21:09,0.3577706575,17418.9335937500,270.2000122070,151.6666717529,1.2053333520,95.5999984741,923.2067871093,923.2067871093,923.2067871093,39.2000007629,21.5799999237,9.0066671371,8.2233333587,1.1200000047,0.0000000000,0.0000000000,0.0000000000
2026-09-27 17:26:43,0.3579650163,12145.2001953125,280.9333190917,186.4666595458,1.4733333587,109.5333328247,923.2333984375,923.2333984375,923.2333984375,39.6666679382,21.2199974060,8.8800001144,8.1500005722,1.1200000047,0.0000000000,0.0000000000,0.0000000000
2026-09-27 17:32:18,0.3579677343,12331.9335937500,272.2666625976,201.8000030517,1.2280000448,105.1333312988,923.2933349609,923.2933349609,923.2933349609,39.7999992370,21.3199996948,8.9733324050,8.2079992294,1.1200000047,0.0000000000,0.0000000000,0.0000000000
2026-09-27 17:37:52,0.3580857515,12450.7333984375,242.6000061035,100.0666656494,1.1353334188,79.0666656494,923.3800659179,923.3800659179,923.3800659179,40.1333351135,21.2066669464,9.0200004577,8.2379999160,1.1200000047,0.0000000000,0.0000000000,0.0000000000
2026-09-27 17:43:27,0.3582612276,7279.0000000000,288.2666625976,121.7333297729,1.2746665477,53.0666656494,923.4467163085,923.4467163085,923.4467163085,41.0000000000,21.1266689300,9.2533330917,8.3746671676,1.1200000047,0.0000000000,0.0000000000,0.0000000000
2026-09-27 17:49:02,0.3584747791,5085.0000000000,277.2000122070,182.6666717529,1.1240000724,45.0000000000,923.4934082031,923.4934082031,923.4934082031,41.0666656494,21.0133342742,9.1266660690,8.3006668090,1.1200000047,0.0000000000,0.0000000000,0.0000000000
2026-09-27 17:54:36,0.3585684061,4513.9331054687,282.2000122070,187.8000030517,1.1699998378,38.4000015258,923.4533691406,923.4533691406,923.4533691406,40.8666648864,20.8599967956,8.9733324050,8.2159996032,1.1200000047,0.0000000000,0.0000000000,0.0000000000
2026-09-27 18:00:11,0.3587513446,4545.3334960937,279.0666809082,208.5333404541,0.8920000076,36.3333320617,923.4866943359,923.4866943359,923.4866943359,41.7999992370,20.7800025939,9.1333322525,8.3199996948,1.1200000047,0.0000000000,0.0000000000,0.0000000000
2026-09-27 18:05:45,0.3582221269,4737.7333984375,276.4666748046,182.0000000000,0.9559999465,36.9333343505,923.5199584960,923.5199584960,923.5199584960,41.9333343505,20.5866680145,9.0466661453,8.2659997940,1.1200000047,0.0000000000,0.0000000000,0.0000000000
2026-09-27 18:11:20,0.3584404945,4187.9331054687,252.4666595458,157.9333343505,1.0093333721,33.1333351135,923.5466918945,923.5466918945,923.5466918945,42.4666671752,20.4866657257,9.1066675186,8.3100004196,1.1200000047,0.0000000000,0.0000000000,0.0000000000
2026-09-27 18:16:55,0.3585524797,4205.0000000000,269.0000000000,150.4666595458,0.9413333892,31.1333332061,923.5665283203,923.5665283203,923.5665283203,43.1333351135,20.4133319854,9.2266674041,8.3846664428,1.1200000047,0.0000000000,0.0000000000,0.0000000000
2026-09-27 18:22:43,0.3587561607,3528.7333984375,65.9333343505,32.0666656494,0.1619999885,10.1333332061,263.9066772460,263.9066772460,263.9066772460,12.6666669845,5.8133335113,2.7333333492,2.4533333778,0.3200000286,0.0000000000,0.0000000000,0.0000000000
2026-09-27 18:28:39,0.3589086771,2602.7333984375,22.0000000000,1.5333333015,0.0506666660,1.6000000000,65.9800033569,65.9800033569,65.9800033569,3.2000000476,1.4400000572,0.6800000190,0.6126666545,0.0800000095,0.0000000000,0.0000000000,0.0000000000
2026-09-27 18:34:34,0.3589139223,2171.8666992187,21.8666667938,1.3999999809,0.0586666631,1.4666666984,65.9800033569,65.9800033569,65.9800033569,3.2000000476,1.4400000572,0.6800000190,0.6106666564,0.0800000095,0.0000000000,0.0000000000,0.0000000000
2026-09-27 18:40:30,0.3589739322,2102.9333496093,21.7333335876,1.2666666507,0.0526666641,1.2666666507,65.9866638183,65.9866638183,65.9866638183,3.2000000476,1.4400000572,0.6866666793,0.6179999828,0.0800000095,0.0000000000,0.0000000000,0.0000000000
2026-09-27 18:46:25,0.3590982198,1863.4666748046,21.6000003814,1.1333333253,0.0513333320,1.5333333015,65.9866638183,65.9866638183,65.9866638183,3.2000000476,1.4333333015,0.6800000190,0.6133333206,0.0800000095,0.0000000000,0.0000000000,0.0000000000
2026-09-27 18:52:21,0.3590698003,1146.0666503906,1.0000000000,4.5333333015,0.0366666674,1.0666667222,65.9933319091,65.9933319091,65.9933319091,3.2000000476,1.4333333015,0.6800000190,0.6133333206,0.0800000095,0.0000000000,0.0000000000,0.0000000000
2026-09-27 18:58:16,0.3591475725,696.4666748046,20.2000007629,23.7333335876,0.0193333330,0.6666666984,65.9866638183,65.9866638183,65.9866638183,3.2000000476,1.4333333015,0.6800000190,0.6106666564,0.0800000095,0.0000000000,0.0000000000,0.0000000000
2026-09-27 19:04:12,0.3592926025,457.6000061035,21.3333339691,0.8666666984,0.0633333301,0.5333333492,65.9866638183,65.9866638183,65.9866638183,3.2666666507,1.4266666412,0.7000000000,0.6246666431,0.0800000095,0.0000000000,0.0000000000,0.0000000000
2026-09-27 19:10:07,0.3594250440,252.1999969482,20.0666675567,23.6000003814,0.0239999985,0.3333333492,65.9866638183,65.9866638183,65.9866638183,3.3333332538,1.4200000762,0.7066667079,0.6280000209,0.0800000095,0.0000000000,0.0000000000,0.0000000000
2026-09-27 19:16:01,0.3595498085,113.4000015258,39.4000015258,22.4666671752,0.0573333311,0.3333333492,131.9799957275,131.9799957275,131.9799957275,6.5333333015,2.8200001716,1.3733333349,1.2313332557,0.1600000143,0.0000000000,0.0000000000,0.0000000000
2026-09-27 19:21:54,0.3596190929,44.4000015258,43.8666648864,2.9333333969,0.1719999885,0.1333333373,131.9933319091,131.9933319091,131.9933319091,6.5999999046,2.8133333206,1.3600001335,1.2246665954,0.1600000143,0.0000000000,0.0000000000,0.0000000000
2026-09-27 19:27:50,0.3609647512,12.6666669845,22.3333339691,1.8666666984,0.0379999995,0.0666666698,66.0000000000,66.0000000000,66.0000000000,3.2666666507,1.4066666603,0.6800000190,0.6133333206,0.0800000095,0.0000000000,0.0000000000,0.0000000000
2026-09-27 19:33:46,0.3608458995,3.7333333492,23.3999996185,2.9333333969,0.0379999995,0.0666666698,66.0066680908,66.0066680908,66.0066680908,3.3333332538,1.3999999809,0.6800000190,0.6126666545,0.0800000095,0.0000000000,0.0000000000,0.0000000000
2026-09-27 19:39:41,0.3608280658,1.3999999809,20.7333335876,0.2666666746,0.0659999942,0.0666666698,66.0000000000,66.0000000000,66.0000000000,3.2000000476,1.4133334159,0.6600000381,0.6013333320,0.0800000095,0.0000000000,0.0000000000,0.0000000000
2026-09-27 19:45:37,0.3607996940,0.3333333492,4.3333334922,7.8666667938,0.0493333339,0.0666666698,66.0066680908,66.0066680908,66.0066680908,3.2666666507,1.4066666603,0.6733333587,0.6106666564,0.0800000095,0.0000000000,0.0000000000,0.0000000000
2026-09-27 19:51:32,0.3607748031,0.6000000000,4.9333333969,8.4666662216,0.0486666631,0.0000000000,66.0133361816,66.0133361816,66.0133361816,3.3333332538,1.4066666603,0.6866666793,0.6179999828,0.0800000095,0.0000000000,0.0000000000,0.0000000000
2026-09-27 19:57:28,0.3607755184,0.0000000000,4.9333333969,8.4666662216,0.0846666622,0.0000000000,66.0133361816,66.0133361816,66.0133361816,3.4000000953,1.3933333206,0.7000000000,0.6239999771,0.0800000095,0.0000000000,0.0000000000,0.0000000000
2026-09-27 20:03:23,0.3607539176,0.0000000000,5.7333331108,9.2666664123,0.0853333377,0.0000000000,66.0133361816,66.0133361816,66.0133361816,3.4000000953,1.3933333206,0.6933333873,0.6226666450,0.0800000095,0.0000000000,0.0000000000,0.0000000000
2026-09-27 20:09:19,0.3608298540,0.0000000000,4.1333332061,7.6666665077,0.1340000033,0.0000000000,66.0133361816,66.0133361816,66.0133361816,3.4666666984,1.3799999952,0.7000000000,0.6253333568,0.0800000095,0.0000000000,0.0000000000,0.0000000000
2026-09-27 20:15:14,0.3609448909,0.0000000000,5.1333332061,8.6666669845,0.0613333320,0.0000000000,66.0199966430,66.0199966430,66.0199966430,3.4666666984,1.3733333349,0.7066667079,0.6293333053,0.0800000095,0.0000000000,0.0000000000,0.0000000000
2026-09-27 20:21:08,0.3610939741,0.0000000000,5.4000000953,12.4666662216,0.0973333358,0.0000000000,132.0466613769,132.0466613769,132.0466613769,7.1333332061,2.7066664695,1.4199999809,1.2680000066,0.1600000143,0.0000000000,0.0000000000,0.0000000000
2026-09-27 20:27:03,0.3612373352,0.0000000000,4.0000000000,11.0666666030,0.1860000038,0.0000000000,132.0399932861,132.0399932861,132.0399932861,7.3333334922,2.6733331680,1.4466667175,1.2853332710,0.1600000143,0.0000000000,0.0000000000,0.0000000000
2026-09-27 20:32:57,0.3614021301,0.0000000000,9.8000001907,16.8666667938,0.0319999980,0.0666666698,132.0466613769,132.0466613769,132.0466613769,7.4666666984,2.6466667652,1.4466667175,1.2866666316,0.1600000143,0.0000000000,0.0000000000,0.0000000000
2026-09-27 20:38:50,0.3613228797,0.0000000000,35.4000015258,46.0000000000,0.1460000038,0.2666666746,198.1066741943,198.1066741943,198.1066741943,11.2666664123,3.9533336639,2.1733331680,1.9353332519,0.2400000095,0.0000000000,0.0000000000,0.0000000000
2026-09-27 20:44:45,0.3613186120,0.0000000000,20.6666660308,27.7999992370,0.1166666626,0.1333333373,132.0666656494,132.0666656494,132.0666656494,7.5999999046,2.6200001239,1.4533332824,1.2946665287,0.1600000143,0.0000000000,0.0000000000,0.0000000000
2026-09-27 20:50:38,0.3613443851,0.0000000000,38.2000007629,48.7999992370,0.1846666526,0.1333333373,198.1000061035,198.1000061035,198.1000061035,11.4666662216,3.9000000953,2.1933333873,1.9433332443,0.2400000095,0.0000000000,0.0000000000,0.0000000000
2026-09-27 20:56:31,0.3613021135,0.0000000000,31.8666667938,42.4666671752,0.0886666679,0.2000000000,198.1133422851,198.1133422851,198.1133422851,11.3999996185,3.9000000953,2.1800000667,1.9386665344,0.2400000095,0.0000000000,0.0000000000,0.0000000000
2026-09-27 21:02:25,0.3612900733,0.0000000000,25.7333335876,12.3333330154,0.2006666421,0.1333333373,198.1266784667,198.1266784667,198.1266784667,11.4666662216,3.9000000953,2.2066664695,1.9506665229,0.2400000095,0.0000000000,0.0000000000,0.0000000000
2026-09-27 21:08:17,0.3613040685,0.0000000000,48.3333320617,14.5333337783,0.1480000019,0.3333333492,264.1666870117,264.1666870117,264.1666870117,15.2666664123,5.1999998092,2.9266667366,2.5940001010,0.3200000286,0.0000000000,0.0000000000,0.0000000000
2026-09-27 21:14:10,0.3613112211,0.0000000000,55.9333343505,42.5333328247,0.0933333301,0.2000000000,198.1266784667,198.1266784667,198.1266784667,11.4666662216,3.9000000953,2.1866669654,1.9419999122,0.2400000095,0.0000000000,0.0000000000,0.0000000000
2026-09-27 21:20:03,0.3612638711,0.0000000000,42.8666648864,29.4666671752,0.1826666450,0.2000000000,198.1266784667,198.1266784667,198.1266784667,11.3999996185,3.9000000953,2.1800000667,1.9399999618,0.2400000095,0.0000000000,0.0000000000,0.0000000000
2026-09-27 21:25:59,0.3612111568,0.0000000000,21.1333332061,0.6666666984,0.0573333311,0.0666666698,66.0400009155,66.0400009155,66.0400009155,3.7999999523,1.2999999523,0.7200000286,0.6420000076,0.0800000095,0.0000000000,0.0000000000,0.0000000000
2026-09-27 21:31:54,0.3611988782,0.0000000000,0.4666666507,4.0000000000,0.1133333325,0.0666666698,66.0466690063,66.0466690063,66.0466690063,3.7333333492,1.2999999523,0.7000000000,0.6306666851,0.0800000095,0.0000000000,0.0000000000,0.0000000000
2026-09-27 21:37:50,0.3612792730,0.0000000000,21.4666671752,1.0000000000,0.0453333330,0.0666666698,66.0466690063,66.0466690063,66.0466690063,3.7333333492,1.2999999523,0.7133333206,0.6366666793,0.0800000095,0.0000000000,0.0000000000,0.0000000000
2026-09-27 21:43:43,0.3612638950,0.0000000000,22.8666667938,5.9333333969,0.0806666564,0.1333333373,132.0866699218,132.0866699218,132.0866699218,7.4666666984,2.5933334827,1.4066666603,1.2599999904,0.1600000143,0.0000000000,0.0000000000,0.0000000000
2026-09-27 21:49:37,0.3612484931,0.0000000000,19.9333324432,27.0000000000,0.0873333263,0.1333333373,132.0866699218,132.0866699218,132.0866699218,7.5333333015,2.5866665840,1.4199999809,1.2719999551,0.1600000143,0.0000000000,0.0000000000,0.0000000000
2026-09-27 21:55:33,0.3612276077,0.0000000000,23.0000000000,2.5333333015,0.0533333301,0.0666666698,66.0466690063,66.0466690063,66.0466690063,3.7333333492,1.2866667556,0.6933333873,0.6266666412,0.0800000095,0.0000000000,0.0000000000,0.0000000000
2026-09-27 22:01:28,0.3605489253,0.0000000000,0.0000000000,3.5333333015,0.0419999980,0.0666666698,66.0400009155,66.0400009155,66.0400009155,3.7333333492,1.2933332920,0.7000000000,0.6293333053,0.0800000095,0.0000000000,0.0000000000,0.0000000000
2026-09-27 22:07:24,0.3606181383,0.0000000000,23.0666675567,2.5999999046,0.0299999980,0.0666666698,66.0400009155,66.0400009155,66.0400009155,3.7333333492,1.2866667556,0.6933333873,0.6266666412,0.0800000095,0.0000000000,0.0000000000,0.0000000000
