2026-10-01 04:15:11,0.3952249050,1.0000000000,126.0000000000,175.6000061035,1.4386668205,0.6666666984,923.1066284179,923.1066284179,923.1066284179,83.0666656494,16.0799999237,14.4333324432,12.2706651687,1.1200000047,0.0000000000,0.0000000000,0.0000000000
2026-10-01 04:20:46,0.3944628524,1.0000000000,131.0000000000,180.4666595458,1.2006666660,0.3333333492,923.0866699218,923.0866699218,923.0866699218,83.0666656494,16.0799999237,14.4466657638,12.2826662063,1.1200000047,0.0000000000,0.0000000000,0.0000000000
2026-10-01 04:26:20,0.3938615036,1.0000000000,156.6666717529,182.1999969482,1.5299999713,0.0666666698,923.0733032226,923.0733032226,923.0733032226,83.0666656494,16.0533313751,14.4266643524,12.2613334655,1.1200000047,0.0000000000,0.0000000000,0.0000000000
2026-10-01 04:31:55,0.3931015777,1.0000000000,147.1999969482,196.7333374023,1.5100001335,0.1333333373,923.0466308593,923.0466308593,923.0466308593,83.0666656494,16.0666656494,14.4400005340,12.2833318710,1.1200000047,0.0000000000,0.0000000000,0.0000000000
2026-10-01 04:37:29,0.3928401947,1.0000000000,119.0666656494,168.5333404541,1.6040000915,0.0666666698,923.0267333984,923.0267333984,923.0267333984,83.0666656494,16.0866661071,14.4666662216,12.2919979095,1.1200000047,0.0000000000,0.0000000000,0.0000000000
2026-10-01 04:43:04,0.3923535537,1.0000000000,135.3333282470,184.8000030517,2.2233331203,0.0666666698,922.9801025390,922.9801025390,922.9801025390,83.0666656494,16.0866661071,14.4666662216,12.3000001907,1.1200000047,0.0000000000,0.0000000000,0.0000000000
2026-10-01 04:48:38,0.3917164611,1.0000000000,136.7333374023,186.2666625976,1.9446666717,0.0000000000,922.9600830078,922.9600830078,922.9600830078,83.0666656494,16.1066684722,14.4666662216,12.3080005645,1.1200000047,0.0000000000,0.0000000000,0.0000000000
2026-10-01 04:54:12,0.3911070632,1.0000000000,134.5333404541,184.0666656494,1.8673332214,0.0666666698,922.9600830078,922.9600830078,922.9600830078,83.0666656494,16.1466693878,14.5000019073,12.3379993438,1.1200000047,0.0000000000,0.0000000000,0.0000000000
2026-10-01 04:59:47,0.3909954833,1.0000000000,141.0666656494,190.5333404541,1.7393332481,0.0000000000,922.9533081054,922.9533081054,922.9533081054,83.0666656494,16.1466693878,14.5600013732,12.3726663589,1.1200000047,0.0000000000,0.0000000000,0.0000000000
2026-10-01 05:05:21,0.3905502510,1.0000000000,131.8000030517,181.3333282470,1.3246665000,0.0000000000,922.9199829101,922.9199829101,922.9199829101,83.0666656494,16.2133312225,14.5999994277,12.4139995574,1.1200000047,0.0000000000,0.0000000000,0.0000000000
2026-10-01 05:10:55,0.3909999847,1.0000000000,132.6666717529,182.2666625976,2.0506665706,0.0000000000,922.8732299804,922.8732299804,922.8732299804,83.0666656494,16.1933326721,14.5999994277,12.4086647033,1.1200000047,0.0000000000,0.0000000000,0.0000000000
2026-10-01 05:16:30,0.3908492088,1.0000000000,123.8666687011,173.3999938964,1.4780000686,0.0000000000,922.8067626953,922.8067626953,922.8067626953,83.0666656494,16.2733325958,14.6866664886,12.4693326950,1.1200000047,0.0000000000,0.0000000000,0.0000000000
2026-10-01 05:22:04,0.3916718006,1.0000000000,129.8000030517,179.2666625976,1.0413334369,0.0000000000,922.7667236328,922.7667236328,922.7667236328,83.0666656494,16.2800006866,14.6933336257,12.4860010147,1.1200000047,0.0000000000,0.0000000000,0.0000000000
2026-10-01 05:27:39,0.3914838790,1.0000000000,129.1999969482,178.7333374023,1.4199999809,0.0000000000,922.7667236328,922.7667236328,922.7667236328,83.0666656494,16.3333339691,14.7266683578,12.5006647109,1.1200000047,0.0000000000,0.0000000000,0.0000000000
2026-10-01 05:33:13,0.3905451774,1.0000000000,143.4666595458,192.9333343505,1.5546666145,0.0000000000,922.7399902343,922.7399902343,922.7399902343,83.0666656494,16.2999992370,14.7066669464,12.4993324279,1.1200000047,0.0000000000,0.0000000000,0.0000000000
2026-10-01 05:38:48,0.3899361133,1.0000000000,139.0666656494,188.5333404541,1.3499999046,0.0000000000,922.7066650390,922.7066650390,922.7066650390,83.0666656494,16.3466682434,14.7666683197,12.5366659164,1.1200000047,0.0000000000,0.0000000000,0.0000000000
2026-10-01 05:44:22,0.3891728401,1.0000000000,115.6666641235,165.1333312988,1.1879998397,0.0000000000,922.6533203125,922.6533203125,922.6533203125,83.0666656494,16.3466682434,14.7600002288,12.5313320159,1.1200000047,0.0000000000,0.0000000000,0.0000000000
2026-10-01 05:49:57,0.3888264846,1.0000000000,131.6000061035,181.0666656494,1.2286666631,0.0000000000,922.6399536132,922.6399536132,922.6399536132,83.0666656494,16.3533344268,14.7466688156,12.5360012054,1.1200000047,0.0000000000,0.0000000000,0.0000000000
2026-10-01 05:55:50,0.3888150215,1.0000000000,9.3999996185,12.9333333969,0.1879999923,0.0000000000,65.9000015258,65.9000015258,65.9000015258,5.9333333969,1.1733334064,1.0600000619,0.8993332862,0.0800000095,0.0000000000,0.0000000000,0.0000000000
2026-10-01 06:01:43,0.3882485580,1.0000000000,30.0666675567,40.6666679382,0.4766666412,0.0000000000,197.6999969482,197.6999969482,197.6999969482,17.7999992370,3.5133333206,3.1600000858,2.6893334388,0.2400000095,0.0000000000,0.0000000000,0.0000000000
2026-10-01 06:07:37,0.3874819564,1.0000000000,32.4666671752,43.0666656494,0.3026666641,0.0000000000,197.7066802978,197.7066802978,197.7066802978,17.7999992370,3.5200002193,3.1800000667,2.6986665725,0.2400000095,0.0000000000,0.0000000000,0.0000000000
2026-10-01 06:13:31,0.3869669914,1.0000000000,20.5333328247,27.6000003814,0.1833333396,0.0000000000,131.7933349609,131.7933349609,131.7933349609,11.8666667938,2.3466668128,2.1200001239,1.8019999504,0.1600000143,0.0000000000,0.0000000000,0.0000000000
2026-10-01 06:19:25,0.3864217281,1.0000000000,10.3333330154,17.3999996185,0.1493333101,0.0000000000,131.7866668701,131.7866668701,131.7866668701,11.8666667938,2.3533334732,2.1266667842,1.8039998054,0.1600000143,0.0000000000,0.0000000000,0.0000000000
2026-10-01 06:25:20,0.3852382183,1.0000000000,21.1333332061,28.2000007629,0.2713333129,0.0000000000,131.7799987792,131.7799987792,131.7799987792,11.8666667938,2.3466668128,2.1200001239,1.8019999504,0.1600000143,0.0000000000,0.0000000000,0.0000000000
2026-10-01 06:31:14,0.3819193649,1.0000000000,17.7333335876,24.7999992370,0.2206666707,0.0000000000,131.7799987792,131.7799987792,131.7799987792,11.8666667938,2.3533334732,2.1266667842,1.8053332328,0.1600000143,0.0000000000,0.0000000000,0.0000000000
2026-10-01 06:37:08,0.3820355224,1.0000000000,20.2666664123,27.3333339691,0.1673333168,0.0000000000,131.7733306884,131.7733306884,131.7733306884,11.8666667938,2.3600001335,2.1333334445,1.8126665115,0.1600000143,0.0000000000,0.0000000000,0.0000000000
2026-10-01 06:43:03,0.3808364868,0.8666666984,17.4666671752,24.5333328247,0.3079999923,0.0000000000,131.7799987792,131.7799987792,131.7799987792,11.8666667938,2.3600001335,2.1333334445,1.8093333244,0.1600000143,0.0000000000,0.0000000000,0.0000000000
2026-10-01 06:48:57,0.3752006292,1.0000000000,17.5333328247,24.6000003814,0.0946666622,0.0000000000,131.7866668701,131.7866668701,131.7866668701,11.8666667938,2.3600001335,2.1333334445,1.8106666564,0.1600000143,0.0000000000,0.0000000000,0.0000000000
2026-10-01 06:54:50,0.3713860988,3.4000000953,24.7999992370,35.4000015258,0.2053333282,0.0000000000,197.6733398437,197.6733398437,197.6733398437,17.7999992370,3.5533335208,3.2133331298,2.7253332138,0.2400000095,0.0000000000,0.0000000000,0.0000000000
2026-10-01 07:00:45,0.3701428174,6.1333332061,22.3333339691,29.3999996185,0.1553333282,0.0000000000,131.7599945068,131.7599945068,131.7599945068,11.8666667938,2.3733334541,2.1466667652,1.8199998855,0.1600000143,0.0000000000,0.0000000000,0.0000000000
2026-10-01 07:06:38,0.3700606346,19.2666664123,30.6666660308,41.2666664123,0.3319999933,0.0000000000,197.6599884033,197.6599884033,197.6599884033,17.7999992370,3.5600001811,3.2133331298,2.7279999256,0.2400000095,0.0000000000,0.0000000000,0.0000000000
2026-10-01 07:12:32,0.3700483322,43.4000015258,19.7333335876,26.7999992370,0.1279999971,0.1333333373,131.7666625976,131.7666625976,131.7666625976,11.8666667938,2.3800001144,2.1466667652,1.8199998855,0.1600000143,0.0000000000,0.0000000000,0.0000000000
2026-10-01 07:18:26,0.3730895280,86.1999969482,29.7333335876,40.3333320617,0.2779999971,0.3333333492,197.6399993896,197.6399993896,197.6399993896,17.7999992370,3.5799996852,3.2200002670,2.7306666374,0.2400000095,0.0000000000,0.0000000000,0.0000000000
2026-10-01 07:24:19,0.3849716377,152.1999969482,33.9333343505,44.5333328247,0.3813333511,0.4666666507,197.6399993896,197.6399993896,197.6399993896,17.7999992370,3.5799996852,3.2200002670,2.7333333492,0.2400000095,0.0000000000,0.0000000000,0.0000000000
2026-10-01 07:30:12,0.4279785633,187.0000000000,31.7333335876,42.3333320617,0.3886666488,0.5333333492,197.6333312988,197.6333312988,197.6333312988,17.7999992370,3.5799996852,3.2200002670,2.7313334941,0.2400000095,0.0000000000,0.0000000000,0.0000000000
2026-10-01 07:36:05,0.4710453033,269.2000122070,31.2000007629,41.7999992370,0.4353332996,0.7333333492,197.6399993896,197.6399993896,197.6399993896,17.7999992370,3.5799996852,3.2200002670,2.7340002059,0.2400000095,0.0000000000,0.0000000000,0.0000000000
2026-10-01 07:41:59,0.5010294437,371.6666564941,31.3333339691,41.9333343505,0.3826666355,1.1333333253,197.6466674804,197.6466674804,197.6466674804,17.7999992370,3.5799996852,3.2200002670,2.7373330593,0.2400000095,0.0000000000,0.0000000000,0.0000000000
2026-10-01 07:47:52,0.5618225097,582.5333251953,31.3333339691,42.0000000000,0.2673333644,1.7333333492,197.6399993896,197.6399993896,197.6399993896,17.7999992370,3.5799996852,3.2400002479,2.7426667213,0.2400000095,0.0000000000,0.0000000000,0.0000000000
2026-10-01 07:53:46,0.6454690933,740.3333129882,22.3333339691,29.3999996185,0.2106666564,1.4666666984,131.7666625976,131.7666625976,131.7666625976,11.8666667938,2.3866665363,2.1600000858,1.8293332099,0.1600000143,0.0000000000,0.0000000000,0.0000000000
2026-10-01 07:59:39,0.6771678924,707.9333496093,26.8666667938,37.5333328247,0.3693333148,2.0000000000,197.6599884033,197.6599884033,197.6599884033,17.7999992370,3.5999999046,3.2400002479,2.7473332881,0.2400000095,0.0000000000,0.0000000000,0.2000000000
2026-10-01 08:05:34,0.6879271507,1190.8666992187,19.1333332061,26.2000007629,0.4526666641,2.0666666030,131.7866668701,131.7866668701,131.7866668701,11.8666667938,2.4000000953,2.1533334255,1.8279998779,0.1600000143,0.0000000000,0.0000000000,0.0000000000
2026-10-01 08:11:27,0.7012481212,1457.8666992187,27.7999992370,38.4000015258,0.4680000305,4.3333334922,197.6599884033,197.6599884033,197.6599884033,17.7999992370,3.5999999046,3.2400002479,2.7459998130,0.2400000095,0.0000000000,0.0000000000,0.0000000000
2026-10-01 08:17:21,0.7067091941,1636.8000488281,17.5333328247,24.6000003814,0.2240000009,3.3333332538,131.7933349609,131.7933349609,131.7933349609,11.8000001907,2.4133334159,2.1600000858,1.8339998245,0.1600000143,0.0000000000,0.0000000000,0.0000000000
2026-10-01 08:23:16,0.7067531585,1097.1999511718,21.6000003814,28.6666660308,0.2086666584,2.3333332538,131.7866668701,131.7866668701,131.7866668701,11.7333335876,2.4133334159,2.1666667461,1.8386665344,0.1600000143,0.0000000000,0.0000000000,0.0000000000
2026-10-01 08:29:10,0.7139417648,1148.3333740234,13.0666666030,20.1333332061,0.2199999809,2.1333334445,131.7799987792,131.7799987792,131.7799987792,11.7333335876,2.4200003147,2.1600000858,1.8366665840,0.1600000143,0.0000000000,0.0000000000,0.0000000000
2026-10-01 08:35:03,0.7053415775,1801.4666748046,27.0666675567,37.6666679382,0.4306666374,4.8000001907,197.6733398437,197.6733398437,197.6733398437,17.6000003814,3.6400001049,3.2466666698,2.7540001869,0.2400000095,0.0000000000,0.0000000000,0.0000000000
2026-10-01 08:40:56,0.7048326015,1771.4666748046,40.3333320617,54.4666671752,0.4746666431,6.5333333015,263.5666809082,263.5666809082,263.5666809082,23.4666671752,4.8600001335,4.3266668319,3.6693332195,0.3200000286,0.0000000000,0.0000000000,0.0000000000
2026-10-01 08:46:49,0.7544157505,1753.1333007812,26.1333332061,36.7333335876,0.3693333148,4.8000001907,197.6666717529,197.6666717529,197.6666717529,17.4666671752,3.6600000858,3.2466666698,2.7533333301,0.2400000095,0.0000000000,0.0000000000,0.0000000000
2026-10-01 08:52:42,0.7529328346,1799.9333496093,31.5333328247,42.1333351135,0.4206666946,5.1333332061,197.6666717529,197.6666717529,197.6666717529,17.3999996185,3.6666667461,3.2466666698,2.7500000000,0.2400000095,0.0000000000,0.0000000000,0.0000000000
2026-10-01 08:58:34,0.7481359958,2052.8666992187,46.2000007629,60.3333320617,0.4420000076,7.9333333969,263.5266723632,263.5266723632,263.5266723632,23.2000007629,4.9066667556,4.3200001716,3.6646664142,0.3200000286,0.0000000000,0.0000000000,0.0000000000
