2026-10-02 10:15:33,0.3673944950,14965.0664062500,224.7333374023,250.2666625976,1.4466667175,225.0000000000,924.4466552734,924.4466552734,924.4466552734,74.6666641235,12.6200008392,9.5466661453,8.8266658782,1.1200000047,0.0000000000,0.0000000000,0.0000000000
2026-10-02 10:21:07,0.3671954631,15313.2666015625,214.0666656494,263.6000061035,1.6539999008,226.8000030517,924.3933715820,924.3933715820,924.3933715820,74.6666641235,12.7866659164,9.7066669464,8.9259986877,1.1200000047,0.0000000000,0.0000000000,0.0000000000
2026-10-02 10:26:41,0.3671583890,15901.0664062500,217.6000061035,267.2000122070,1.6860001087,224.6666717529,924.5132446289,924.5132446289,924.5132446289,74.6666641235,12.8533344268,9.7800006866,8.9693326950,1.1200000047,0.0000000000,0.0000000000,0.0000000000
2026-10-02 10:32:15,0.3669842243,14746.1337890625,221.7333374023,271.3333435058,1.6640000343,272.0000000000,924.6732788085,924.6732788085,924.6732788085,74.6666641235,13.0599994659,9.9866647720,9.0939998626,1.1200000047,0.0000000000,0.0000000000,0.0000000000
2026-10-02 10:37:49,0.3666653871,14177.2001953125,204.8666687011,254.8666687011,1.8979999542,259.0000000000,924.7132568359,924.7132568359,924.7132568359,74.1333312988,13.1733341217,9.9933328628,9.0833320617,1.1200000047,0.0000000000,0.0000000000,0.0000000000
2026-10-02 10:43:23,0.3667728424,13149.8662109375,213.8666687011,263.3999938964,1.9506664276,187.4666595458,924.7133178710,924.7133178710,924.7133178710,73.4666671752,13.1799983978,9.8800001144,9.0126667022,1.1200000047,0.0000000000,0.0000000000,0.0000000000
2026-10-02 10:48:58,0.3668430805,15660.4667968750,225.5333404541,275.0000000000,1.6633333206,210.7333374023,924.7333374023,924.7333374023,924.7333374023,73.6666641235,13.2733325958,9.9866666793,9.0893335342,1.1200000047,0.0000000000,0.0000000000,0.0000000000
2026-10-02 10:54:32,0.3665776491,12559.8662109375,217.6666717529,267.2666625976,1.8326665878,272.3999938964,924.7332763671,924.7332763671,924.7332763671,73.4666671752,13.4399986267,10.1200008392,9.1659994125,1.1200000047,0.0000000000,0.0000000000,0.0000000000
2026-10-02 11:00:06,0.3662633895,9234.4667968750,222.0000000000,272.3333435058,1.6973332405,296.3333435058,924.7333374023,924.7333374023,924.7333374023,72.8666687011,13.5533351898,10.0933341979,9.1553335189,1.1200000047,0.0000000000,0.0000000000,0.0000000000
2026-10-02 11:05:40,0.3660910367,9744.6669921875,210.4666595458,260.7999877929,1.5866664886,316.0666809082,924.8066406250,924.8066406250,924.8066406250,72.3333358764,13.6399993896,10.0800008773,9.1346654891,1.1200000047,0.0000000000,0.0000000000,0.0000000000
2026-10-02 11:11:14,0.3660482168,14470.4003906250,236.7333374023,262.2000122070,1.5999999046,257.6666564941,924.8067626953,924.8067626953,924.8067626953,72.6666641235,13.7799997329,10.2733335494,9.2500000000,1.1200000047,0.0000000000,0.0000000000,0.0000000000
2026-10-02 11:16:49,0.3659887075,13437.5332031250,239.8000030517,265.2666625976,1.5000000000,273.8666687011,924.9133300781,924.9133300781,924.9133300781,72.4666671752,13.9199991226,10.3866662979,9.3213329315,1.1200000047,0.0000000000,0.0000000000,0.0000000000
2026-10-02 11:22:23,0.3660048246,14940.2666015625,220.4666595458,270.0000000000,1.4400000572,252.3999938964,924.9798583984,924.9798583984,924.9798583984,72.5333328247,13.9666681289,10.4266662597,9.3533334732,1.1200000047,0.0000000000,0.0000000000,0.0000000000
2026-10-02 11:27:57,0.3658474683,13522.3330078125,222.5333404541,248.0000000000,1.7366665840,271.8666687011,924.9666748046,924.9666748046,924.9666748046,71.8666687011,14.0800018310,10.3800010681,9.3239994049,1.1200000047,0.0000000000,0.0000000000,0.0000000000
2026-10-02 11:33:31,0.3657940864,11553.4003906250,216.1333312988,241.6666717529,1.9479999542,295.8666687011,924.9932250976,924.9932250976,924.9932250976,71.5999984741,14.1133327484,10.4200000762,9.3379993438,1.1200000047,0.0000000000,0.0000000000,0.0000000000
2026-10-02 11:39:06,0.3656054019,12168.2001953125,229.5333404541,255.0000000000,1.9540002822,295.7333374023,925.0065917968,925.0065917968,925.0065917968,71.1333312988,14.2200002670,10.4200000762,9.3313322067,1.1200000047,0.0000000000,0.0000000000,0.0000000000
2026-10-02 11:44:40,0.3647822380,13766.1337890625,213.7333374023,263.2666625976,1.9366666793,282.2000122070,925.0667114257,925.0667114257,925.0667114257,70.5999984741,14.3333320617,10.4199991226,9.3319997787,1.1200000047,0.0000000000,0.0000000000,0.0000000000
2026-10-02 11:50:14,0.3648103237,15347.4003906250,212.3999938964,261.8666687011,1.6346666812,256.4666748046,925.1533813476,925.1533813476,925.1533813476,69.8000030517,14.5200023651,10.4800014495,9.3646669387,1.1200000047,0.0000000000,0.0000000000,0.0000000000
2026-10-02 11:56:06,0.3647164821,13032.8662109375,45.0666656494,55.6666679382,0.5113332748,59.9333343505,198.2533416748,198.2533416748,198.2533416748,14.6000003814,3.1266667842,2.1733331680,1.9586666107,0.2400000095,0.0000000000,0.0000000000,0.0000000000
2026-10-02 12:01:59,0.3644938468,12204.7998046875,50.0666656494,60.6666679382,0.4180000305,60.4666671752,198.2466583251,198.2466583251,198.2466583251,14.3333330154,3.1466667652,2.1466667652,1.9406665802,0.2400000095,0.0000000000,0.0000000000,0.0000000000
2026-10-02 12:07:51,0.3643447160,11906.7998046875,65.1333312988,79.2666702270,0.5039999485,82.1333312988,264.3466491699,264.3466491699,264.3466491699,18.7999992370,4.2333335876,2.8199998855,2.5566666126,0.3200000286,0.0000000000,0.0000000000,0.0000000000
2026-10-02 12:13:43,0.3641842603,13720.5996093750,65.4000015258,79.5333328247,0.6446666717,77.9333343505,264.3399963378,264.3399963378,264.3399963378,18.4666671752,4.2133336067,2.7400000095,2.5099999904,0.3200000286,0.0000000000,0.0000000000,0.0000000000
2026-10-02 12:19:37,0.3641507863,12294.2666015625,51.4000015258,62.0000000000,0.4159999847,58.0000000000,198.2666625976,198.2666625976,198.2666625976,13.7333335876,3.1666667461,2.0199999809,1.8606666564,0.2400000095,0.0000000000,0.0000000000,0.0000000000
2026-10-02 12:25:30,0.3639640808,10794.4667968750,48.2666664123,58.8666648864,0.2986666679,62.2000007629,198.2866668701,198.2866668701,198.2866668701,13.6666669845,3.2066664695,2.0666666030,1.8893333435,0.2400000095,0.0000000000,0.0000000000,0.0000000000
2026-10-02 12:31:23,0.3638159275,8802.0664062500,49.0666656494,59.6666679382,0.4759999752,63.7333335876,198.2866668701,198.2866668701,198.2866668701,13.3999996185,3.2133331298,2.0133333206,1.8553332328,0.2400000095,0.0000000000,0.0000000000,0.0000000000
2026-10-02 12:37:16,0.3636277675,8115.9331054687,50.7333335876,61.3333320617,0.2853332996,67.7333297729,198.2933197021,198.2933197021,198.2933197021,13.2666664123,3.2400004863,2.0000002384,1.8453331947,0.2400000095,0.0000000000,0.0000000000,0.0000000000
2026-10-02 12:43:11,0.3634058237,4885.6000976562,29.6666660308,36.7333335876,0.3393333435,49.5333328247,132.1933288574,132.1933288574,132.1933288574,8.5333337783,2.1600000858,1.2600001096,1.1859999847,0.1600000143,0.0000000000,0.0000000000,0.0000000000
2026-10-02 12:49:05,0.3637028932,1590.2667236328,35.2666664123,42.3333320617,0.1173333287,59.4666671752,132.2133331298,132.2133331298,132.2133331298,8.6000003814,2.1933333873,1.3066667318,1.2120000123,0.1600000143,0.0000000000,0.0000000000,0.0000000000
2026-10-02 12:55:00,0.3642987251,3677.8000488281,34.5999984741,41.6666679382,0.2539999961,52.2000007629,132.2200012207,132.2200012207,132.2200012207,8.5333337783,2.1933333873,1.3066667318,1.2133333683,0.1600000143,0.0000000000,0.0000000000,0.0000000000
2026-10-02 13:00:53,0.3641177415,583.3333129882,44.3333320617,55.0000000000,0.4093332767,96.6666641235,198.3466644287,198.3466644287,198.3466644287,12.9333333969,3.3600001335,2.0399999618,1.8653333663,0.2400000095,0.0000000000,0.0000000000,0.0000000000
2026-10-02 13:06:47,0.3635162115,830.7333374023,34.4666671752,41.5333328247,0.1366666674,66.1999969482,132.2400054931,132.2400054931,132.2400054931,8.5333337783,2.2866666316,1.3733333349,1.2513333559,0.1600000143,0.0000000000,0.0000000000,0.0000000000
2026-10-02 13:12:42,0.3635570526,2172.3332519531,31.7999992370,38.8666648864,0.2493333339,54.6666679382,132.2066802978,132.2066802978,132.2066802978,8.2666664123,2.2599999904,1.2866666316,1.1993333053,0.1600000143,0.0000000000,0.0000000000,0.0000000000
2026-10-02 13:18:37,0.3632427692,723.1333618164,18.6666660308,22.2000007629,0.1546666622,35.7999992370,66.1066665649,66.1066665649,66.1066665649,4.0666666030,1.1399999856,0.6400000572,0.5973333358,0.0800000095,0.0000000000,0.0000000000,0.0000000000
2026-10-02 13:24:33,0.3627745151,692.7999877929,16.4666671752,20.0000000000,0.1693333244,28.2000007629,66.1200027465,66.1200027465,66.1200027465,3.8666666030,1.1666666269,0.6199999809,0.5846666336,0.0800000095,0.0000000000,0.0000000000,0.0000000000
2026-10-02 13:30:27,0.3627473115,1020.9333496093,29.6000003814,36.6666679382,0.3413333415,68.6666641235,132.2599945068,132.2599945068,132.2599945068,7.6666665077,2.3266668319,1.2066667079,1.1486666202,0.1600000143,0.0000000000,0.0000000000,0.0000000000
2026-10-02 13:36:23,0.3625426292,539.7333374023,14.5333337783,18.0666675567,0.1473333358,37.1333351135,66.1266708374,66.1266708374,66.1266708374,3.7999999523,1.1599999666,0.6000000000,0.5719999790,0.0800000095,0.0000000000,0.0000000000,0.0000000000
2026-10-02 13:42:18,0.3626888990,1227.3333740234,14.6666669845,18.2000007629,0.1480000019,28.0000000000,66.1266708374,66.1266708374,66.1266708374,3.8666666030,1.1599999666,0.6133333206,0.5793333053,0.0800000095,0.0000000000,0.0000000000,0.0000000000
2026-10-02 13:48:12,0.3625952005,937.0000000000,31.2666664123,38.3333320617,0.3239999771,57.8666648864,132.2400054931,132.2400054931,132.2400054931,7.4000000953,2.3200001716,1.1399999856,1.1126666069,0.1600000143,0.0000000000,0.0000000000,0.0000000000
2026-10-02 13:54:07,0.3624234437,1107.4666748046,34.7999992370,17.8666667938,0.1413333320,57.4000015258,132.2666625976,132.2666625976,132.2666625976,7.5333333015,2.3666665554,1.2133333683,1.1546666622,0.1600000143,0.0000000000,0.0000000000,0.0000000000
2026-10-02 14:00:01,0.3621644973,584.5333251953,33.1333351135,40.2000007629,0.2913333129,60.7999992370,132.2533416748,132.2533416748,132.2533416748,7.3333334922,2.4200003147,1.2000000476,1.1413332223,0.1600000143,0.0000000000,0.0000000000,0.0000000000
2026-10-02 14:05:57,0.3618483781,563.4000244140,16.4666671752,20.0000000000,0.1120000004,31.9333324432,66.1399993896,66.1399993896,66.1399993896,3.6666667461,1.2200000286,0.6266667366,0.5846666336,0.0800000095,0.0000000000,0.0000000000,0.0000000000
2026-10-02 14:11:52,0.3619159460,749.1333618164,20.0000000000,23.5333328247,0.0446666622,26.3333339691,66.1399993896,66.1399993896,66.1399993896,3.3333332538,1.1866667270,0.4933333396,0.5133333206,0.0800000095,0.0000000000,0.0000000000,0.0000000000
2026-10-02 14:17:46,0.3618035316,390.5333251953,38.0666656494,21.1333332061,0.2533333301,72.7333297729,132.2933349609,132.2933349609,132.2933349609,6.9333333969,2.4000000953,1.0933333587,1.0800000381,0.1600000143,0.0000000000,0.0000000000,0.0000000000
2026-10-02 14:23:41,0.3615745544,544.2000122070,34.0666656494,41.1333351135,0.2753333568,66.0666656494,132.2866668701,132.2866668701,132.2866668701,6.9333333969,2.4066665172,1.0933333587,1.0833333778,0.1600000143,0.0000000000,0.0000000000,0.0000000000
2026-10-02 14:29:35,0.3614666223,590.6666870117,37.2666664123,44.3333320617,0.1019999980,68.8666687011,132.2866668701,132.2866668701,132.2866668701,7.0666666030,2.4200003147,1.1533333063,1.1133333444,0.1600000143,0.0000000000,0.0000000000,0.0000000000
2026-10-02 14:35:31,0.3613457441,389.6666564941,16.9333324432,20.4666671752,0.1573333263,36.2666664123,66.1399993896,66.1399993896,66.1399993896,3.6666667461,1.2133333683,0.6000000000,0.5719999790,0.0800000095,0.0000000000,0.0000000000,0.0000000000
2026-10-02 14:41:26,0.3609730243,394.5333251953,17.6000003814,21.1333332061,0.1120000004,43.6666679382,66.1466674804,66.1466674804,66.1466674804,3.4666666984,1.2266666889,0.5666666507,0.5526666641,0.0800000095,0.0000000000,0.0000000000,0.0000000000
2026-10-02 14:47:22,0.3611022472,393.4666748046,15.0666666030,18.6000003814,0.1626666641,30.2666664123,66.1399993896,66.1399993896,66.1399993896,3.4000000953,1.2333333492,0.5466666698,0.5386666774,0.0800000095,0.0000000000,0.0000000000,0.0000000000
2026-10-02 14:53:15,0.3607269287,818.9333496093,33.0000000000,40.0666656494,0.2906666278,57.1333351135,132.2933349609,132.2933349609,132.2933349609,6.7333331108,2.5200002193,1.1333333253,1.1013333797,0.1600000143,0.0000000000,0.0000000000,0.0000000000
2026-10-02 14:59:11,0.3609033584,1602.8666992187,16.3999996185,19.9333324432,0.1259999990,30.7999992370,66.1533355712,66.1533355712,66.1533355712,3.4000000953,1.2733333110,0.5799999713,0.5593332767,0.0800000095,0.0000000000,0.0000000000,0.0000000000
2026-10-02 15:05:07,0.3606361865,1944.3333740234,16.6666660308,20.2000007629,0.1759999847,25.9333324432,66.1533355712,66.1533355712,66.1533355712,3.1333334445,1.2733333110,0.5066666603,0.5193333148,0.0800000095,0.0000000000,0.0000000000,0.0000000000
2026-10-02 15:11:02,0.3600229024,1204.7332763671,14.8000001907,18.3333339691,0.0593333292,29.8666667938,66.1466674804,66.1466674804,66.1466674804,3.2000000476,1.2666666507,0.5266666889,0.5279999732,0.0800000095,0.0000000000,0.0000000000,0.0000000000
2026-10-02 15:16:58,0.3599980354,744.1333618164,20.3999996185,23.9333324432,0.2160000085,29.6000003814,66.1533355712,66.1533355712,66.1533355712,3.1333334445,1.2733333110,0.5133333683,0.5220000267,0.0800000095,0.0000000000,0.0000000000,0.0000000000
2026-10-02 15:22:53,0.3601225376,384.0000000000,18.8666667938,22.3999996185,0.0580000019,33.5333328247,66.1533355712,66.1533355712,66.1533355712,3.1333334445,1.2599999904,0.5000000000,0.5153333663,0.0800000095,0.0000000000,0.0000000000,0.0000000000
2026-10-02 15:28:49,0.3597547054,391.0000000000,19.6666660308,23.2000007629,0.0666666698,24.5333328247,66.1533355712,66.1533355712,66.1533355712,3.0666666030,1.2866667556,0.5000000000,0.5139999866,0.0800000095,0.0000000000,0.0000000000,0.0000000000
2026-10-02 15:34:44,0.3598446369,446.6666564941,18.7999992370,22.3333339691,0.1673333406,27.5333328247,66.1666641235,66.1666641235,66.1666641235,2.9333333969,1.2666666507,0.4400000095,0.4853333473,0.0800000095,0.0000000000,0.0000000000,0.0000000000
2026-10-02 15:40:40,0.3599226236,3077.8666992187,18.2000007629,21.7333335876,0.2286666393,18.8666667938,66.1666641235,66.1666641235,66.1666641235,3.0000000000,1.2800000953,0.4733333110,0.5013333320,0.0800000095,0.0000000000,0.0000000000,0.0000000000
2026-10-02 15:46:35,0.3601490020,2143.4665527343,18.6000003814,22.1333332061,0.1740000009,20.4666671752,66.1733322143,66.1733322143,66.1733322143,3.0000000000,1.2466666698,0.4466666698,0.4879999637,0.0800000095,0.0000000000,0.0000000000,0.0000000000
2026-10-02 15:52:31,0.3601283788,3703.8666992187,19.2000007629,22.7333335876,0.1840000057,19.0000000000,66.1733322143,66.1733322143,66.1733322143,3.0666666030,1.2533334493,0.4666666507,0.4960000038,0.0800000095,0.0000000000,0.0000000000,0.0000000000
2026-10-02 15:58:26,0.3602365493,635.5999755859,17.6666660308,21.2000007629,0.1786666488,21.7333335876,66.1733322143,66.1733322143,66.1733322143,3.0000000000,1.2400000095,0.4400000095,0.4833333015,0.0800000095,0.0000000000,0.0000000000,0.0000000000
2026-10-02 16:04:22,0.3601619720,1174.4000244140,16.7333335876,20.2666664123,0.1419999837,19.5333328247,66.1800003051,66.1800003051,66.1800003051,3.1333334445,1.2466666698,0.4800000190,0.5059999942,0.0800000095,0.0000000000,0.0000000000,0.0000000000
