2026-09-26 10:13:53,0.3610841751,8095.7998046875,0.0000000000,0.0000000000,0.0000000000,0.0000000000,0.0000000000,0.0000000000,0.0000000000,0.0000000000,0.0000000000,0.0000000000,0.0000000000,0.0000000000,0.0000000000,0.0000000000,0.0000000000
2026-09-26 10:19:26,0.3611041545,7797.7998046875,0.0000000000,0.0000000000,0.0000000000,0.0000000000,0.0000000000,0.0000000000,0.0000000000,0.0000000000,0.0000000000,0.0000000000,0.0000000000,0.0000000000,0.0000000000,0.0000000000,0.0000000000
2026-09-26 10:25:01,0.3611555337,9016.4667968750,0.0000000000,0.0000000000,0.0000000000,0.0000000000,0.0000000000,0.0000000000,0.0000000000,0.0000000000,0.0000000000,0.0000000000,0.0000000000,0.0000000000,0.0000000000,0.0000000000,0.0000000000
2026-09-26 10:30:35,0.3602225542,387.0000000000,0.0000000000,0.0000000000,0.0000000000,0.0000000000,0.0000000000,0.0000000000,0.0000000000,0.0000000000,0.0000000000,0.0000000000,0.0000000000,0.0000000000,0.0000000000,0.0000000000,0.0000000000
2026-09-26 10:36:10,0.3595403671,6236.7998046875,0.0000000000,0.0000000000,0.0000000000,0.0000000000,0.0000000000,0.0000000000,0.0000000000,0.0000000000,0.0000000000,0.0000000000,0.0000000000,0.0000000000,0.0000000000,0.0000000000,0.0000000000
2026-09-26 10:41:45,0.3593760490,623.0666503906,0.0000000000,0.0000000000,0.0000000000,0.0000000000,0.0000000000,0.0000000000,0.0000000000,0.0000000000,0.0000000000,0.0000000000,0.0000000000,0.0000000000,0.0000000000,0.0000000000,0.0000000000
2026-09-26 10:47:19,0.3601472616,384.0000000000,0.0000000000,0.0000000000,0.0000000000,0.0000000000,0.0000000000,0.0000000000,0.0000000000,0.0000000000,0.0000000000,0.0000000000,0.0000000000,0.0000000000,0.0000000000,0.0000000000,0.0000000000
2026-09-26 10:52:54,0.3603301286,2318.1999511718,0.0000000000,0.0000000000,0.0000000000,0.0000000000,0.0000000000,0.0000000000,0.0000000000,0.0000000000,0.0000000000,0.0000000000,0.0000000000,0.0000000000,0.0000000000,0.0000000000,0.0000000000
2026-09-26 10:58:28,0.3594729423,6769.3334960937,0.0000000000,0.0000000000,0.0000000000,0.0000000000,0.0000000000,0.0000000000,0.0000000000,0.0000000000,0.0000000000,0.0000000000,0.0000000000,0.0000000000,0.0000000000,0.0000000000,0.0000000000
2026-09-26 11:04:03,0.3592418670,384.1333312988,0.0000000000,0.0000000000,0.0000000000,0.0000000000,0.0000000000,0.0000000000,0.0000000000,0.0000000000,0.0000000000,0.0000000000,0.0000000000,0.0000000000,0.0000000000,0.0000000000,0.0000000000
2026-09-26 11:09:38,0.3593334197,4646.3999023437,0.0000000000,0.0000000000,0.0000000000,0.0000000000,0.0000000000,0.0000000000,0.0000000000,0.0000000000,0.0000000000,0.0000000000,0.0000000000,0.0000000000,0.0000000000,0.0000000000,0.0000000000
2026-09-26 11:15:12,0.3596315622,1537.4666748046,0.0000000000,0.0000000000,0.0000000000,0.0000000000,0.0000000000,0.0000000000,0.0000000000,0.0000000000,0.0000000000,0.0000000000,0.0000000000,0.0000000000,0.0000000000,0.0000000000,0.0000000000
2026-09-26 11:20:47,0.3593650102,1855.5999755859,0.0000000000,0.0000000000,0.0000000000,0.0000000000,0.0000000000,0.0000000000,0.0000000000,0.0000000000,0.0000000000,0.0000000000,0.0000000000,0.0000000000,0.0000000000,0.0000000000,0.0000000000
2026-09-26 11:26:21,0.3586019277,3092.7333984375,0.0000000000,0.0000000000,0.0000000000,0.0000000000,0.0000000000,0.0000000000,0.0000000000,0.0000000000,0.0000000000,0.0000000000,0.0000000000,0.0000000000,0.0000000000,0.0000000000,0.0000000000
2026-09-26 11:31:56,0.3594937086,7151.7333984375,0.0000000000,0.0000000000,0.0000000000,0.0000000000,0.0000000000,0.0000000000,0.0000000000,0.0000000000,0.0000000000,0.0000000000,0.0000000000,0.0000000000,0.0000000000,0.0000000000,0.0000000000
2026-09-26 11:37:31,0.3592089176,6697.6665039062,0.0000000000,0.0000000000,0.0000000000,0.0000000000,0.0000000000,0.0000000000,0.0000000000,0.0000000000,0.0000000000,0.0000000000,0.0000000000,0.0000000000,0.0000000000,0.0000000000,0.0000000000
2026-09-26 11:43:05,0.3589710712,6694.6000976562,0.0000000000,0.0000000000,0.0000000000,0.0000000000,0.0000000000,0.0000000000,0.0000000000,0.0000000000,0.0000000000,0.0000000000,0.0000000000,0.0000000000,0.0000000000,0.0000000000,0.0000000000
2026-09-26 11:48:40,0.3587204217,6736.3999023437,0.0000000000,0.0000000000,0.0000000000,0.0000000000,0.0000000000,0.0000000000,0.0000000000,0.0000000000,0.0000000000,0.0000000000,0.0000000000,0.0000000000,0.0000000000,0.0000000000,0.0000000000
2026-09-26 11:54:35,0.3586862564,6776.5332031250,0.0000000000,0.0000000000,0.0000000000,0.0000000000,0.0000000000,0.0000000000,0.0000000000,0.0000000000,0.0000000000,0.0000000000,0.0000000000,0.0000000000,0.0000000000,0.0000000000,0.0000000000
2026-09-26 12:00:30,0.3585783243,6831.3999023437,23.1333332061,2.6666667461,0.0893333244,45.3333320617,66.4733352661,66.4733352661,66.4733352661,2.7333333492,1.4533333778,0.5400000095,0.5313333511,0.0800000095,0.0000000000,0.0000000000,0.0000000000
2026-09-26 12:06:26,0.3582559823,6922.2001953125,22.6666660308,2.2000000476,0.0793333292,46.0000000000,66.4733352661,66.4733352661,66.4733352661,2.6666667461,1.4733333587,0.5266666889,0.5233333110,0.0800000095,0.0000000000,0.0000000000,0.0000000000
2026-09-26 12:12:21,0.3581316947,3133.5334472656,22.2666664123,1.7999999523,0.0900000000,46.3333320617,66.4666671752,66.4666671752,66.4666671752,2.8666666030,1.5133334159,0.6333333015,0.5819999694,0.0800000095,0.0000000000,0.0000000000,0.0000000000
2026-09-26 12:18:17,0.3581064224,384.0000000000,21.5333328247,1.0666667222,0.1746666526,46.5999984741,66.4599990844,66.4599990844,66.4599990844,3.0000000000,1.4866667747,0.6666666984,0.6006667137,0.0800000095,0.0000000000,0.0000000000,0.0000000000
2026-09-26 12:24:12,0.3578149080,3221.8666992187,2.0000000000,5.5333333015,0.1873333358,47.3333320617,66.4599990844,66.4599990844,66.4599990844,2.8666666030,1.5133334159,0.6466666221,0.5913333415,0.0800000095,0.0000000000,0.0000000000,0.0000000000
2026-09-26 12:30:08,0.3577024698,4932.2001953125,3.0000000000,6.5333333015,0.1393333196,47.4666671752,66.4533309936,66.4533309936,66.4533309936,3.0666666030,1.5000000000,0.7066667079,0.6253333568,0.0800000095,0.0000000000,0.0000000000,0.0000000000
2026-09-26 12:36:03,0.3573895931,384.0000000000,5.8000001907,9.3333330154,0.0586666631,47.3333320617,66.4533309936,66.4533309936,66.4533309936,3.0000000000,1.5400000572,0.7066667079,0.6239999771,0.0800000095,0.0000000000,0.0000000000,0.0000000000
2026-09-26 12:41:59,0.3574509143,451.2666625976,16.6000003814,20.1333332061,0.0433333349,47.5333328247,66.4533309936,66.4533309936,66.4533309936,2.8666666030,1.5333333015,0.6466666221,0.5899999618,0.0800000095,0.0000000000,0.0000000000,0.0000000000
2026-09-26 12:47:54,0.3571397781,385.1333312988,20.6666660308,0.2000000000,0.0933333301,48.0666656494,66.4466705322,66.4466705322,66.4466705322,2.6666667461,1.5400000572,0.5933333396,0.5593332767,0.0800000095,0.0000000000,0.0000000000,0.0000000000
2026-09-26 12:53:50,0.3569796323,384.0000000000,23.0000000000,2.5333333015,0.0913333320,48.0666656494,66.4400024414,66.4400024414,66.4400024414,2.8666666030,1.5400000572,0.6666666984,0.5993333339,0.0800000095,0.0000000000,0.0000000000,0.0000000000
2026-09-26 12:59:45,0.3571075439,384.0000000000,22.1333332061,1.6666666030,0.0913333320,47.8666648864,66.4400024414,66.4400024414,66.4400024414,2.8666666030,1.5266666412,0.6600000381,0.5980000019,0.0800000095,0.0000000000,0.0000000000,0.0000000000
2026-09-26 13:05:41,0.3567026138,384.0000000000,20.7999992370,0.3333333492,0.0953333282,48.3333320617,66.4400024414,66.4400024414,66.4400024414,2.7999999523,1.5800000190,0.6733333587,0.6039999961,0.0800000095,0.0000000000,0.0000000000,0.0000000000
2026-09-26 13:11:36,0.3567816257,384.0000000000,16.9333324432,20.4666671752,0.0413333320,48.1333351135,66.4400024414,66.4400024414,66.4400024414,2.7999999523,1.5800000190,0.6866666793,0.6099999427,0.0800000095,0.0000000000,0.0000000000,0.0000000000
2026-09-26 13:17:32,0.3565499544,384.0000000000,20.6000003814,0.1333333373,0.1033333301,48.1333351135,66.4266662597,66.4266662597,66.4266662597,2.6666667461,1.5666666984,0.6199999809,0.5713333129,0.0800000095,0.0000000000,0.0000000000,0.0000000000
2026-09-26 13:23:27,0.3563026428,384.0000000000,20.9333324432,0.4666666507,0.0233333325,47.8666648864,66.4199981689,66.4199981689,66.4199981689,2.7999999523,1.5466667175,0.6533333778,0.5913333415,0.0800000095,0.0000000000,0.0000000000,0.0000000000
2026-09-26 13:29:23,0.3562435626,384.0000000000,19.7999992370,23.3333339691,0.0740000009,48.0666656494,66.4266662597,66.4266662597,66.4266662597,2.7999999523,1.5933333396,0.6933333873,0.6146667003,0.0800000095,0.0000000000,1.6666666030,0.0000000000
2026-09-26 13:35:18,0.3562798738,384.0000000000,20.4666671752,0.0000000000,0.1546666622,47.9333343505,66.4133377075,66.4133377075,66.4133377075,2.7999999523,1.6000000000,0.7000000000,0.6213333129,0.0800000095,0.0000000000,1.6666666030,0.0000000000
2026-09-26 13:41:14,0.3560133218,384.0000000000,19.6666660308,23.2000007629,0.0326666641,47.8666648864,66.4066696166,66.4066696166,66.4066696166,2.7333333492,1.5666666984,0.6333333015,0.5819999694,0.0800000095,0.0000000000,0.0000000000,0.0000000000
2026-09-26 13:47:09,0.3555923461,455.7999877929,21.8666667938,1.3999999809,0.0273333311,48.0000000000,66.4066696166,66.4066696166,66.4066696166,2.7333333492,1.6333333015,0.6933333873,0.6153333187,0.0800000095,0.0000000000,1.7333333492,0.0000000000
2026-09-26 13:53:05,0.3555491209,10663.4667968750,21.7333335876,1.2666666507,0.0673333358,48.0000000000,66.4000015258,66.4000015258,66.4000015258,2.7333333492,1.6666666030,0.7333333492,0.6399999618,0.0800000095,0.0000000000,1.7333333492,0.0000000000
2026-09-26 13:59:00,0.3556988716,10497.0000000000,9.9333333969,13.4666662216,0.0319999980,48.2666664123,66.3866653442,66.3866653442,66.3866653442,2.5999999046,1.6133333206,0.6333333015,0.5786666393,0.0800000095,0.0000000000,1.6666666030,0.0000000000
2026-09-26 14:04:56,0.3552979946,10960.5996093750,0.6000000000,4.1333332061,0.0593333292,49.2000007629,66.3933334350,66.3933334350,66.3933334350,2.7333333492,1.6666666030,0.7266666889,0.6340000152,0.0800000095,0.0000000000,1.7333333492,0.0000000000
2026-09-26 14:10:51,0.3545536041,392.5333251953,20.9333324432,0.4666666507,0.2599999904,50.4000015258,66.3866653442,66.3866653442,66.3866653442,2.5999999046,1.6266666412,0.6333333015,0.5786666393,0.0800000095,0.0000000000,1.6666666030,0.0000000000
2026-09-26 14:16:47,0.3543095827,2867.8000488281,16.7333335876,20.2666664123,0.0553333282,52.1333351135,66.3799972534,66.3799972534,66.3799972534,2.3333332538,1.6666666030,0.5866666793,0.5493333339,0.0800000095,0.0000000000,1.7333333492,0.0000000000
2026-09-26 14:22:42,0.3546657323,13558.1337890625,17.2666664123,20.7999992370,0.0719999980,38.0000000000,66.3733367919,66.3733367919,66.3733367919,2.4000000953,1.6666666030,0.6133333206,0.5659999847,0.0800000095,0.0000000000,1.7333333492,0.0000000000
2026-09-26 14:28:38,0.3558671236,1272.8666992187,4.8000001907,8.3333330154,0.0653333282,25.6000003814,66.3600006103,66.3600006103,66.3600006103,2.5333333015,1.5933333396,0.6000000000,0.5613333702,0.0800000095,0.0000000000,1.6666666030,0.0000000000
2026-09-26 14:34:34,0.3553534507,1490.7332763671,21.3999996185,0.9333333015,0.1279999971,47.3333320617,66.3733367919,66.3733367919,66.3733367919,2.6666667461,1.6399999618,0.6733333587,0.6006667137,0.0800000095,0.0000000000,1.7333333492,0.0000000000
2026-09-26 14:40:29,0.3554696083,784.5333251953,21.7999992370,1.3333333730,0.0993333339,27.4666671752,66.3600006103,66.3600006103,66.3600006103,2.5999999046,1.6200001239,0.6333333015,0.5773333549,0.0800000095,0.0000000000,1.6666666030,0.0000000000
2026-09-26 14:46:25,0.3554855823,674.9333496093,3.2666666507,6.8000001907,0.0279999995,28.2000007629,66.3533325195,66.3533325195,66.3533325195,2.4666666984,1.6533334255,0.6266667366,0.5719999790,0.0800000095,0.0000000000,1.7333333492,0.0000000000
2026-09-26 14:52:20,0.3558643102,1659.0666503906,22.7333335876,2.2666666507,0.1326666593,24.0666675567,66.3533325195,66.3533325195,66.3533325195,2.5999999046,1.6266666412,0.6466666221,0.5880000114,0.0800000095,0.0000000000,1.6666666030,0.0000000000
2026-09-26 14:58:16,0.3562496662,2300.3999023437,20.7999992370,0.3333333492,0.1006666660,21.8666667938,66.3533325195,66.3533325195,66.3533325195,2.5333333015,1.5733333587,0.5799999713,0.5500000000,0.0800000095,0.0000000000,0.0000000000,0.0000000000
2026-09-26 15:04:11,0.3562453031,588.4000244140,18.0666675567,21.6000003814,0.0500000000,23.0000000000,66.3533325195,66.3533325195,66.3533325195,2.4666666984,1.5800000190,0.5666666507,0.5426666259,0.0800000095,0.0000000000,0.0000000000,0.0000000000
2026-09-26 15:10:07,0.3560503721,384.0000000000,20.6666660308,0.2000000000,0.1613333225,32.0666656494,66.3466644287,66.3466644287,66.3466644287,2.5999999046,1.5866666793,0.6266667366,0.5739999771,0.0800000095,0.0000000000,0.0000000000,0.0000000000
2026-09-26 15:16:02,0.3555833101,384.0000000000,20.7333335876,0.2666666746,0.0386666660,31.9333324432,66.3333358764,66.3333358764,66.3333358764,2.5999999046,1.6000000000,0.6266667366,0.5739999771,0.0800000095,0.0000000000,1.6666666030,0.0000000000
2026-09-26 15:21:58,0.3556093931,384.0000000000,20.2666664123,23.7999992370,0.0186666669,37.3333320617,66.3333358764,66.3333358764,66.3333358764,2.4666666984,1.6533334255,0.6266667366,0.5733333110,0.0800000095,0.0000000000,1.7333333492,0.0000000000
2026-09-26 15:27:53,0.3564028263,384.0000000000,23.7999992370,3.3333332538,0.0326666641,36.3333320617,66.3266677856,66.3266677856,66.3266677856,2.6666667461,1.6533334255,0.7066667079,0.6226666450,0.0800000095,0.0000000000,1.7333333492,0.0000000000
2026-09-26 15:33:49,0.3568421363,384.0000000000,21.6000003814,1.1333333253,0.1213333368,28.1333332061,66.3199996948,66.3199996948,66.3199996948,2.6666667461,1.6000000000,0.6400000572,0.5826666355,0.0800000095,0.0000000000,1.6666666030,0.0000000000
2026-09-26 15:39:44,0.3570866346,1499.2667236328,21.6666660308,1.2000000476,0.0746666669,20.7333335876,66.3133316040,66.3133316040,66.3133316040,2.5999999046,1.6066666603,0.6400000572,0.5833333015,0.0800000095,0.0000000000,1.6666666030,0.0000000000
2026-09-26 15:45:40,0.3574566841,2251.7333984375,19.1333332061,22.6666660308,0.0853333377,18.4666671752,66.3133316040,66.3133316040,66.3133316040,2.6666667461,1.6000000000,0.6466666221,0.5886666774,0.0800000095,0.0000000000,1.6666666030,0.0000000000
2026-09-26 15:51:35,0.3575032234,870.3333129882,16.3999996185,19.9333324432,0.0666666698,21.2000007629,66.3066711425,66.3066711425,66.3066711425,2.6666667461,1.6000000000,0.6466666221,0.5860000133,0.0800000095,0.0000000000,1.6666666030,0.0000000000
2026-09-26 15:57:31,0.3576690912,4421.2666015625,18.4666671752,22.0000000000,0.0233333325,18.1333332061,66.3066711425,66.3066711425,66.3066711425,2.6666667461,1.6000000000,0.6533333778,0.5906666755,0.0800000095,0.0000000000,1.6666666030,0.0000000000
2026-09-26 16:03:26,0.3579362630,5318.0668945312,19.6666660308,23.2000007629,0.0279999995,16.9333324432,66.3066711425,66.3066711425,66.3066711425,3.0000000000,1.5599999427,0.7333333492,0.6399999618,0.0800000095,0.0000000000,0.0000000000,0.0000000000
