2026-10-03 22:15:57,0.3828782844,0.0000000000,240.0666656494,217.5333404541,0.1433333301,1.8666666984,934.4866333007,934.4866333007,934.4866333007,70.9333343505,8.4266672134,4.7733325958,6.3226666450,1.1200000047,0.0000000000,0.0000000000,0.0000000000
2026-10-03 22:21:30,0.3859465599,0.0000000000,154.5333404541,63.5999984741,0.1933333396,2.2000000476,1001.1533203125,1001.1533203125,1001.1533203125,76.3333358764,8.8533344268,5.0266661643,6.7433333396,1.2000000476,0.0000000000,0.0000000000,0.0000000000
2026-10-03 22:27:04,0.3892440795,0.0000000000,50.9333343505,104.0000000000,0.4279999732,2.4666666984,1001.0466308593,1001.0466308593,1001.0466308593,77.9333343505,8.8800010681,5.2933335304,6.8673338890,1.2000000476,0.0000000000,0.0000000000,0.0000000000
2026-10-03 22:32:38,0.3895815849,0.0000000000,73.4666671752,78.8000030517,0.2739999771,3.0666666030,1000.9268188476,1000.9268188476,1000.9268188476,77.1999969482,9.0000000000,5.3533334732,6.8866667747,1.2000000476,0.0000000000,0.0000000000,0.0000000000
2026-10-03 22:38:12,0.3899618148,0.0000000000,56.1333351135,109.8000030517,0.4006666660,2.1333334445,1000.8533935546,1000.8533935546,1000.8533935546,77.0000000000,9.0999994277,5.4000010490,6.9133334159,1.2000000476,0.0000000000,0.0000000000,0.0000000000
2026-10-03 22:43:46,0.3925590991,0.0000000000,46.0000000000,95.5333328247,0.3653332948,1.3999999809,934.0598754882,934.0598754882,934.0598754882,71.8666687011,8.5533323287,5.0400009155,6.4519991874,1.1200000047,0.0000000000,0.0000000000,0.0000000000
2026-10-03 22:49:20,0.3944503021,0.0000000000,46.2000007629,95.9333343505,0.3459999799,1.2666666507,933.9866943359,933.9866943359,933.9866943359,71.4000015258,8.6466674804,5.0400009155,6.4599990844,1.1200000047,0.0000000000,0.0000000000,0.0000000000
2026-10-03 22:54:54,0.3969785690,0.0000000000,41.5333328247,95.4666671752,0.4240000724,1.0000000000,1000.6867065429,1000.6867065429,1000.6867065429,76.0000000000,9.3733348846,5.4000010490,6.9179997444,1.2000000476,0.0000000000,0.0000000000,0.0000000000
2026-10-03 23:00:28,0.4033360004,0.0000000000,38.2666664123,67.3333358764,0.4480000019,0.2000000000,1000.6331787109,1000.6331787109,1000.6331787109,76.8000030517,9.0866661071,5.3066668510,6.8733339309,1.2000000476,0.0000000000,0.0000000000,0.0000000000
2026-10-03 23:06:02,0.4097404479,0.0000000000,295.3999938964,32.9333343505,0.2973332881,0.4000000000,933.8932495117,933.8932495117,933.8932495117,72.2666702270,8.2133331298,4.8266663551,6.3546667098,1.1200000047,0.0000000000,0.0000000000,0.0000000000
2026-10-03 23:11:36,0.4154651641,0.0000000000,341.3333435058,34.4000015258,0.3813333034,1.4666666984,1000.6600341796,1000.6600341796,1000.6600341796,78.0000000000,8.6399984359,5.1599993705,6.8093333244,1.2000000476,0.0000000000,0.0000000000,0.0000000000
2026-10-03 23:17:10,0.4206974029,0.0000000000,338.8666687011,31.8666667938,0.2806666374,1.9333333015,1000.6199340820,1000.6199340820,1000.6199340820,79.0000000000,8.5399999618,5.1399993896,6.7933330535,1.2000000476,0.0000000000,0.0000000000,0.0000000000
2026-10-03 23:22:43,0.4267804145,0.0000000000,268.1333312988,53.5999984741,0.1919999885,1.8666666984,933.8732910156,933.8732910156,933.8732910156,73.7333297729,7.9200000762,4.7466664314,6.3333334922,1.1200000047,0.0000000000,0.0000000000,0.0000000000
2026-10-03 23:28:17,0.4330049991,0.0000000000,108.6666641235,65.7333297729,0.2913333129,2.1333334445,1000.4934082031,1000.4934082031,1000.4934082031,79.5333328247,8.2933330535,5.0000000000,6.7566666603,1.2000000476,0.0000000000,0.0000000000,0.0000000000
2026-10-03 23:33:51,0.4386298179,0.0000000000,65.8000030517,118.9333343505,0.3200000286,2.0666666030,1000.4467163085,1000.4467163085,1000.4467163085,80.0666656494,8.3000011444,5.1666665077,6.8193340301,1.2000000476,0.0000000000,0.0000000000,0.0000000000
2026-10-03 23:39:25,0.4417657375,0.0000000000,62.0666656494,115.1333312988,0.2926666450,2.0000000000,1000.3867187500,1000.3867187500,1000.3867187500,80.5333328247,8.3533353805,5.2733325958,6.8633327484,1.2000000476,0.0000000000,0.0000000000,0.0000000000
2026-10-03 23:44:59,0.4459544181,0.0000000000,66.1333312988,115.5999984741,0.3139999866,1.8666666984,933.6799926757,933.6799926757,933.6799926757,75.4000015258,7.8266677856,4.9533333778,6.4279999732,1.1200000047,0.0000000000,0.0000000000,0.0000000000
2026-10-03 23:50:46,0.4494471073,0.0000000000,20.2666664123,45.0666656494,0.1566666603,1.0666667222,466.8199768066,466.8199768066,466.8199768066,37.6666679382,3.9466667175,2.5200002193,3.2300000190,0.5599999904,0.0000000000,0.0000000000,0.0000000000
2026-10-03 23:56:35,0.4522246360,0.0000000000,16.2666664123,37.5333328247,0.1413333320,0.8000000000,400.1133117675,400.1133117675,400.1133117675,32.0000000000,3.4000000953,2.1600000858,2.7666666507,0.4799999713,0.0000000000,0.0000000000,0.0000000000
2026-10-04 00:02:25,0.4558772087,0.0000000000,54.2666664123,51.5333328247,0.0593333292,0.6000000000,400.1199951171,400.1199951171,400.1199951171,32.0000000000,3.4000000953,2.1199998855,2.7526664733,0.4799999713,0.0000000000,0.0000000000,0.0000000000
2026-10-04 00:08:15,0.4612201690,0.0000000000,125.5999984741,50.8666648864,0.0639999961,0.6000000000,400.1133117675,400.1133117675,400.1133117675,31.8666667938,3.3600003719,2.0600001811,2.7233331203,0.4799999713,0.0000000000,0.0000000000,0.0000000000
2026-10-04 00:14:04,0.4680422782,0.0000000000,133.5333404541,10.8000001907,0.1086666698,0.6666666984,400.0933532714,400.0933532714,400.0933532714,32.2666664123,3.2599999904,2.0399999618,2.7146666049,0.4799999713,0.0000000000,0.0000000000,0.0000000000
2026-10-04 00:19:54,0.4756614685,0.0000000000,113.1333312988,86.3333358764,0.0826666641,0.6666666984,400.0600280761,400.0600280761,400.0600280761,32.4000015258,3.1933333873,2.0066666603,2.7046666145,0.4799999713,0.0000000000,0.0000000000,0.0000000000
2026-10-04 00:25:43,0.4831981182,0.0000000000,152.9333343505,33.7333335876,0.1473333358,0.9333333015,466.7400512695,466.7400512695,466.7400512695,38.2666664123,3.6666667461,2.3399999141,3.1546666622,0.5599999904,0.0000000000,0.0000000000,0.0000000000
2026-10-04 00:31:31,0.4902717590,0.0000000000,158.8000030517,15.5333337783,0.2286666393,0.9333333015,466.7333679199,466.7333679199,466.7333679199,38.7333335876,3.6600003242,2.4399998188,3.1973333358,0.5599999904,0.0000000000,0.0000000000,0.0000000000
2026-10-04 00:37:20,0.4972976207,0.0000000000,158.8000030517,15.5333337783,0.1913333129,0.8666666984,466.7133483886,466.7133483886,466.7133483886,38.7333335876,3.6399998664,2.4266667366,3.1986665725,0.5599999904,0.0000000000,0.0000000000,0.0000000000
2026-10-04 00:43:10,0.5055458068,0.0000000000,76.8000030517,26.3333339691,0.0926666736,0.7333333492,400.0133361816,400.0133361816,400.0133361816,33.3333320617,3.0800001621,2.0733335018,2.7346663475,0.4799999713,0.0000000000,0.0000000000,0.0000000000
2026-10-04 00:48:58,0.5129482269,0.0000000000,110.3333358764,63.1333351135,0.0826666641,0.9333333015,466.6600036621,466.6600036621,466.6600036621,38.7999992370,3.5533330440,2.3533332347,3.1646664142,0.5599999904,0.0000000000,0.0000000000,0.0000000000
2026-10-04 00:54:47,0.5192113876,0.0000000000,75.6666641235,52.4000015258,0.1099999904,1.0666667222,466.6199645996,466.6199645996,466.6199645996,39.0000000000,3.5000000000,2.3333332538,3.1499998569,0.5599999904,0.0000000000,0.0000000000,0.0000000000
2026-10-04 01:00:37,0.5252776145,0.0000000000,75.4666671752,24.6666660308,0.0786666774,0.8666666984,399.9266662597,399.9266662597,399.9266662597,33.5999984741,2.9666666984,1.9666666984,2.6920001506,0.4799999713,0.0000000000,0.0000000000,0.0000000000
