2026-10-06 22:16:46,0.3638305902,0.0000000000,128.6000061035,178.0666656494,1.9140001296,0.0000000000,924.4334716796,924.4334716796,924.4334716796,61.5999984741,11.7800006866,6.0666666030,6.8726673126,1.1200000047,0.0000000000,0.0000000000,0.0000000000
2026-10-06 22:22:20,0.3639128684,0.0000000000,140.9333343505,191.0666656494,1.6299998760,0.0000000000,924.3199462890,924.3199462890,924.3199462890,61.5999984741,11.7533330917,6.0666666030,6.8760004043,1.1200000047,0.0000000000,0.0000000000,0.0000000000
2026-10-06 22:27:55,0.3639784097,0.0000000000,138.0666656494,187.6000061035,1.7093333244,0.0000000000,924.2865600585,924.2865600585,924.2865600585,61.5999984741,11.6866664886,6.0666666030,6.8926663398,1.1200000047,0.0000000000,0.0000000000,0.0000000000
2026-10-06 22:33:29,0.3639885187,0.0000000000,126.7333297729,176.2666625976,2.1686666011,0.0000000000,924.2932739257,924.2932739257,924.2932739257,62.4666671752,11.6666669845,6.1199994087,6.9046664237,1.1200000047,0.0000000000,0.0000000000,0.0000000000
2026-10-06 22:39:03,0.3639900922,0.0000000000,133.8000030517,183.3999938964,1.8213331222,0.0000000000,924.3466796875,924.3466796875,924.3466796875,62.5333328247,11.6666669845,6.1333327293,6.9060001373,1.1200000047,0.0000000000,0.0000000000,0.0000000000
2026-10-06 22:44:37,0.3640228748,0.0000000000,128.4666595458,178.1333312988,2.2980000972,0.0000000000,924.3934936523,924.3934936523,924.3934936523,62.5333328247,11.6333322525,6.0799999237,6.8966660499,1.1200000047,0.0000000000,0.0000000000,0.0000000000
2026-10-06 22:50:12,0.3640213489,0.0000000000,133.8666687011,184.0666656494,1.9080000877,0.0000000000,924.3200683593,924.3200683593,924.3200683593,62.5333328247,11.5733327865,6.0866665840,6.9046664237,1.1200000047,0.0000000000,0.0000000000,0.0000000000
2026-10-06 22:55:46,0.3640289783,0.0000000000,133.7333374023,183.8000030517,1.9813332557,0.2666666746,924.3466796875,924.3466796875,924.3466796875,62.5333328247,11.5866661071,6.1266660690,6.9106669425,1.1200000047,0.0000000000,0.0000000000,0.0000000000
2026-10-06 23:01:20,0.3632692098,0.0000000000,133.3999938964,183.5333404541,1.7306667327,0.1333333373,924.3400268554,924.3400268554,924.3400268554,62.5333328247,11.6000013351,6.1533327102,6.9113340377,1.1200000047,0.0000000000,0.0000000000,0.0000000000
2026-10-06 23:06:54,0.3633909463,0.0000000000,133.8000030517,183.3333282470,1.8439999580,0.2000000000,924.2732543945,924.2732543945,924.2732543945,62.5333328247,11.6466665267,6.1599988937,6.9166674613,1.1200000047,0.0000000000,0.0000000000,0.0000000000
2026-10-06 23:12:29,0.3633631706,0.0000000000,136.8000030517,186.4666595458,2.1013331413,0.1333333373,924.3200073242,924.3200073242,924.3200073242,62.5333328247,11.6266651153,6.1599988937,6.9233326911,1.1200000047,0.0000000000,0.0000000000,0.0000000000
2026-10-06 23:18:03,0.3633681297,0.0000000000,127.4666671752,176.9333343505,1.6093334197,0.0666666698,924.2932739257,924.2932739257,924.2932739257,62.5333328247,11.5733327865,6.1599988937,6.9319996833,1.1200000047,0.0000000000,0.0000000000,0.0000000000
2026-10-06 23:23:37,0.3634038925,0.0000000000,134.6666717529,184.1999969482,1.7306665420,0.1333333373,924.2466430664,924.2466430664,924.2466430664,63.2000007629,11.5733327865,6.1599988937,6.9426665306,1.1200000047,0.0000000000,0.0000000000,0.0000000000
2026-10-06 23:29:11,0.3634888887,0.0000000000,126.4000015258,175.9333343505,1.6886667251,0.2666666746,924.1800537109,924.1800537109,924.1800537109,63.4666671752,11.5733327865,6.2399992942,6.9666671752,1.1200000047,0.0000000000,0.0000000000,0.0000000000
2026-10-06 23:34:45,0.3634281396,0.0000000000,137.9333343505,188.1333312988,1.6193331718,0.3333333492,924.1065673828,924.1065673828,924.1065673828,63.4666671752,11.5733327865,6.2533326148,6.9819998741,1.1200000047,0.0000000000,0.0000000000,0.0000000000
2026-10-06 23:40:20,0.3635018825,0.0000000000,138.2666625976,187.7333374023,1.7213332653,0.1333333373,924.1466674804,924.1466674804,924.1466674804,63.4666671752,11.5733327865,6.3400006294,7.0193328857,1.1200000047,0.0000000000,0.0000000000,0.0000000000
2026-10-06 23:45:54,0.3635488033,0.0000000000,143.4666595458,193.4666595458,2.2239999771,0.4666666507,924.0665893554,924.0665893554,924.0665893554,63.4666671752,11.6533336639,6.4266672134,7.0579996109,1.1200000047,0.0000000000,0.0000000000,0.0000000000
2026-10-06 23:51:28,0.3635412216,0.0000000000,141.8666687011,192.1999969482,1.9226666450,0.2666666746,923.9933471679,923.9933471679,923.9933471679,63.4666671752,11.6666669845,6.4400010108,7.0666666030,1.1200000047,0.0000000000,0.0000000000,0.0000000000
2026-10-06 23:57:21,0.3636913061,0.0000000000,21.2666664123,28.3999996185,0.4000000000,0.0666666698,131.9733276367,131.9733276367,131.9733276367,9.0666666030,1.6733334064,0.9199999809,1.0086666345,0.1600000143,0.0000000000,0.0000000000,0.0000000000
2026-10-07 00:03:14,0.3647670745,0.0000000000,19.3999996185,30.0666675567,0.3486666440,0.1333333373,197.9599914550,197.9599914550,197.9599914550,13.6000003814,2.5200002193,1.3799999952,1.5126666069,0.2400000095,0.0000000000,0.0000000000,0.0000000000
2026-10-07 00:09:08,0.3645516395,0.0000000000,21.9333324432,29.0666675567,0.1860000038,0.1333333373,131.9733276367,131.9733276367,131.9733276367,8.9333333969,1.6800000667,0.9199999809,1.0066666603,0.1600000143,0.0000000000,0.0000000000,0.0000000000
2026-10-07 00:15:03,0.3644821882,0.0000000000,21.6666660308,28.7999992370,0.2653333187,0.0666666698,131.9466705322,131.9466705322,131.9466705322,9.0666666030,1.6866665840,0.9199999809,1.0093332529,0.1600000143,0.0000000000,0.0000000000,0.0000000000
2026-10-07 00:20:56,0.3644691944,0.0000000000,30.3333339691,41.0666656494,0.3593333244,0.0000000000,197.9400024414,197.9400024414,197.9400024414,13.5333337783,2.5333333015,1.3799999952,1.5126666069,0.2400000095,0.0000000000,0.0000000000,0.0000000000
2026-10-07 00:26:49,0.3644051313,0.0000000000,27.7333335876,38.4666671752,0.4486666679,0.0666666698,197.9333343505,197.9333343505,197.9333343505,13.6000003814,2.5200002193,1.3799999952,1.5153332710,0.2400000095,0.0000000000,0.0000000000,0.0000000000
2026-10-07 00:32:42,0.3643714904,0.0000000000,31.9333324432,42.7333335876,0.4480000019,0.0000000000,197.9266815185,197.9266815185,197.9266815185,13.6000003814,2.5200002193,1.3866666603,1.5180000305,0.2400000095,0.0000000000,0.0000000000,0.0000000000
2026-10-07 00:38:35,0.3643440723,0.0000000000,29.6000003814,40.4000015258,0.3373332977,0.0000000000,197.9133453369,197.9133453369,197.9133453369,13.6000003814,2.5200002193,1.3799999952,1.5166666507,0.2400000095,0.0000000000,0.0000000000,0.0000000000
2026-10-07 00:44:28,0.3643803834,0.0000000000,34.9333343505,49.1333351135,0.3286666631,0.0000000000,263.8333435058,263.8333435058,263.8333435058,18.1333332061,3.3600001335,1.8400000572,2.0253331661,0.3200000286,0.0000000000,0.0000000000,0.0000000000
2026-10-07 00:50:20,0.3643768310,0.0000000000,41.0000000000,55.1333351135,0.5579999923,0.0666666698,263.8399963378,263.8399963378,263.8399963378,18.1333332061,3.3600001335,1.8533332824,2.0273332595,0.3200000286,0.0000000000,0.0000000000,0.0000000000
2026-10-07 00:56:12,0.3642811775,0.0000000000,37.7333335876,52.1333351135,0.3020000219,0.2666666746,263.8399963378,263.8399963378,263.8399963378,18.1333332061,3.3600001335,1.8600000381,2.0306665897,0.3200000286,0.0000000000,0.0000000000,0.0000000000
2026-10-07 01:02:05,0.3642149925,0.0000000000,30.7999992370,41.5999984741,0.2926666450,0.2000000000,197.8666687011,197.8666687011,197.8666687011,13.6000003814,2.5333333015,1.3999999809,1.5246665477,0.2400000095,0.0000000000,0.0000000000,0.0000000000
2026-10-07 01:07:58,0.3641734600,0.0000000000,26.9333324432,37.5999984741,0.4046666145,0.2000000000,197.8400115966,197.8400115966,197.8400115966,13.6000003814,2.5466666221,1.3999999809,1.5246665477,0.2400000095,0.0000000000,0.0000000000,0.0000000000
2026-10-07 01:13:51,0.3640948534,0.0000000000,30.5333328247,41.1333351135,0.2619999885,0.2000000000,197.8400115966,197.8400115966,197.8400115966,13.4666662216,2.5666666030,1.4066666603,1.5293332099,0.2400000095,0.0000000000,0.0000000000,0.0000000000
2026-10-07 01:19:44,0.3640465974,0.0000000000,24.1333332061,34.7333335876,0.2853332996,0.2000000000,197.8200073242,197.8200073242,197.8200073242,13.3999996185,2.5933334827,1.4133334159,1.5326666831,0.2400000095,0.0000000000,0.0000000000,0.0000000000
2026-10-07 01:25:39,0.3639790058,0.0000000000,17.0666675567,24.1333332061,0.1666666746,0.0666666698,131.8800048828,131.8800048828,131.8800048828,8.9333333969,1.7400000095,0.9466666221,1.0239999294,0.1600000143,0.0000000000,0.0000000000,0.0000000000
2026-10-07 01:31:33,0.3639532089,0.0000000000,23.2000007629,30.2666664123,0.2393333435,0.1333333373,131.8733367919,131.8733367919,131.8733367919,8.9333333969,1.7533333301,0.9600000381,1.0259999036,0.1600000143,0.0000000000,0.0000000000,0.0000000000
2026-10-07 01:37:28,0.3639248371,0.0000000000,17.6666660308,24.7333335876,0.3153333425,0.0666666698,131.8600006103,131.8600006103,131.8600006103,8.9333333969,1.7599999904,0.9600000381,1.0299999713,0.1600000143,0.0000000000,0.0000000000,0.0000000000
2026-10-07 01:43:22,0.3638932228,0.0000000000,17.6000003814,24.7333335876,0.3133333206,0.0000000000,131.8600006103,131.8600006103,131.8600006103,8.9333333969,1.7666666507,0.9666666030,1.0319999456,0.1600000143,0.0000000000,0.0000000000,0.0000000000
2026-10-07 01:49:16,0.3638752937,0.0000000000,27.2000007629,34.3333320617,0.1533333301,0.0000000000,131.8466644287,131.8466644287,131.8466644287,8.9333333969,1.7733333110,0.9733333587,1.0333333015,0.1600000143,0.0000000000,0.0000000000,0.0000000000
2026-10-07 01:55:12,0.3638744354,0.0000000000,12.4666662216,16.0000000000,0.1586666584,0.0000000000,65.9199981689,65.9199981689,65.9199981689,4.4666666984,0.8800000190,0.4866666793,0.5159999847,0.0800000095,0.0000000000,0.0000000000,0.0000000000
2026-10-07 02:01:06,0.3638806819,0.0000000000,14.0000000000,21.0666675567,0.1546666717,0.0000000000,131.8266754150,131.8266754150,131.8266754150,8.9333333969,1.7666666507,0.9733333587,1.0373332500,0.1600000143,0.0000000000,0.0000000000,0.0000000000
2026-10-07 02:07:01,0.3638659000,0.0000000000,19.8666667938,26.9333324432,0.3426666736,0.0000000000,131.8066711425,131.8066711425,131.8066711425,8.9333333969,1.7599999904,0.9733333587,1.0360000133,0.1600000143,0.0000000000,0.0000000000,0.0000000000
2026-10-07 02:12:55,0.3631644725,0.0000000000,12.6666669845,19.7333335876,0.2100000143,0.0666666698,131.8133392333,131.8133392333,131.8133392333,8.9333333969,1.7599999904,0.9733333587,1.0373332500,0.1600000143,0.0000000000,0.0000000000,0.0000000000
2026-10-07 02:18:49,0.3632600545,0.0000000000,18.4666671752,25.5333328247,0.1926666641,0.0666666698,131.8066711425,131.8066711425,131.8066711425,8.9333333969,1.7666666507,0.9733333587,1.0373332500,0.1600000143,0.0000000000,0.0000000000,0.0000000000
2026-10-07 02:24:42,0.3632360696,0.0000000000,30.3333339691,40.9333343505,0.5026666641,0.0000000000,197.6999969482,197.6999969482,197.6999969482,13.3999996185,2.6466667652,1.4600001335,1.5526665687,0.2400000095,0.0000000000,0.0000000000,0.0000000000
2026-10-07 02:30:36,0.3632736206,0.0000000000,28.5333328247,39.2000007629,0.4153333187,0.0000000000,197.6733398437,197.6733398437,197.6733398437,13.3999996185,2.6399998664,1.4600001335,1.5539999961,0.2400000095,0.0000000000,0.0000000000,0.0000000000
2026-10-07 02:36:28,0.3633025169,0.0000000000,31.3999996185,45.5333328247,0.5806666374,0.0000000000,263.5333251953,263.5333251953,263.5333251953,17.8666667938,3.5066668987,1.9466667175,2.0706665515,0.3200000286,0.0000000000,0.0000000000,0.0000000000
2026-10-07 02:42:21,0.3633319139,0.0000000000,27.2666664123,37.8666648864,0.3386666536,0.0000000000,197.6266784667,197.6266784667,197.6266784667,13.3999996185,2.6200001239,1.4600001335,1.5526667594,0.2400000095,0.0000000000,0.0000000000,0.0000000000
2026-10-07 02:48:13,0.3633812904,0.0000000000,36.4666671752,50.5999984741,0.3973332881,0.0000000000,263.4733276367,263.4733276367,263.4733276367,17.8666667938,3.5000000000,1.9466667175,2.0693333148,0.3200000286,0.0000000000,0.0000000000,0.0000000000
