2026-09-29 04:14:37,0.3665194749,0.0000000000,286.7999877929,121.1333312988,0.3399999618,1.8666666984,925.2600708007,925.2600708007,925.2600708007,73.7333297729,14.3999996185,11.0799989700,9.7713327407,1.1200000047,0.0000000000,0.0000000000,0.0000000000
2026-09-29 04:20:11,0.3663264751,0.0000000000,256.6666564941,282.3999938964,0.3620000123,1.8666666984,925.2599487304,925.2599487304,925.2599487304,73.7333297729,14.5200023651,11.2000007629,9.8626680374,1.1200000047,0.0000000000,0.0000000000,0.0000000000
2026-09-29 04:25:46,0.3660296916,0.0000000000,234.6666717529,284.8666687011,0.4206666469,1.6666666030,925.3466796875,925.3466796875,925.3466796875,73.7333297729,14.6933336257,11.3199987411,9.9379997253,1.1200000047,0.0000000000,0.0000000000,0.0000000000
2026-09-29 04:31:20,0.3659680128,0.0000000000,257.0666809082,259.3333435058,0.3913333129,1.2666666507,925.4066772460,925.4066772460,925.4066772460,72.8000030517,14.8333311080,11.3866643905,9.9653320312,1.1200000047,0.0000000000,0.0000000000,0.0000000000
2026-09-29 04:36:54,0.3664377927,0.0000000000,261.2666625976,239.4666595458,0.3446666717,0.9333333015,925.4000244140,925.4000244140,925.4000244140,72.8000030517,14.8866672515,11.4533348083,10.0120000839,1.1200000047,0.0000000000,0.0000000000,0.0000000000
2026-09-29 04:42:29,0.3674768924,0.0000000000,278.0000000000,183.6000061035,0.3359999895,0.8000000000,925.4200439453,925.4200439453,925.4200439453,72.8000030517,14.9333333969,11.4800014495,10.0353336334,1.1200000047,0.0000000000,0.0000000000,0.0000000000
2026-09-29 04:48:03,0.3674287796,0.0000000000,264.1333312988,289.6000061035,0.3053333282,0.8666666984,925.4465942382,925.4465942382,925.4465942382,72.8000030517,14.9666690826,11.5333318710,10.0726661682,1.1200000047,0.0000000000,0.0000000000,0.0000000000
2026-09-29 04:53:38,0.3673051595,0.0000000000,261.6000061035,239.0666656494,0.3639999866,0.9333333015,925.4533081054,925.4533081054,925.4533081054,72.8000030517,15.0266695022,11.5799989700,10.1199998855,1.1200000047,0.0000000000,0.0000000000,0.0000000000
2026-09-29 04:59:12,0.3672035217,0.0000000000,228.8000030517,254.3999938964,0.3840000152,0.9333333015,925.4398803710,925.4398803710,925.4398803710,72.8000030517,15.1066646575,11.6200008392,10.1399993896,1.1200000047,0.0000000000,0.0000000000,0.0000000000
2026-09-29 05:04:47,0.3670882940,0.0000000000,208.1999969482,209.8000030517,0.2366666555,0.9333333015,925.4865722656,925.4865722656,925.4865722656,72.8000030517,15.1399993896,11.6666669845,10.1719999313,1.1200000047,0.0000000000,0.0000000000,0.0000000000
2026-09-29 05:10:21,0.3670962095,0.0000000000,237.3333282470,142.8666687011,0.1646666526,0.9333333015,925.4798583984,925.4798583984,925.4798583984,72.8000030517,15.2133350372,11.6733341217,10.1879987716,1.1200000047,0.0000000000,0.0000000000,0.0000000000
2026-09-29 05:15:56,0.3670552968,0.0000000000,303.3999938964,89.2666702270,0.2926666450,0.9333333015,925.5132446289,925.5132446289,925.5132446289,72.8000030517,15.2133350372,11.6800012588,10.1786661148,1.1200000047,0.0000000000,0.0000000000,0.0000000000
2026-09-29 05:21:30,0.3671123504,0.0000000000,241.5333404541,219.0666656494,0.1893333435,0.6000000000,925.5800170898,925.5800170898,925.5800170898,72.8000030517,15.2666654586,11.7600002288,10.2206678390,1.1200000047,0.0000000000,0.0000000000,0.0000000000
2026-09-29 05:27:05,0.3669107437,0.0000000000,233.5333404541,283.0666809082,0.2966666412,0.9333333015,925.6465454101,925.6465454101,925.6465454101,72.8000030517,15.3133306503,11.7466678619,10.2113332748,1.1200000047,0.0000000000,0.0000000000,0.0000000000
2026-09-29 05:32:39,0.3668308496,0.0000000000,291.0666809082,100.5333328247,0.2986666202,0.9333333015,925.6865844726,925.6865844726,925.6865844726,72.3333358764,15.3999996185,11.7600002288,10.2233324050,1.1200000047,0.0000000000,0.0000000000,0.0000000000
2026-09-29 05:38:14,0.3669389247,0.0000000000,287.2000122070,121.4000015258,0.2553333282,0.5333333492,925.7133178710,925.7133178710,925.7133178710,72.8000030517,15.3999996185,11.8200006484,10.2539997100,1.1200000047,0.0000000000,0.0000000000,0.0000000000
2026-09-29 05:43:49,0.3668056726,0.0000000000,244.8666687011,222.7333374023,0.3579999923,0.9333333015,925.7667236328,925.7667236328,925.7667236328,72.1333312988,15.3999996185,11.7733345031,10.2246665954,1.1200000047,0.0000000000,0.0000000000,0.0000000000
2026-09-29 05:49:23,0.3666810989,0.0000000000,250.4666595458,204.0000000000,0.2473333120,0.9333333015,925.8134155273,925.8134155273,925.8134155273,71.8666687011,15.4266681671,11.7533349990,10.2080011367,1.1200000047,0.0000000000,0.0000000000,0.0000000000
2026-09-29 05:55:18,0.3666815519,0.0000000000,0.0000000000,0.0000000000,0.0000000000,0.0000000000,0.0000000000,0.0000000000,0.0000000000,0.0000000000,0.0000000000,0.0000000000,0.0000000000,0.0000000000,0.0000000000,0.0000000000,0.0000000000
2026-09-29 06:01:12,0.3668302536,0.0000000000,38.9333343505,22.0000000000,0.0266666674,0.0666666698,132.2533416748,132.2533416748,132.2533416748,10.2666664123,2.2133333683,1.6866665840,1.4633332252,0.1600000143,0.0000000000,0.0000000000,0.0000000000
2026-09-29 06:07:06,0.3668989181,0.0000000000,37.2000007629,20.2666664123,0.0253333330,0.0666666698,132.2733459472,132.2733459472,132.2733459472,10.2666664123,2.2133333683,1.6933332443,1.4693334102,0.1600000143,0.0000000000,0.0000000000,0.0000000000
2026-09-29 06:13:01,0.3669129848,0.0000000000,23.6666660308,6.8666667938,0.0173333311,0.1333333373,132.2799987792,132.2799987792,132.2799987792,10.2666664123,2.2133333683,1.6933332443,1.4659999847,0.1600000143,0.0000000000,0.0000000000,0.0000000000
2026-09-29 06:18:55,0.3668194293,0.0000000000,38.2000007629,21.2666664123,0.0286666660,0.1333333373,132.2933349609,132.2933349609,132.2933349609,10.2666664123,2.2133333683,1.6933332443,1.4699998855,0.1600000143,0.0000000000,0.0000000000,0.0000000000
2026-09-29 06:24:49,0.3667699813,0.0000000000,37.5333328247,44.5999984741,0.0400000047,0.1333333373,132.2866668701,132.2866668701,132.2866668701,10.2666664123,2.2133333683,1.6933332443,1.4706666469,0.1600000143,0.0000000000,0.0000000000,0.0000000000
2026-09-29 06:30:44,0.3667845726,0.4000000000,46.5333328247,5.5999999046,0.0133333337,0.1333333373,132.3066711425,132.3066711425,132.3066711425,10.2666664123,2.2266666889,1.7066667079,1.4746665954,0.1600000143,0.0000000000,0.0000000000,0.0000000000
2026-09-29 06:36:38,0.3667293071,0.8000000000,12.3999996185,19.4666671752,0.0179999995,0.1333333373,132.3066711425,132.3066711425,132.3066711425,10.2666664123,2.2333333492,1.7066667079,1.4759999275,0.1600000143,0.0000000000,0.0000000000,0.0000000000
2026-09-29 06:42:33,0.3666721343,0.7333333492,33.8666648864,16.9333324432,0.0093333330,0.1333333373,132.3200073242,132.3200073242,132.3200073242,10.2666664123,2.2400002479,1.7066667079,1.4813332557,0.1600000143,0.0000000000,0.0000000000,0.0000000000
2026-09-29 06:48:27,0.3666765451,2.0000000000,24.9333324432,32.0000000000,0.0179999995,0.1333333373,132.3200073242,132.3200073242,132.3200073242,10.2666664123,2.2400002479,1.7066667079,1.4799999237,0.1600000143,0.0000000000,0.0000000000,0.0000000000
2026-09-29 06:54:21,0.3667248249,5.9333333969,42.2000007629,1.2666666507,0.0213333344,0.1333333373,132.3133239746,132.3133239746,132.3133239746,10.2666664123,2.2400002479,1.7066667079,1.4799999237,0.1600000143,0.0000000000,0.0000000000,0.0000000000
2026-09-29 07:00:17,0.3665806293,17.0000000000,18.4666671752,22.0000000000,0.0186666669,0.0666666698,66.1666641235,66.1666641235,66.1666641235,5.1333332061,1.1200001239,0.8533333778,0.7393333435,0.0800000095,0.0000000000,0.0000000000,0.0000000000
2026-09-29 07:06:12,0.3658468484,43.4666671752,5.9333333969,9.4666662216,0.0019999999,0.0666666698,66.1666641235,66.1666641235,66.1666641235,5.1333332061,1.1200001239,0.8533333778,0.7366666793,0.0800000095,0.0000000000,0.0000000000,0.0000000000
2026-09-29 07:12:08,0.3658965587,95.8000030517,19.1333332061,22.6666660308,0.0166666674,0.1333333373,66.1666641235,66.1666641235,66.1666641235,5.0666666030,1.1266666650,0.8466666221,0.7353333473,0.0800000095,0.0000000000,0.0000000000,0.0000000000
2026-09-29 07:18:02,0.3659444093,178.2666625976,44.4000015258,3.4666666984,0.0306666660,0.3333333492,132.3400115966,132.3400115966,132.3400115966,10.1999998092,2.2533333301,1.7066667079,1.4780000686,0.1600000143,0.0000000000,0.0000000000,0.0000000000
2026-09-29 07:23:57,0.3659474611,289.3333435058,27.0000000000,10.0666666030,0.0279999995,0.4666666507,132.3400115966,132.3400115966,132.3400115966,10.1999998092,2.2533333301,1.7066667079,1.4766666889,0.1600000143,0.0000000000,0.0000000000,0.0000000000
2026-09-29 07:29:52,0.3658146858,423.0000000000,20.8666667938,0.4000000000,0.0086666660,0.3333333492,66.1733322143,66.1733322143,66.1733322143,5.0666666030,1.1266666650,0.8533333778,0.7366666793,0.0800000095,0.0000000000,0.0000000000,0.0000000000
2026-09-29 07:35:48,0.3657602310,582.2000122070,18.0666675567,21.6000003814,0.0193333330,0.5333333492,66.1800003051,66.1800003051,66.1800003051,5.0666666030,1.1333333253,0.8533333778,0.7366666793,0.0800000095,0.0000000000,0.0000000000,0.0000000000
2026-09-29 07:41:43,0.3657117128,765.2666625976,22.6000003814,2.1333334445,0.0193333330,0.6666666984,66.1866683959,66.1866683959,66.1866683959,5.0666666030,1.1333333253,0.8533333778,0.7373332977,0.0800000095,0.0000000000,0.0000000000,0.0000000000
2026-09-29 07:47:39,0.3656085491,964.7333374023,19.6000003814,23.1333332061,0.0066666660,0.8666666984,66.1866683959,66.1866683959,66.1866683959,5.0666666030,1.1399999856,0.8600000381,0.7406666278,0.0800000095,0.0000000000,0.0000000000,0.0000000000
2026-09-29 07:53:34,0.3655100345,1138.4666748046,22.0666675567,1.6000000000,0.0179999995,1.0666667222,66.1933364868,66.1933364868,66.1933364868,5.0000000000,1.1466667652,0.8533333778,0.7366666793,0.0800000095,0.0000000000,0.0000000000,0.0000000000
2026-09-29 07:59:30,0.3655102491,1441.5333251953,22.5333328247,2.0666666030,0.0213333344,1.3333333730,66.1933364868,66.1933364868,66.1933364868,5.0000000000,1.1466667652,0.8600000381,0.7413332939,0.0800000095,0.0000000000,0.0000000000,0.0000000000
2026-09-29 08:05:25,0.3654345989,1715.5333251953,23.9333324432,3.4666666984,0.0246666669,1.6000000000,66.1999969482,66.1999969482,66.1999969482,5.0000000000,1.1533334255,0.8600000381,0.7446666717,0.0800000095,0.0000000000,0.0000000000,0.0000000000
2026-09-29 08:11:21,0.3659070730,1962.4000244140,2.4000000953,5.9333333969,0.0279999995,1.7333333492,66.1999969482,66.1999969482,66.1999969482,5.0000000000,1.1533334255,0.8600000381,0.7446666717,0.0800000095,0.0000000000,0.0000000000,0.0000000000
2026-09-29 08:17:16,0.3666011810,2266.9333496093,21.6000003814,1.1333333253,0.0153333330,2.0666666030,66.1933364868,66.1933364868,66.1933364868,5.0000000000,1.1599999666,0.8666666984,0.7453332901,0.0800000095,0.0000000000,0.0000000000,0.0000000000
2026-09-29 08:23:12,0.3663228988,2872.8666992187,0.4000000000,3.9333333969,0.0159999990,2.5333333015,66.1999969482,66.1999969482,66.1999969482,4.9333333969,1.1666666269,0.8666666984,0.7446666717,0.0800000095,0.0000000000,0.0000000000,0.0000000000
2026-09-29 08:29:07,0.3661557435,3232.5334472656,0.5333333492,4.0666666030,0.0373333334,3.0000000000,66.2066726684,66.2066726684,66.2066726684,4.9333333969,1.1800000667,0.8733333587,0.7500000000,0.0800000095,0.0000000000,0.0000000000,0.0000000000
2026-09-29 08:35:03,0.3659029483,3560.6000976562,2.2666666507,5.8000001907,0.0166666674,3.2666666507,66.2066726684,66.2066726684,66.2066726684,4.9333333969,1.1800000667,0.8733333587,0.7513332843,0.0800000095,0.0000000000,0.0000000000,0.0000000000
2026-09-29 08:40:58,0.3657771587,3842.3999023437,21.1333332061,0.6666666984,0.0213333344,3.5999999046,66.2133331298,66.2133331298,66.2133331298,4.8666667938,1.1866667270,0.8733333587,0.7500000000,0.0800000095,0.0000000000,0.0000000000,0.0000000000
2026-09-29 08:46:54,0.3657434463,4328.3334960937,21.2000007629,0.7333333492,0.0366666674,4.0000000000,66.2133331298,66.2133331298,66.2133331298,4.9333333969,1.2000000476,0.8933333396,0.7666666507,0.0800000095,0.0000000000,0.0000000000,0.0000000000
2026-09-29 08:52:49,0.3655979156,4700.6665039062,2.4000000953,5.9333333969,0.0086666660,4.4000000953,66.2266693115,66.2266693115,66.2266693115,4.9333333969,1.2066667079,0.9000000000,0.7693333148,0.0800000095,0.0000000000,0.0000000000,0.0000000000
2026-09-29 08:58:45,0.3655094146,4860.2666015625,22.9333324432,2.4666666984,0.0213333344,4.6666665077,66.2266693115,66.2266693115,66.2266693115,4.9333333969,1.2133333683,0.9066666603,0.7726666927,0.0800000095,0.0000000000,0.0000000000,0.0000000000
2026-09-29 09:04:40,0.3653011560,5215.3999023437,21.4666671752,1.0000000000,0.0026666667,5.0000000000,66.2266693115,66.2266693115,66.2266693115,4.9333333969,1.2200000286,0.9133333206,0.7819999694,0.0800000095,0.0000000000,0.0000000000,0.0000000000
2026-09-29 09:10:34,0.3652206659,5227.2666015625,25.6666660308,8.7333335876,0.0866666698,10.1333332061,132.4600067138,132.4600067138,132.4600067138,9.7333335876,2.4466667175,1.8066667556,1.5426666736,0.1600000143,0.0000000000,0.0000000000,0.0000000000
2026-09-29 09:16:28,0.3650921583,5247.3999023437,22.7333335876,5.8000001907,0.0939999961,10.1333332061,132.4666595458,132.4666595458,132.4666595458,9.6666669845,2.4533333778,1.7933334350,1.5333333015,0.1600000143,0.0000000000,0.0000000000,0.0000000000
2026-09-29 09:22:21,0.3649768829,5503.2001953125,42.6666679382,25.7333335876,0.0466666650,10.5333337783,132.4666595458,132.4666595458,132.4666595458,9.6666669845,2.4666666984,1.8066667556,1.5413332939,0.1600000143,0.0000000000,0.0000000000,0.0000000000
2026-09-29 09:28:15,0.3648334741,5907.3334960937,17.7333335876,24.7999992370,0.0339999961,11.0000000000,132.4666595458,132.4666595458,132.4666595458,9.6666669845,2.4866669178,1.8266667366,1.5593333244,0.1600000143,0.0000000000,0.0000000000,0.0000000000
2026-09-29 09:34:11,0.3647661209,6410.7998046875,16.2666664123,19.7999992370,0.0059999995,5.8000001907,66.2266693115,66.2266693115,66.2266693115,4.8000001907,1.2466666698,0.9066666603,0.7733333110,0.0800000095,0.0000000000,0.0000000000,0.0000000000
2026-09-29 09:40:06,0.3645948886,6493.6665039062,22.7999992370,2.3333332538,0.0493333339,6.0666666030,66.2266693115,66.2266693115,66.2266693115,4.8000001907,1.2533334493,0.9133333206,0.7766666412,0.0800000095,0.0000000000,0.0000000000,0.0000000000
2026-09-29 09:46:02,0.3645252943,6828.6000976562,20.8666667938,0.4000000000,0.0173333311,6.1333332061,66.2266693115,66.2266693115,66.2266693115,4.8000001907,1.2666666507,0.9266666412,0.7886666774,0.0800000095,0.0000000000,0.0000000000,0.0000000000
2026-09-29 09:51:57,0.3643795013,7174.6665039062,1.2000000476,4.7333331108,0.0059999995,6.6666665077,66.2266693115,66.2266693115,66.2266693115,4.7333331108,1.2866667556,0.9266666412,0.7893333435,0.0800000095,0.0000000000,0.0000000000,0.0000000000
2026-09-29 09:57:53,0.3644242525,7558.7333984375,19.3333339691,22.8666667938,0.0086666660,6.8666667938,66.2266693115,66.2266693115,66.2266693115,4.6666665077,1.2866667556,0.9199999809,0.7839999675,0.0800000095,0.0000000000,0.0000000000,0.0000000000
2026-09-29 10:03:48,0.3641552448,8041.2001953125,23.0000000000,2.5333333015,0.0179999995,7.4000000953,66.2333297729,66.2333297729,66.2333297729,4.6666665077,1.2866667556,0.9133333206,0.7766666412,0.0800000095,0.0000000000,0.0000000000,0.0000000000
