2026-10-06 04:16:34,0.3684231758,0.0000000000,0.0000000000,0.0000000000,0.0000000000,0.0000000000,0.0000000000,0.0000000000,0.0000000000,0.0000000000,0.0000000000,0.0000000000,0.0000000000,0.0000000000,0.0000000000,0.0000000000,0.0000000000
2026-10-06 04:22:08,0.3690781831,0.0000000000,0.0000000000,0.0000000000,0.0000000000,0.0000000000,0.0000000000,0.0000000000,0.0000000000,0.0000000000,0.0000000000,0.0000000000,0.0000000000,0.0000000000,0.0000000000,0.0000000000,0.0000000000
2026-10-06 04:27:41,0.3692888259,0.0000000000,0.0000000000,0.0000000000,0.0000000000,0.0000000000,0.0000000000,0.0000000000,0.0000000000,0.0000000000,0.0000000000,0.0000000000,0.0000000000,0.0000000000,0.0000000000,0.0000000000,0.0000000000
2026-10-06 04:33:17,0.3701477527,0.0000000000,0.0000000000,0.0000000000,0.0000000000,0.0000000000,0.0000000000,0.0000000000,0.0000000000,0.0000000000,0.0000000000,0.0000000000,0.0000000000,0.0000000000,0.0000000000,0.0000000000,0.0000000000
2026-10-06 04:38:52,0.3707367181,0.0000000000,0.0000000000,0.0000000000,0.0000000000,0.0000000000,0.0000000000,0.0000000000,0.0000000000,0.0000000000,0.0000000000,0.0000000000,0.0000000000,0.0000000000,0.0000000000,0.0000000000,0.0000000000
2026-10-06 04:44:27,0.3709585428,0.0000000000,0.0000000000,0.0000000000,0.0000000000,0.0000000000,0.0000000000,0.0000000000,0.0000000000,0.0000000000,0.0000000000,0.0000000000,0.0000000000,0.0000000000,0.0000000000,0.0000000000,0.0000000000
2026-10-06 04:50:02,0.3709783077,0.0000000000,0.0000000000,0.0000000000,0.0000000000,0.0000000000,0.0000000000,0.0000000000,0.0000000000,0.0000000000,0.0000000000,0.0000000000,0.0000000000,0.0000000000,0.0000000000,0.0000000000,0.0000000000
2026-10-06 04:55:37,0.3715664863,0.0000000000,0.0000000000,0.0000000000,0.0000000000,0.0000000000,0.0000000000,0.0000000000,0.0000000000,0.0000000000,0.0000000000,0.0000000000,0.0000000000,0.0000000000,0.0000000000,0.0000000000,0.0000000000
2026-10-06 05:01:11,0.3734262466,0.0000000000,0.0000000000,0.0000000000,0.0000000000,0.0000000000,0.0000000000,0.0000000000,0.0000000000,0.0000000000,0.0000000000,0.0000000000,0.0000000000,0.0000000000,0.0000000000,0.0000000000,0.0000000000
2026-10-06 05:06:47,0.3752271175,0.0000000000,0.0000000000,0.0000000000,0.0000000000,0.0000000000,0.0000000000,0.0000000000,0.0000000000,0.0000000000,0.0000000000,0.0000000000,0.0000000000,0.0000000000,0.0000000000,0.0000000000,0.0000000000
2026-10-06 05:12:21,0.3761688709,0.0000000000,0.0000000000,0.0000000000,0.0000000000,0.0000000000,0.0000000000,0.0000000000,0.0000000000,0.0000000000,0.0000000000,0.0000000000,0.0000000000,0.0000000000,0.0000000000,0.0000000000,0.0000000000
2026-10-06 05:17:55,0.3768147468,0.0000000000,0.0000000000,0.0000000000,0.0000000000,0.0000000000,0.0000000000,0.0000000000,0.0000000000,0.0000000000,0.0000000000,0.0000000000,0.0000000000,0.0000000000,0.0000000000,0.0000000000,0.0000000000
2026-10-06 05:23:29,0.3778549432,0.0000000000,0.0000000000,0.0000000000,0.0000000000,0.0000000000,0.0000000000,0.0000000000,0.0000000000,0.0000000000,0.0000000000,0.0000000000,0.0000000000,0.0000000000,0.0000000000,0.0000000000,0.0000000000
2026-10-06 05:29:04,0.3781224250,0.0000000000,0.0000000000,0.0000000000,0.0000000000,0.0000000000,0.0000000000,0.0000000000,0.0000000000,0.0000000000,0.0000000000,0.0000000000,0.0000000000,0.0000000000,0.0000000000,0.0000000000,0.0000000000
2026-10-06 05:34:40,0.3775517463,0.0000000000,0.0000000000,0.0000000000,0.0000000000,0.0000000000,0.0000000000,0.0000000000,0.0000000000,0.0000000000,0.0000000000,0.0000000000,0.0000000000,0.0000000000,0.0000000000,0.0000000000,0.0000000000
2026-10-06 05:40:15,0.3773545980,0.0000000000,0.0000000000,0.0000000000,0.0000000000,0.0000000000,0.0000000000,0.0000000000,0.0000000000,0.0000000000,0.0000000000,0.0000000000,0.0000000000,0.0000000000,0.0000000000,0.0000000000,0.0000000000
2026-10-06 05:45:49,0.3785363435,0.0000000000,0.0000000000,0.0000000000,0.0000000000,0.0000000000,0.0000000000,0.0000000000,0.0000000000,0.0000000000,0.0000000000,0.0000000000,0.0000000000,0.0000000000,0.0000000000,0.0000000000,0.0000000000
2026-10-06 05:51:31,0.3807268619,0.0000000000,0.0000000000,0.0000000000,0.0000000000,0.0000000000,0.0000000000,0.0000000000,0.0000000000,0.0000000000,0.0000000000,0.0000000000,0.0000000000,0.0000000000,0.0000000000,0.0000000000,0.0000000000
2026-10-06 05:57:16,0.3822303295,0.0000000000,192.9333343505,156.2666625976,0.1226666688,1.3333333730,665.5066528320,665.5066528320,665.5066528320,51.2666664123,1.5733331680,-0.7666666030,2.9386668205,0.8666666984,0.0000000000,0.0000000000,0.0000000000
2026-10-06 06:02:59,0.3826438426,0.0000000000,186.8666687011,177.7333374023,0.1313333272,1.3999999809,732.1133422851,732.1133422851,732.1133422851,56.4666671752,1.6866664886,-0.8799999237,3.2206664085,0.9533334732,0.0000000000,0.0000000000,0.0000000000
2026-10-06 06:08:45,0.3851840209,0.0000000000,180.1333312988,92.0666656494,0.2319999694,1.2000000476,599.0266113281,599.0266113281,599.0266113281,46.7333335876,1.3533333539,-0.6333333969,2.6646666526,0.7800000190,0.0000000000,0.0000000000,0.0000000000
2026-10-06 06:14:28,0.3870363235,0.0000000000,203.8666687011,246.1999969482,0.1946666526,1.2666666507,798.7400512695,798.7400512695,798.7400512695,62.4000015258,1.7600002288,-0.8733333587,3.5433332920,1.0400000810,0.0000000000,0.0000000000,0.0000000000
2026-10-06 06:20:14,0.3878019142,0.0000000000,158.1333312988,190.0666656494,0.1700000047,1.2000000476,599.0733642578,599.0733642578,599.0733642578,46.7999992370,1.3666666746,-0.5799999713,2.6826665401,0.7800000190,0.0000000000,0.0000000000,0.0000000000
2026-10-06 06:25:59,0.3888563156,0.0000000000,182.6000061035,217.8000030517,0.1939999771,1.3333333730,665.6400146484,665.6400146484,665.6400146484,52.0000000000,1.5133335590,-0.6266666412,2.9826667785,0.8666666984,0.0000000000,0.0000000000,0.0000000000
2026-10-06 06:31:45,0.3903413772,0.0000000000,164.0666656494,195.9333343505,0.1846666526,0.8000000000,599.0933227539,599.0933227539,599.0933227539,46.7999992370,1.3200000524,-0.6466666221,2.6633334159,0.7800000190,0.0000000000,0.0000000000,0.0000000000
