2026-09-29 16:14:46,0.3623959064,12375.2666015625,110.6666641235,160.1999969482,1.5439999103,155.9333343505,925.9598999023,925.9598999023,925.9598999023,57.0000000000,19.1533336639,11.9800004959,10.2420015335,1.1200000047,0.0000000000,0.0000000000,0.0000000000
2026-09-29 16:20:20,0.3622584104,12857.5332031250,91.7333297729,141.2666625976,0.9146665573,160.6666717529,925.8334350585,925.8334350585,925.8334350585,57.1333351135,19.3133316040,12.1866655349,10.3886671066,1.1200000047,0.0000000000,0.0000000000,0.0000000000
2026-09-29 16:25:55,0.3621981382,11062.8662109375,97.4666671752,146.9333343505,1.0040000677,140.3999938964,925.8200683593,925.8200683593,925.8200683593,56.8666648864,19.3733329772,12.1933326721,10.3853340148,1.1200000047,0.0000000000,0.0000000000,0.0000000000
2026-09-29 16:31:29,0.3621671676,10144.2001953125,128.3333282470,177.8000030517,1.2886664867,127.8666687011,926.0000610351,926.0000610351,926.0000610351,55.7333335876,19.3400001525,11.8399991989,10.1219997406,1.1200000047,0.0000000000,0.0000000000,0.0000000000
2026-09-29 16:37:03,0.3621780395,9735.2001953125,126.9333343505,176.5333404541,1.4253332614,118.1333312988,926.0200805664,926.0200805664,926.0200805664,55.2666664123,19.2666683197,11.6666669845,10.0146656036,1.1200000047,0.0000000000,0.0000000000,0.0000000000
2026-09-29 16:42:38,0.3622050762,10701.3330078125,117.1333312988,166.6666717529,1.0186667442,117.0000000000,926.0267333984,926.0267333984,926.0267333984,55.3333320617,19.2800006866,11.7400007247,10.0626668930,1.1200000047,0.0000000000,0.0000000000,0.0000000000
2026-09-29 16:48:12,0.3620727300,6391.7998046875,136.3333282470,185.8000030517,1.5106664657,279.7333374023,926.1065673828,926.1065673828,926.1065673828,55.4666671752,19.3133335113,11.7533321380,10.0686664581,1.1200000047,0.0000000000,0.0000000000,0.0000000000
2026-09-29 16:53:46,0.3608567476,384.0000000000,88.0000000000,137.4666595458,1.1306666135,395.1333312988,926.2132568359,926.2132568359,926.2132568359,53.6666679382,20.1866664886,12.1333332061,10.3100004196,1.1200000047,0.0000000000,0.0000000000,0.0000000000
2026-09-29 16:59:21,0.3602556943,567.5333251953,58.7333335876,108.1999969482,1.1386666297,271.3333435058,925.9932861328,925.9932861328,925.9932861328,52.8666648864,20.5133342742,12.2066669464,10.3373346328,1.1200000047,0.0000000000,0.0000000000,0.0000000000
2026-09-29 17:04:55,0.3605787515,2658.6000976562,54.5999984741,104.0666656494,1.0106666088,248.6000061035,925.9465942382,925.9465942382,925.9465942382,51.0666656494,20.5866661071,11.8000001907,10.0506658554,1.1200000047,0.0000000000,0.0000000000,0.0000000000
2026-09-29 17:10:30,0.3601348161,410.1333312988,92.2666702270,141.7333374023,0.6933333873,301.1333312988,926.0065917968,926.0065917968,926.0065917968,50.1333351135,21.1066665649,11.9799995422,10.1726665496,1.1200000047,0.0000000000,0.0000000000,0.0000000000
2026-09-29 17:16:05,0.3596823692,1098.0000000000,120.1999969482,169.6000061035,1.0393332242,259.3999938964,925.9332885742,925.9332885742,925.9332885742,48.0666656494,21.2533321380,11.5600004196,9.8640003204,1.1200000047,0.0000000000,0.0000000000,0.0000000000
2026-09-29 17:21:39,0.3591995239,384.0000000000,104.2666702270,153.7333374023,0.6920000076,228.0666656494,925.9265747070,925.9265747070,925.9265747070,48.1333351135,21.1800003051,11.5133342742,9.8380002975,1.1200000047,0.0000000000,0.0000000000,0.0000000000
2026-09-29 17:27:14,0.3592947483,384.0000000000,170.6000061035,196.0666656494,0.5899999618,202.3999938964,925.8466186523,925.8466186523,925.8466186523,47.2000007629,21.6466674804,11.6199989318,9.8873329162,1.1200000047,0.0000000000,0.0000000000,0.0000000000
2026-09-29 17:32:49,0.3595128297,384.0000000000,90.5333328247,140.0000000000,0.8826665878,182.9333343505,925.8399658203,925.8399658203,925.8399658203,53.1333351135,21.4666709899,13.1933336257,11.0466661453,1.1200000047,0.0000000000,0.0000000000,0.0000000000
2026-09-29 17:38:23,0.3595731019,384.0000000000,111.0666656494,88.5333328247,0.4213333129,172.0666656494,925.9265747070,925.9265747070,925.9265747070,53.5333328247,21.8400001525,13.6466665267,11.3819999694,1.1200000047,0.0000000000,0.0000000000,0.0000000000
2026-09-29 17:43:58,0.3594370841,406.0666809082,85.3333358764,134.8000030517,0.8346666336,156.6666717529,925.8600463867,925.8600463867,925.8600463867,53.3333320617,21.9533329010,13.6533346176,11.3853330612,1.1200000047,0.0000000000,0.0000000000,0.0000000000
2026-09-29 17:49:32,0.3596311569,529.2000122070,75.1999969482,100.6666641235,0.7426666259,139.0000000000,925.6932983398,925.6932983398,925.6932983398,53.7333335876,21.7066688537,13.5866670608,11.3386669158,1.1200000047,0.0000000000,0.0000000000,0.0000000000
2026-09-29 17:55:27,0.3597894906,950.3333129882,0.0000000000,0.0000000000,0.0000000000,0.0000000000,0.0000000000,0.0000000000,0.0000000000,0.0000000000,0.0000000000,0.0000000000,0.0000000000,0.0000000000,0.0000000000,0.0000000000,0.0000000000
2026-09-29 18:01:22,0.3601050853,3135.6000976562,6.8000001907,10.3333330154,0.1033333301,8.0000000000,66.1266708374,66.1266708374,66.1266708374,3.7999999523,1.5266666412,0.9466666221,0.7906666278,0.0800000095,0.0000000000,0.0000000000,0.0000000000
2026-09-29 18:07:18,0.3602821350,5387.0668945312,11.8666667938,15.3999996185,0.0359999990,7.0000000000,66.1200027465,66.1200027465,66.1200027465,4.0000000000,1.5133334159,0.9666666030,0.8106666564,0.0800000095,0.0000000000,0.0000000000,0.0000000000
2026-09-29 18:13:13,0.3604917049,10250.8662109375,7.0000000000,10.5333337783,0.0439999961,5.5999999046,66.1133346557,66.1133346557,66.1133346557,3.9333333969,1.5133334159,0.9533332824,0.7979999542,0.0800000095,0.0000000000,0.0000000000,0.0000000000
2026-09-29 18:19:09,0.3607203722,5019.1333007812,9.2666664123,12.8000001907,0.0353333330,5.0000000000,66.1066665649,66.1066665649,66.1066665649,3.9333333969,1.4866667747,0.9399999618,0.7880000114,0.0800000095,0.0000000000,0.0000000000,0.0000000000
2026-09-29 18:25:04,0.3611565589,4289.7998046875,5.4000000953,8.9333333969,0.0206666660,4.3333334922,66.0999984741,66.0999984741,66.0999984741,4.0000000000,1.4666666984,0.9333333015,0.7866666793,0.0800000095,0.0000000000,0.0000000000,0.0000000000
2026-09-29 18:31:00,0.3614123106,3555.8666992187,10.3333330154,13.8666667938,0.1786666488,2.7999999523,66.1066665649,66.1066665649,66.1066665649,4.0666666030,1.4133334159,0.9066666603,0.7673332691,0.0800000095,0.0000000000,0.0000000000,0.0000000000
2026-09-29 18:36:55,0.3622068166,3030.1333007812,10.7333335876,14.2666664123,0.1160000085,1.6000000000,66.1133346557,66.1133346557,66.1133346557,4.1333332061,1.3799999952,0.8866666793,0.7546666145,0.0800000095,0.0000000000,0.0000000000,0.0000000000
2026-09-29 18:42:51,0.3629746437,2508.1999511718,9.6666669845,13.1999998092,0.1213333368,1.3999999809,66.1200027465,66.1200027465,66.1200027465,4.1333332061,1.3600000143,0.8733333587,0.7433332920,0.0800000095,0.0000000000,0.0000000000,0.0000000000
2026-09-29 18:48:47,0.3629871606,1940.8666992187,9.9333333969,13.4666662216,0.0919999980,1.2000000476,66.1200027465,66.1200027465,66.1200027465,4.1999998092,1.3400000333,0.8666666984,0.7413332939,0.0800000095,0.0000000000,0.0000000000,0.0000000000
2026-09-29 18:54:42,0.3631376743,1305.0666503906,7.9333333969,11.4666662216,0.0753333330,0.8666666984,66.1200027465,66.1200027465,66.1200027465,4.2666668891,1.3333333730,0.8733333587,0.7433332920,0.0800000095,0.0000000000,0.0000000000,0.0000000000
2026-09-29 19:00:38,0.3632750272,740.5333251953,9.7333335876,13.2666664123,0.1793333435,0.4666666507,66.1200027465,66.1200027465,66.1200027465,4.2666668891,1.3200000524,0.8666666984,0.7386666297,0.0800000095,0.0000000000,0.0000000000,0.0000000000
2026-09-29 19:06:32,0.3634183168,405.0000000000,23.3333339691,30.3999996185,0.0939999961,0.4666666507,132.2400054931,132.2400054931,132.2400054931,8.6666669845,2.5999999046,1.7200000286,1.4726666450,0.1600000143,0.0000000000,0.0000000000,0.0000000000
2026-09-29 19:12:27,0.3634051799,182.6000061035,13.5333337783,17.0666675567,0.0646666622,0.1333333373,66.1266708374,66.1266708374,66.1266708374,4.3333334922,1.2999999523,0.8600000381,0.7353333473,0.0800000095,0.0000000000,0.0000000000,0.0000000000
2026-09-29 19:18:23,0.3634117126,74.9333343505,8.8666667938,12.3999996185,0.1366666674,0.0666666698,66.1399993896,66.1399993896,66.1399993896,4.3333334922,1.2866667556,0.8466666221,0.7259999275,0.0800000095,0.0000000000,0.0000000000,0.0000000000
2026-09-29 19:24:18,0.3636755704,23.3999996185,9.9333333969,13.4666662216,0.0506666660,0.0000000000,66.1266708374,66.1266708374,66.1266708374,4.3333334922,1.2800000953,0.8333333015,0.7206666469,0.0800000095,0.0000000000,0.0000000000,0.0000000000
2026-09-29 19:30:14,0.3638604164,6.9333333969,7.0666666030,10.6000003814,0.0406666660,0.0000000000,66.1333312988,66.1333312988,66.1333312988,4.3333334922,1.2666666507,0.8333333015,0.7186666488,0.0800000095,0.0000000000,0.0000000000,0.0000000000
2026-09-29 19:36:09,0.3639577865,2.1333334445,8.8000001907,12.3333330154,0.0879999923,0.0000000000,66.1266708374,66.1266708374,66.1266708374,4.4000000953,1.2533334493,0.8333333015,0.7179999828,0.0800000095,0.0000000000,0.0000000000,0.0000000000
2026-09-29 19:42:05,0.3641548633,0.8000000000,8.2666664123,11.8000001907,0.0306666660,0.0666666698,66.1200027465,66.1200027465,66.1200027465,4.4000000953,1.2466666698,0.8266667366,0.7139999866,0.0800000095,0.0000000000,0.0000000000,0.0000000000
2026-09-29 19:47:59,0.3644337177,0.0000000000,18.2000007629,25.2666664123,0.0746666669,0.0666666698,132.2466583251,132.2466583251,132.2466583251,9.0666666030,2.4466667175,1.6600000858,1.4353332519,0.1600000143,0.0000000000,0.0000000000,0.0000000000
2026-09-29 19:53:54,0.3644918203,0.0000000000,12.9333333969,20.0000000000,0.1013333320,0.0666666698,132.2400054931,132.2400054931,132.2400054931,9.1999998092,2.4333333969,1.6733334064,1.4486666679,0.1600000143,0.0000000000,0.0000000000,0.0000000000
2026-09-29 19:59:47,0.3645770311,0.0000000000,20.1333332061,30.7333335876,0.2386666774,0.1333333373,198.3800201416,198.3800201416,198.3800201416,13.8000001907,3.6400001049,2.5066666603,2.1706664562,0.2400000095,0.0000000000,0.0000000000,0.0000000000
2026-09-29 20:05:40,0.3645053148,0.0000000000,29.2000007629,39.7999992370,0.1386666536,0.2000000000,198.3999938964,198.3999938964,198.3999938964,13.8000001907,3.6400001049,2.4933333396,2.1553332805,0.2400000095,0.0000000000,0.0000000000,0.0000000000
2026-09-29 20:11:35,0.3647798061,0.0000000000,13.2666664123,20.3333339691,0.0706666660,0.1333333373,132.2599945068,132.2599945068,132.2599945068,9.2666664123,2.4066665172,1.6600000858,1.4366665840,0.1600000143,0.0000000000,0.0000000000,0.0000000000
2026-09-29 20:17:28,0.3649010896,0.0000000000,29.3333339691,39.9333343505,0.1279999971,0.2000000000,198.3999938964,198.3999938964,198.3999938964,14.0000000000,3.5999999046,2.4866669178,2.1566665172,0.2400000095,0.0000000000,0.0000000000,0.0000000000
2026-09-29 20:23:20,0.3650960922,0.0000000000,33.0666656494,47.2666664123,0.1626666641,0.2666666746,264.5400085449,264.5400085449,264.5400085449,18.7333335876,4.7733330726,3.3333332538,2.8866667747,0.3200000286,0.0000000000,0.0000000000,0.0000000000
2026-09-29 20:29:12,0.3651089191,0.0000000000,23.5333328247,37.8666648864,0.1606666564,0.3333333492,264.5400085449,264.5400085449,264.5400085449,18.9333324432,4.7466669082,3.3399999141,2.8873331069,0.3200000286,0.0000000000,0.0000000000,0.0000000000
2026-09-29 20:35:05,0.3651716470,0.0000000000,24.7999992370,35.4666671752,0.1286666631,0.2000000000,198.4266815185,198.4266815185,198.4266815185,14.1999998092,3.5533335208,2.4933333396,2.1573333740,0.2400000095,0.0000000000,0.0000000000,0.0000000000
2026-09-29 20:40:58,0.3655148983,0.0000000000,20.2666664123,30.8666667938,0.0566666650,0.2000000000,198.4266815185,198.4266815185,198.4266815185,14.1999998092,3.5400002002,2.4800000190,2.1526668071,0.2400000095,0.0000000000,0.0000000000,0.0000000000
2026-09-29 20:46:52,0.3661792039,0.0000000000,23.8666667938,34.6666679382,0.0286666679,0.2000000000,198.4400024414,198.4400024414,198.4400024414,14.1999998092,3.5066666603,2.4666666984,2.1453332901,0.2400000095,0.0000000000,0.0000000000,0.0000000000
2026-09-29 20:52:45,0.3667587280,0.0000000000,22.5333328247,33.2000007629,0.0799999952,0.3333333492,198.4599914550,198.4599914550,198.4599914550,14.3333330154,3.4733331203,2.4600000381,2.1380000114,0.2400000095,0.0000000000,0.0000000000,0.0000000000
2026-09-29 20:58:38,0.3669311046,0.0000000000,18.7999992370,29.3999996185,0.0586666631,0.3333333492,198.4599914550,198.4599914550,198.4599914550,14.3999996185,3.4466667175,2.4533333778,2.1346666812,0.2400000095,0.0000000000,0.0000000000,0.0000000000
2026-09-29 21:04:31,0.3669456005,0.0000000000,11.9333333969,22.7333335876,0.1106666564,0.4000000000,198.4599914550,198.4599914550,198.4599914550,14.5333337783,3.4266667366,2.4466667175,2.1346664428,0.2400000095,0.0000000000,0.0000000000,0.0000000000
2026-09-29 21:10:25,0.3661407470,0.0000000000,15.6666669845,26.4666671752,0.0820000076,0.4000000000,198.4599914550,198.4599914550,198.4599914550,14.5333337783,3.4133334159,2.4333333969,2.1259999275,0.2400000095,0.0000000000,0.0000000000,0.0000000000
2026-09-29 21:16:18,0.3662924289,0.0000000000,12.6000003814,23.2666664123,0.0833333396,0.4000000000,198.4666595458,198.4666595458,198.4666595458,14.6000003814,3.3933334350,2.4200003147,2.1199998855,0.2400000095,0.0000000000,0.0000000000,0.0000000000
2026-09-29 21:22:12,0.3666876554,0.0000000000,9.7333335876,16.9333324432,0.0619999933,0.2000000000,132.3066711425,132.3066711425,132.3066711425,9.7333335876,2.2466666698,1.6133333206,1.4133334159,0.1600000143,0.0000000000,0.0000000000,0.0000000000
2026-09-29 21:28:07,0.3662888050,0.0000000000,8.6000003814,15.8000001907,0.1000000000,0.2666666746,132.3066711425,132.3066711425,132.3066711425,9.7333335876,2.2400002479,1.6133333206,1.4120000839,0.1600000143,0.0000000000,0.0000000000,0.0000000000
2026-09-29 21:34:00,0.3665504693,0.0000000000,18.7333335876,29.4666671752,0.0866666698,0.2666666746,198.4533386230,198.4533386230,198.4533386230,14.6000003814,3.3600001335,2.4000000953,2.1080000400,0.2400000095,0.0000000000,0.0000000000,0.0000000000
2026-09-29 21:39:53,0.3665413618,0.0000000000,15.0666666030,25.7999992370,0.0886666679,0.4000000000,198.4599914550,198.4599914550,198.4599914550,14.6000003814,3.3600001335,2.4133334159,2.1126666069,0.2400000095,0.0000000000,0.0000000000,0.0000000000
2026-09-29 21:45:47,0.3665307044,0.0000000000,13.2666664123,24.0666675567,0.1120000004,0.4000000000,198.4666595458,198.4666595458,198.4666595458,14.6000003814,3.3400001525,2.4133334159,2.1099998950,0.2400000095,0.0000000000,0.0000000000,0.0000000000
2026-09-29 21:51:41,0.3667392969,0.0000000000,9.1999998092,16.3999996185,0.0953333377,0.2000000000,132.3133239746,132.3133239746,132.3133239746,9.8666667938,2.2133333683,1.6000000000,1.4006667137,0.1600000143,0.0000000000,0.0000000000,0.0000000000
2026-09-29 21:57:35,0.3666565895,0.0000000000,10.0000000000,17.1333332061,0.0713333225,0.2000000000,132.3133239746,132.3133239746,132.3133239746,9.8666667938,2.2133333683,1.5933334827,1.4006666183,0.1600000143,0.0000000000,0.0000000000,0.0000000000
