2026-10-09 04:17:23,0.3702178239,0.0000000000,198.3333282470,247.8000030517,1.1086666584,0.8666666984,926.8200683593,926.8200683593,926.8200683593,74.6666641235,8.2200012207,5.2866659164,6.5773339271,1.1200000047,1.0666667222,0.0000000000,0.0000000000
2026-10-09 04:22:57,0.3690134286,0.0000000000,220.3333282470,273.3333435058,0.7666666507,0.6000000000,993.0332031250,993.0332031250,993.0332031250,80.0000000000,8.8533344268,5.6399993896,7.0333337783,1.2000000476,0.0000000000,0.0000000000,0.0000000000
2026-10-09 04:28:31,0.3689111709,0.0000000000,227.2666625976,280.2666625976,0.9279998779,0.7333333492,993.0599975585,993.0599975585,993.0599975585,80.0000000000,8.8000011444,5.5999989509,7.0126667022,1.2000000476,0.0000000000,0.0000000000,0.0000000000
2026-10-09 04:34:04,0.3687351226,0.0000000000,223.0666656494,252.0666656494,0.7760000228,0.5333333492,993.0265502929,993.0265502929,993.0265502929,80.0000000000,8.8000011444,5.5999989509,7.0046677589,1.2000000476,0.0000000000,0.0000000000,0.0000000000
2026-10-09 04:39:38,0.3686184883,0.0000000000,193.7333374023,243.1999969482,0.6960000514,0.7333333492,926.9132690429,926.9132690429,926.9132690429,74.6666641235,8.2133350372,5.2266659736,6.5533318519,1.1200000047,0.0000000000,0.0000000000,0.0000000000
2026-10-09 04:45:12,0.3691994190,0.0000000000,169.6000061035,219.1333312988,0.5706666946,0.6666666984,926.9266357421,926.9266357421,926.9266357421,74.6666641235,8.1533317565,5.2133326530,6.5419998168,1.1200000047,0.0000000000,0.0000000000,0.0000000000
2026-10-09 04:50:46,0.3699563980,0.0000000000,179.4666595458,228.9333343505,0.5920000076,0.6666666984,926.9400634765,926.9400634765,926.9400634765,74.6666641235,8.0466661453,5.1200003623,6.5126667022,1.1200000047,0.0000000000,0.0000000000,0.0000000000
2026-10-09 04:56:20,0.3703345298,0.0000000000,210.0666656494,263.0000000000,0.7159999847,0.9333333015,993.2134399414,993.2134399414,993.2134399414,81.0000000000,8.6399984359,5.5599989891,7.0039982795,1.2000000476,0.0000000000,0.0000000000,0.0000000000
2026-10-09 05:01:54,0.3700656414,0.0000000000,231.3333282470,284.3333435058,0.4813333034,0.9333333015,993.3066406250,993.3066406250,993.3066406250,80.7333297729,8.6733331680,5.5733327865,7.0066657066,1.2000000476,0.0000000000,0.0000000000,0.0000000000
2026-10-09 05:07:28,0.3711369276,0.0000000000,198.6666717529,251.7333374023,0.5500000000,0.7333333492,993.3800659179,993.3800659179,993.3800659179,80.5999984741,8.5333328247,5.4533333778,6.9566659927,1.2000000476,0.0000000000,0.0000000000,0.0000000000
2026-10-09 05:13:02,0.3731074571,0.0000000000,182.0000000000,231.4666595458,0.5413332939,0.7333333492,927.2666625976,927.2666625976,927.2666625976,75.5999984741,7.9333333969,5.0466675758,6.4779996871,1.1200000047,0.0000000000,0.0000000000,0.0000000000
2026-10-09 05:18:36,0.3738183736,0.0000000000,266.0000000000,319.0666809082,0.5626666545,0.3333333492,993.6066284179,993.6066284179,993.6066284179,80.2666702270,8.4266681671,5.3333330154,6.8853330612,1.2000000476,0.0000000000,0.0000000000,0.0000000000
2026-10-09 05:24:10,0.3748374938,0.0000000000,190.1999969482,239.6666717529,0.6433333396,0.3333333492,927.4266967773,927.4266967773,927.4266967773,75.5333328247,7.8200011253,4.9800009727,6.4379992485,1.1200000047,0.0000000000,0.0000000000,0.0000000000
2026-10-09 05:29:44,0.3756343364,0.0000000000,199.8666687011,252.8666687011,0.7253333091,0.6000000000,993.6599731445,993.6599731445,993.6599731445,81.0000000000,8.4000005722,5.4266672134,6.9460000991,1.2000000476,0.0000000000,0.0000000000,0.0000000000
2026-10-09 05:35:18,0.3756526470,0.0000000000,209.9333343505,262.9333190917,0.7473332881,0.8000000000,993.7532348632,993.7532348632,993.7532348632,81.0000000000,8.5000000000,5.5666656494,6.9986662864,1.2000000476,0.0000000000,0.0000000000,0.0000000000
2026-10-09 05:40:51,0.3751924514,0.0000000000,224.7333374023,277.7999877929,0.9059999465,0.6000000000,993.7532958984,993.7532958984,993.7532958984,81.0000000000,8.5000000000,5.5000000000,6.9786667823,1.2000000476,0.0000000000,0.0000000000,0.0000000000
2026-10-09 05:46:25,0.3742203950,0.0000000000,219.3333282470,272.3999938964,0.8473333358,0.4000000000,993.7865600585,993.7865600585,993.7865600585,80.8666687011,8.5000000000,5.4600005149,6.9546675682,1.2000000476,0.0000000000,0.0000000000,0.0000000000
2026-10-09 05:52:09,0.3739829301,0.0000000000,140.6666717529,172.4666595458,0.4999999523,0.0000000000,596.2866821289,596.2866821289,596.2866821289,48.0666656494,5.0999999046,3.2400004863,4.1586666107,0.7199999809,0.0000000000,0.0000000000,0.0000000000
2026-10-09 05:57:57,0.3735961437,0.0000000000,115.0666656494,139.8000030517,0.4393333435,0.0000000000,463.8066406250,463.8066406250,463.8066406250,37.3333320617,3.9666666984,2.5200002193,3.2333333492,0.5599999904,0.0000000000,0.0000000000,0.0000000000
2026-10-09 06:03:46,0.3729300260,0.0000000000,109.5999984741,134.3333282470,0.3653333425,0.0666666698,463.8533325195,463.8533325195,463.8533325195,37.3333320617,3.9666666984,2.5200002193,3.2306666374,0.5599999904,0.0000000000,0.0000000000,0.0000000000
2026-10-09 06:09:35,0.3728315591,0.0000000000,103.5333328247,128.3333282470,0.4506666183,0.2000000000,463.8533325195,463.8533325195,463.8533325195,37.3333320617,3.9666666984,2.5200002193,3.2320001125,0.5599999904,0.0000000000,0.0000000000,0.0000000000
2026-10-09 06:15:23,0.3726882696,0.0000000000,103.2666702270,128.0666656494,0.3666666746,0.0000000000,463.8199768066,463.8199768066,463.8199768066,37.4666671752,3.9333338737,2.4933331012,3.2199997901,0.5599999904,0.5333333492,0.0000000000,0.0000000000
2026-10-09 06:21:12,0.3720192670,0.0000000000,103.5999984741,128.3999938964,0.5319999694,0.0000000000,463.8933715820,463.8933715820,463.8933715820,37.6666679382,3.9266670227,2.5066668987,3.2246668338,0.5599999904,1.0666667222,0.0000000000,0.0000000000
2026-10-09 06:27:00,0.3701693534,0.0000000000,113.0666656494,137.9333343505,0.7013332843,0.0666666698,463.8733520507,463.8733520507,463.8733520507,37.4000015258,3.9666666984,2.5200002193,3.2286667823,0.5599999904,2.0666666030,0.0000000000,0.0000000000
2026-10-09 06:32:49,0.3688739538,0.0000000000,107.8000030517,132.5333404541,0.5993333339,0.1333333373,463.8933715820,463.8933715820,463.8933715820,37.3333320617,3.9666666984,2.4799997806,3.2153332233,0.5599999904,1.5333333015,0.0000000000,0.0000000000
2026-10-09 06:38:38,0.3689663887,0.0000000000,98.4000015258,123.1333312988,0.7026666641,0.0666666698,463.9266967773,463.9266967773,463.9266967773,37.3333320617,3.9666666984,2.4733331203,3.2139999866,0.5599999904,2.0000000000,0.0000000000,0.0000000000
2026-10-09 06:44:26,0.3690608978,0.0000000000,104.0666656494,128.8000030517,0.5253333568,0.0000000000,463.9067077636,463.9067077636,463.9067077636,37.3333320617,3.9666666984,2.4733331203,3.2086665630,0.5599999904,1.0000000000,0.0000000000,0.0000000000
2026-10-09 06:50:15,0.3697751760,0.0666666698,92.1999969482,116.9333343505,0.3553333044,0.0000000000,463.9333801269,463.9333801269,463.9333801269,37.3333320617,3.9666666984,2.4733331203,3.2046663761,0.5599999904,0.0000000000,0.0000000000,0.0000000000
2026-10-09 06:56:04,0.3717048406,1.0666667222,95.5333328247,120.2666702270,0.3686666488,0.0000000000,463.9200134277,463.9200134277,463.9200134277,37.3333320617,3.9133337020,2.4266667366,3.1873331069,0.5599999904,0.0000000000,0.0000000000,0.0000000000
2026-10-09 07:01:52,0.3725040435,3.2000000476,112.0000000000,136.7333374023,0.4299999713,0.0000000000,463.9866638183,463.9866638183,463.9866638183,37.3333320617,3.8466670989,2.3800001144,3.1706664562,0.5599999904,0.0000000000,0.0000000000,0.0000000000
