2026-10-08 22:17:19,0.3654597282,0.0000000000,218.2666625976,195.8000030517,0.3186666488,4.0000000000,925.2868041992,925.2868041992,925.2868041992,66.4666671752,9.7666664123,5.2333331108,6.5153336524,1.1200000047,0.0000000000,0.0000000000,0.0000000000
2026-10-08 22:22:53,0.3656286239,0.0000000000,179.1333312988,208.1333312988,0.3186666727,3.4666666984,991.3466796875,991.3466796875,991.3466796875,71.1333312988,10.5000000000,5.6133327484,6.9846668243,1.2000000476,0.0000000000,0.0000000000,0.0000000000
2026-10-08 22:28:26,0.3657558202,0.0000000000,154.4666595458,207.4666595458,0.4833333015,3.4000000953,991.4465942382,991.4465942382,991.4465942382,71.1333312988,10.5866661071,5.6800003051,7.0113325119,1.2000000476,0.0000000000,0.0000000000,0.0000000000
2026-10-08 22:34:00,0.3656678199,0.0000000000,270.5333251953,251.6000061035,0.4826665878,3.0000000000,991.4467163085,991.4467163085,991.4467163085,71.0000000000,10.6599988937,5.7200007438,7.0246667861,1.2000000476,0.0000000000,0.0000000000,0.0000000000
2026-10-08 22:39:34,0.3654778957,0.0000000000,269.7999877929,274.8666687011,0.5646667003,2.5333333015,991.5000000000,991.5000000000,991.5000000000,71.0000000000,10.7800006866,5.7733321189,7.0526666641,1.2000000476,0.0000000000,0.0000000000,0.0000000000
2026-10-08 22:45:08,0.3655366420,0.0000000000,284.3999938964,217.3999938964,0.5033333301,1.9333333015,991.4733886718,991.4733886718,991.4733886718,70.8666687011,10.6666669845,5.6799998283,7.0059986114,1.2000000476,0.0000000000,0.0000000000,0.0000000000
2026-10-08 22:50:42,0.3660505056,0.0000000000,228.9333343505,254.3999938964,0.4806666851,1.3333333730,925.3866577148,925.3866577148,925.3866577148,66.4000015258,9.8066673278,5.2399992942,6.5206665992,1.1200000047,0.0000000000,0.0000000000,0.0000000000
2026-10-08 22:56:16,0.3658484220,0.0000000000,237.6666717529,266.7999877929,0.4773333549,2.3333332538,991.5932006835,991.5932006835,991.5932006835,71.4000015258,10.5799999237,5.7533326148,7.0393338203,1.2000000476,0.0000000000,0.0000000000,0.0000000000
2026-10-08 23:01:50,0.3655458927,0.0000000000,223.8000030517,273.2666625976,1.2386666536,2.2000000476,925.7800903320,925.7800903320,925.7800903320,66.2666702270,9.8799991607,5.2799997329,6.5333328247,1.1200000047,0.0000000000,0.0000000000,0.0000000000
2026-10-08 23:07:24,0.3648453235,0.0000000000,242.8000030517,295.7999877929,1.9646664619,3.1333334445,991.9534301757,991.9534301757,991.9534301757,68.9333343505,11.1533327102,5.7466664314,7.0339994430,1.2000000476,0.0000000000,0.0000000000,0.0000000000
2026-10-08 23:12:58,0.3645776748,0.0000000000,219.0666656494,268.6000061035,1.4360001087,1.2666666507,925.7466430664,925.7466430664,925.7466430664,63.4666671752,10.6399993896,5.4133334159,6.5873332023,1.1200000047,0.0000000000,0.0000000000,0.0000000000
2026-10-08 23:18:32,0.3654613256,0.0000000000,214.9333343505,265.0666809082,1.8913334846,0.8666666984,925.6134033203,925.6134033203,925.6134033203,63.4666671752,10.6399993896,5.4400005340,6.6013331413,1.1200000047,0.0000000000,0.0000000000,0.0000000000
2026-10-08 23:24:06,0.3658032894,0.0000000000,215.0000000000,264.5333251953,1.5366666316,0.6000000000,925.6199951171,925.6199951171,925.6199951171,63.4666671752,10.6933326721,5.4266667366,6.5986661911,1.1200000047,0.0000000000,0.0000000000,0.0000000000
2026-10-08 23:29:40,0.3657939672,0.0000000000,215.1999969482,264.6666564941,1.5219997406,0.0000000000,925.6399536132,925.6399536132,925.6399536132,63.7999992370,10.5866680145,5.4133334159,6.5886664390,1.1200000047,0.0000000000,0.0000000000,0.0000000000
2026-10-08 23:35:14,0.3659346580,0.0000000000,213.1999969482,262.6666564941,0.8219999313,0.0000000000,925.6466674804,925.6466674804,925.6466674804,64.4000015258,10.5266675949,5.4533338546,6.5999999046,1.1200000047,0.0000000000,0.0000000000,0.0000000000
2026-10-08 23:40:48,0.3658629894,0.0000000000,217.3999938964,270.3999938964,1.2953332710,0.1333333373,991.7999267578,991.7999267578,991.7999267578,69.0000000000,11.1266670227,5.8000006675,7.0393328666,1.2000000476,0.0000000000,0.0000000000,0.0000000000
2026-10-08 23:46:22,0.3657764434,0.0000000000,207.0000000000,256.4666748046,1.2913333129,0.7333333492,925.7199707031,925.7199707031,925.7199707031,64.4000015258,10.3733339309,5.3400006294,6.5619988441,1.1200000047,0.0000000000,0.0000000000,0.0000000000
2026-10-08 23:52:03,0.3658385515,0.0000000000,147.8666687011,183.3999938964,0.8539999008,0.0000000000,661.2467041015,661.2467041015,661.2467041015,46.0000000000,7.3799996376,3.8066671371,4.6773328781,0.7999999523,0.0000000000,0.0000000000,0.0000000000
2026-10-08 23:57:53,0.3659499645,0.0000000000,98.0000000000,119.1999969482,0.3239999771,0.1333333373,396.7533264160,396.7533264160,396.7533264160,27.7333335876,4.3866667747,2.2799999713,2.8026666641,0.4799999713,0.0000000000,0.0000000000,0.0000000000
2026-10-09 00:03:43,0.3658849000,0.0000000000,90.8000030517,112.0666656494,0.5666666507,0.3333333492,396.7666625976,396.7666625976,396.7666625976,28.0000000000,4.3600001335,2.2799999713,2.7993330955,0.4799999713,0.0000000000,0.0000000000,0.0000000000
2026-10-09 00:09:33,0.3658387899,0.0000000000,98.7333297729,119.9333343505,0.4633333206,0.0000000000,396.7533569335,396.7533569335,396.7533569335,28.0000000000,4.3600001335,2.2733335494,2.7973332405,0.4799999713,0.0000000000,0.0000000000,0.0000000000
2026-10-09 00:15:23,0.3658950805,0.0000000000,79.3333358764,97.0000000000,0.3786666870,0.0000000000,330.6333312988,330.6333312988,330.6333312988,23.3333339691,3.6066665649,1.8933334350,2.3326666355,0.4000000000,0.0000000000,0.0000000000,0.0000000000
2026-10-09 00:21:14,0.3660101652,0.0000000000,79.5999984741,97.2666702270,0.2253333091,0.0666666698,330.6199951171,330.6199951171,330.6199951171,23.3999996185,3.5733332633,1.8800000190,2.3273332118,0.4000000000,0.0000000000,0.0000000000,0.0000000000
2026-10-09 00:27:03,0.3662698745,0.0000000000,109.2666702270,110.0000000000,0.3179999589,0.1333333373,462.8866577148,462.8866577148,462.8866577148,33.1333351135,4.9333333969,2.6199998855,3.2586665153,0.5599999904,0.0000000000,0.0000000000,0.0000000000
2026-10-09 00:32:53,0.3663347244,0.0000000000,91.8000030517,113.0000000000,0.2759999990,0.4000000000,396.7599792480,396.7599792480,396.7599792480,28.3999996185,4.1999998092,2.2733335494,2.8006668090,0.4799999713,0.0000000000,0.0000000000,0.0000000000
2026-10-09 00:38:41,0.3663296222,0.0000000000,86.0000000000,110.7333297729,0.3926667022,0.4666666507,462.9333190917,462.9333190917,462.9333190917,33.5333328247,4.8666672706,2.6199998855,3.2586667537,0.5599999904,0.0000000000,0.0000000000,0.0000000000
2026-10-09 00:44:30,0.3664077758,0.0000000000,89.2666702270,114.0000000000,0.2726666450,0.2000000000,462.9733581542,462.9733581542,462.9733581542,33.5999984741,4.8000001907,2.6066665649,3.2540001869,0.5599999904,0.0000000000,0.0000000000,0.0000000000
2026-10-09 00:50:19,0.3666577100,0.0000000000,94.6666641235,119.4000015258,0.3613333225,0.2666666746,462.9933471679,462.9933471679,462.9933471679,34.0000000000,4.7266664505,2.5666666030,3.2419998645,0.5599999904,0.0000000000,0.0000000000,0.0000000000
2026-10-09 00:56:07,0.3666630029,0.0000000000,100.1333312988,124.8666687011,0.2513333320,0.4666666507,463.0000305175,463.0000305175,463.0000305175,34.0666656494,4.7133331298,2.5666666030,3.2400000095,0.5599999904,0.0000000000,0.0000000000,0.0000000000
2026-10-09 01:01:56,0.3667643547,0.0000000000,100.5999984741,125.3333358764,0.3213333129,0.4666666507,462.9933471679,462.9933471679,462.9933471679,34.0666656494,4.6666665077,2.5666666030,3.2326667308,0.5599999904,0.0000000000,0.0000000000,0.0000000000
