2026-08-27 11:02:23,0.3635149240,8864.7998046875,159.6000061035,209.0666656494,1.9866665840,680.5333251953,921.0800781250,921.0800781250,921.0800781250,64.1333312988,21.3466682434,15.7733325958,13.1979990005,1.1200000047,0.0000000000,0.0000000000,0.0000000000
2026-08-27 11:07:57,0.3626709222,5968.9331054687,169.0666656494,218.5333404541,2.0126664638,590.5999755859,921.0933227539,921.0933227539,921.0933227539,62.7333335876,21.7266654968,15.8333330154,13.2280006408,1.1200000047,0.0000000000,0.0000000000,0.0000000000
2026-08-27 11:13:32,0.3630347728,10237.8662109375,207.3333282470,256.7999877929,1.7213332653,350.0666809082,920.9801025390,920.9801025390,920.9801025390,62.0000000000,21.7933349609,15.7399997711,13.1326646804,1.1200000047,0.0000000000,0.0000000000,0.0000000000
2026-08-27 11:19:07,0.3632117271,14873.9335937500,174.3999938964,223.8666687011,2.0179998874,226.2666625976,921.0533447265,921.0533447265,921.0533447265,61.4666671752,21.7200012207,15.4733333587,12.9206666946,1.1200000047,0.0000000000,0.0000000000,0.0000000000
2026-08-27 11:24:41,0.3633597135,9154.2666015625,219.3999938964,268.8666687011,1.7766667366,249.8000030517,921.0933837890,921.0933837890,921.0933837890,61.1333351135,21.8733310699,15.5933341979,13.0119991302,1.1200000047,0.0000000000,0.0000000000,0.0000000000
2026-08-27 11:30:16,0.3636022567,10088.4667968750,209.7333374023,259.2000122070,2.0946667194,130.0666656494,921.0466308593,921.0466308593,921.0466308593,60.7999992370,21.8399963378,15.4933338165,12.9119997024,1.1200000047,0.0000000000,0.0000000000,0.0000000000
2026-08-27 11:35:51,0.3637160301,13008.2666015625,215.0666656494,240.5333404541,1.6746667861,164.1999969482,921.0734252929,921.0734252929,921.0734252929,60.2666664123,21.6600017547,15.1600008010,12.6393327713,1.1200000047,0.0000000000,0.0000000000,0.0000000000
2026-08-27 11:41:25,0.3635185241,9974.5332031250,194.4666595458,243.9333343505,1.7619999885,158.1333312988,921.1134643554,921.1134643554,921.1134643554,59.5999984741,21.7133369445,15.0733337402,12.5619983673,1.1200000047,0.0000000000,0.0000000000,0.0000000000
2026-08-27 11:47:00,0.3632946968,6579.7333984375,212.0000000000,261.4666748046,2.3706665039,611.7999877929,921.1932983398,921.1932983398,921.1932983398,58.5999984741,21.7533321380,14.8999996185,12.4093332290,1.1200000047,0.0000000000,0.0000000000,0.0000000000
2026-08-27 11:52:34,0.3623168706,10426.7998046875,218.4666595458,267.9333190917,1.5933333396,344.1333312988,921.1333618164,921.1333618164,921.1333618164,57.4000015258,22.2933311462,15.0933341979,12.5473327636,1.1200000047,0.0000000000,18.3333339691,0.0000000000
2026-08-27 11:58:09,0.3620912790,2469.4665527343,221.7333374023,271.2000122070,2.7739999294,706.4666748046,921.1066284179,921.1066284179,921.1066284179,55.8666648864,22.5133323669,14.8800010681,12.3560009002,1.1200000047,0.0000000000,23.3999996185,0.0000000000
2026-08-27 12:03:44,0.3615923166,9438.3330078125,194.1333312988,243.6000061035,2.1333334445,678.2666625976,921.0266113281,921.0266113281,921.0266113281,54.4666671752,22.8533325195,14.8466672897,12.3133306503,1.1200000047,0.0000000000,24.2666664123,0.0000000000
2026-08-27 12:09:18,0.3616662979,14900.1337890625,205.6000061035,255.0666656494,1.9026665687,520.4666748046,920.9533081054,920.9533081054,920.9533081054,54.5999984741,22.9733333587,14.9533338546,12.4139995574,1.1200000047,0.0000000000,24.2666664123,0.0000000000
2026-08-27 12:14:53,0.3617071866,13230.2001953125,192.8666687011,218.3333282470,1.3393334150,421.7999877929,920.8933105468,920.8933105468,920.8933105468,54.4000015258,23.1666641235,15.0666685104,12.4873332977,1.1200000047,0.0000000000,24.2666664123,0.0000000000
2026-08-27 12:20:28,0.3621747970,15783.7998046875,217.0666656494,266.5333251953,2.4480001926,252.1999969482,920.8867187500,920.8867187500,920.8867187500,54.1333351135,22.9599990844,14.8466653823,12.3146667480,1.1200000047,0.0000000000,24.2666664123,0.0000000000
2026-08-27 12:26:02,0.3624407052,15227.7998046875,213.0666656494,262.6000061035,2.7379996776,196.6000061035,920.9465942382,920.9465942382,920.9465942382,52.9333343505,22.6800003051,14.2800006866,11.8579998016,1.1200000047,0.0000000000,24.1333332061,0.0000000000
2026-08-27 12:31:37,0.3622028589,10323.5996093750,229.8000030517,255.2666625976,2.4673333168,699.0000000000,921.0534667968,921.0534667968,921.0534667968,52.2000007629,22.6599998474,14.0399999618,11.6526660919,1.1200000047,0.0000000000,23.7333335876,0.0000000000
2026-08-27 12:37:12,0.3611565828,5858.5332031250,224.0666656494,273.5333251953,2.5226666927,667.4000244140,921.0266723632,921.0266723632,921.0266723632,50.5999984741,23.0066661834,13.9200010299,11.5546674728,1.1200000047,0.0000000000,24.2666664123,0.0000000000
2026-08-27 12:42:46,0.3608889579,8900.5332031250,208.0666656494,257.5333251953,2.5073332786,442.4666748046,920.9866333007,920.9866333007,920.9866333007,48.6666679382,23.3400001525,13.6866664886,11.3613328933,1.1200000047,0.0000000000,24.2666664123,0.0000000000
2026-08-27 12:48:21,0.3613331556,10687.4667968750,222.6000061035,272.0666809082,2.2486665248,741.5999755859,921.0333251953,921.0333251953,921.0333251953,49.5999984741,23.1800003051,13.8399991989,11.4799985885,1.1200000047,0.0000000000,24.2666664123,0.0000000000
2026-08-27 12:53:55,0.3603501319,6143.2666015625,200.0000000000,249.4666595458,2.4319999217,865.8666381835,920.9932861328,920.9932861328,920.9932861328,49.3333320617,23.5933322906,14.0533323287,11.6226663589,1.1200000047,0.0000000000,24.2666664123,0.0000000000
2026-08-27 12:59:30,0.3600605010,730.5999755859,217.0666656494,266.5333251953,2.3713333606,882.6666870117,920.9400024414,920.9400024414,920.9400024414,49.9333343505,24.0533351898,14.6999988555,12.1426668167,1.0400002002,0.0000000000,25.0666675567,0.0000000000
2026-08-27 13:05:05,0.3601798772,1162.3333740234,252.2666625976,229.7333374023,2.0706667900,858.0000000000,920.8934326171,920.8934326171,920.8934326171,52.0666656494,24.0199966430,15.2399997711,12.6046648025,1.0533335208,0.0000000000,25.0000000000,0.0000000000
2026-08-27 13:10:39,0.3602598190,2001.6666259765,210.7333374023,260.2000122070,2.1446669101,602.3333129882,920.9333496093,920.9333496093,920.9333496093,51.6666679382,24.1266651153,15.2799997329,12.6306657791,1.0266668796,0.0000000000,25.2000007629,0.0000000000
2026-08-27 13:16:14,0.3605249166,5355.9331054687,208.6000061035,258.0666809082,2.5586669445,424.2000122070,920.8866577148,920.8866577148,920.8866577148,50.9333343505,23.8266639709,14.7799987792,12.2146654129,1.1200000047,0.0000000000,24.3999996185,0.0000000000
2026-08-27 13:21:49,0.3612322807,9348.8662109375,227.9333343505,253.4666595458,1.7966667175,337.2666625976,920.9932861328,920.9932861328,920.9932861328,50.9333343505,23.6466636657,14.6199989318,12.0833330154,1.1200000047,0.0000000000,24.2666664123,0.0000000000
2026-08-27 13:27:25,0.3608042240,1333.3333740234,160.8000030517,199.6666717529,1.1973334503,633.4666748046,723.7266235351,723.7266235351,723.7266235351,40.4000015258,18.5400009155,11.5200004577,9.5373334884,0.8799999237,0.0000000000,19.1333332061,0.0000000000
2026-08-27 13:33:21,0.3603536844,4936.7333984375,15.8666667938,19.3999996185,0.1926666641,17.2000007629,65.7799987792,65.7799987792,65.7799987792,3.5999999046,1.6866667270,1.0266667604,0.8466666221,0.0800000095,0.0000000000,1.7333333492,0.0000000000
2026-08-27 13:39:16,0.3601322174,6062.4667968750,17.6000003814,21.1333332061,0.2646666765,74.9333343505,65.7933349609,65.7933349609,65.7933349609,3.5999999046,1.7133333683,1.0466666221,0.8673333168,0.0800000095,0.0000000000,1.7999999523,0.0000000000
2026-08-27 13:45:12,0.3613660812,15316.4667968750,15.3333330154,18.8666667938,0.2660000085,11.6666669845,65.7866668701,65.7866668701,65.7866668701,3.6666667461,1.6800000667,1.0333333015,0.8573332786,0.0800000095,0.0000000000,1.7333333492,0.0000000000
2026-08-27 13:51:07,0.3611086606,3426.8666992187,17.2666664123,20.7999992370,0.0939999961,16.6000003814,65.7933349609,65.7933349609,65.7933349609,3.7333333492,1.6666666030,1.0466666221,0.8686666488,0.0800000095,0.0000000000,1.7333333492,0.0000000000
2026-08-27 13:57:03,0.3598570346,9818.4667968750,17.6000003814,21.1333332061,0.1766666650,52.8666648864,65.8000030517,65.8000030517,65.8000030517,3.5333333015,1.7266666889,1.0400000810,0.8599999427,0.0733333349,0.0000000000,1.7999999523,0.0000000000
2026-08-27 14:02:58,0.3614282369,14229.3330078125,16.2666664123,19.7999992370,0.1139999866,11.6000003814,65.7866668701,65.7866668701,65.7866668701,3.7333333492,1.6666666030,1.0400000810,0.8640000343,0.0800000095,0.0000000000,1.7333333492,0.0000000000
2026-08-27 14:08:54,0.3610772848,4027.7333984375,15.6000003814,19.1333332061,0.1333333373,44.5999984741,65.8066711425,65.8066711425,65.8066711425,3.6666667461,1.6666666030,1.0400000810,0.8599999427,0.0800000095,0.0000000000,1.7333333492,0.0000000000
2026-08-27 14:14:49,0.3610282897,4531.9331054687,16.0000000000,19.5333328247,0.2519999980,19.9333324432,65.8000030517,65.8000030517,65.8000030517,3.5999999046,1.6599999427,1.0133333206,0.8413332939,0.0800000095,0.0000000000,1.7333333492,0.0000000000
2026-08-27 14:20:45,0.3602668285,1197.4000244140,15.1999998092,18.7333335876,0.2386666774,23.1333332061,65.8000030517,65.8000030517,65.8000030517,3.5999999046,1.6666666030,1.0066666603,0.8360000610,0.0800000095,0.0000000000,1.7333333492,0.0000000000
2026-08-27 14:26:40,0.3595513343,384.0000000000,16.0000000000,19.5333328247,0.1613333225,57.6666679382,65.7933349609,65.7933349609,65.7933349609,3.4000000953,1.7066667079,0.9866666793,0.8179999351,0.0800000095,0.0000000000,1.7333333492,0.0000000000
2026-08-27 14:32:36,0.3592782974,384.0000000000,16.3333339691,19.8666667938,0.1473333358,56.5333328247,65.7933349609,65.7933349609,65.7933349609,3.2000000476,1.7533334732,0.9600000381,0.7953332901,0.0733333349,0.0000000000,1.7999999523,0.0000000000
2026-08-27 14:38:31,0.3591728448,1138.1999511718,16.5333328247,20.0666675567,0.1399999980,56.4000015258,65.7933349609,65.7933349609,65.7933349609,3.2000000476,1.7533334732,0.9666666030,0.7966666698,0.0733333349,0.0000000000,1.7999999523,0.0000000000
2026-08-27 14:44:27,0.3586873769,2029.5333251953,17.2000007629,20.7333335876,0.1513333320,58.4666671752,65.7866668701,65.7866668701,65.7866668701,3.2000000476,1.7599999904,0.9666666030,0.7986666679,0.0733333349,0.0000000000,1.7999999523,0.0000000000
2026-08-27 14:50:22,0.3595742225,13306.2666015625,16.2666664123,19.7999992370,0.2133333206,14.1333332061,65.7866668701,65.7866668701,65.7866668701,3.2666666507,1.7800001144,1.0066666603,0.8293333053,0.0733333349,0.0000000000,1.7999999523,0.0000000000
2026-08-27 14:56:18,0.3603137969,11060.3330078125,15.1999998092,18.7333335876,0.1566666603,15.6666669845,65.7866668701,65.7866668701,65.7866668701,3.2000000476,1.7333333492,0.9533332824,0.7893333435,0.0733333349,0.0000000000,1.7999999523,0.0000000000
