2026-10-01 10:15:14,0.6560566902,4072.0666503906,123.5999984741,173.0666656494,2.2153329849,50.8666648864,921.7532348632,921.7532348632,921.7532348632,76.5333328247,17.9266662597,15.1000013351,12.7666664123,1.1200000047,0.0000000000,0.0000000000,0.0000000000
2026-10-01 10:20:48,0.6375151157,3477.2666015625,137.1333312988,186.6000061035,1.4906666278,40.4000015258,921.7133178710,921.7133178710,921.7133178710,76.9333343505,17.9200000762,15.1399993896,12.7913331985,1.1200000047,0.0000000000,0.0000000000,0.0000000000
2026-10-01 10:26:21,0.6177754878,2951.8666992187,134.0000000000,183.4666595458,1.8833333015,34.1333351135,921.7066040039,921.7066040039,921.7066040039,76.9333343505,17.9200000762,15.1199979782,12.7726650238,1.1200000047,0.0000000000,0.0000000000,0.0000000000
2026-10-01 10:31:54,0.6092000961,3237.2666015625,134.8000030517,184.2666625976,1.0053333044,36.5333328247,921.6400756835,921.6400756835,921.6400756835,77.4000015258,17.9200000762,15.1800012588,12.8226661682,1.1200000047,0.0000000000,0.0000000000,0.0000000000
2026-10-01 10:37:27,0.5961908817,2946.1999511718,129.3999938964,178.8666687011,1.6893332004,34.4666671752,921.5399780273,921.5399780273,921.5399780273,77.4000015258,17.9200000762,15.1800012588,12.8319997787,1.1200000047,0.0000000000,0.0000000000,0.0000000000
2026-10-01 10:43:01,0.5815119266,2943.8666992187,132.6000061035,182.1333312988,1.6233332157,32.6666679382,921.4932250976,921.4932250976,921.4932250976,77.3333358764,17.9200000762,15.1800022125,12.8233327865,1.1200000047,0.0000000000,0.0000000000,0.0000000000
2026-10-01 10:48:36,0.5711030006,3756.8666992187,144.8666687011,194.3999938964,1.1093332767,41.8666648864,921.4666748046,921.4666748046,921.4666748046,77.2666702270,18.0133342742,15.2333345413,12.8746652603,1.1200000047,0.0000000000,0.0000000000,0.0000000000
2026-10-01 10:54:08,0.5579132080,3096.2666015625,126.8000030517,176.2666625976,1.0620000362,34.0666656494,921.4465942382,921.4465942382,921.4465942382,77.0666656494,18.0399990081,15.2666664123,12.9113321304,1.1200000047,0.0000000000,0.0000000000,0.0000000000
2026-10-01 10:59:41,0.5486042499,4292.0668945312,167.1999969482,216.8000030517,0.9553334236,48.1333351135,921.4466552734,921.4466552734,921.4466552734,76.8666687011,18.1066646575,15.3066644668,12.9433326721,1.1200000047,0.0000000000,0.0000000000,0.0000000000
2026-10-01 11:05:14,0.5340009212,4367.8666992187,158.6666717529,208.1333312988,1.3139997720,50.8666648864,921.4532470703,921.4532470703,921.4532470703,76.5333328247,18.1666660308,15.3066663742,12.9299993515,1.1200000047,0.0000000000,0.0000000000,0.0000000000
2026-10-01 11:10:47,0.5159235477,5796.2001953125,148.5333404541,198.0000000000,1.2666666507,70.1999969482,921.3332519531,921.3332519531,921.3332519531,76.4666671752,18.1933326721,15.2866649627,12.9173336029,1.1200000047,0.0000000000,0.0000000000,0.0000000000
2026-10-01 11:16:21,0.4997509002,5559.6665039062,159.0000000000,208.4666595458,0.9806667327,65.1999969482,921.2732543945,921.2732543945,921.2732543945,76.4000015258,18.2000007629,15.3266658782,12.9499998092,1.1200000047,0.0000000000,0.0000000000,0.0000000000
2026-10-01 11:21:55,0.4821705818,4831.6000976562,174.1333312988,223.6666717529,1.3293334245,56.7333335876,921.1867675781,921.1867675781,921.1867675781,75.9333343505,18.2466678619,15.3000001907,12.9139995574,1.1200000047,0.0000000000,0.0000000000,0.0000000000
2026-10-01 11:27:28,0.4605614662,5042.2666015625,148.2666625976,197.8000030517,1.3506666421,59.5999984741,921.1933593750,921.1933593750,921.1933593750,75.5999984741,18.4133319854,15.3666658401,12.9806671142,1.1200000047,0.0000000000,0.0000000000,0.0000000000
2026-10-01 11:33:01,0.4385751724,6017.6665039062,140.2666625976,189.8000030517,1.7380000114,69.1333312988,921.2067260742,921.2067260742,921.2067260742,75.1333312988,18.4866676330,15.3199977874,12.9293327331,1.1200000047,0.0000000000,0.0000000000,0.0000000000
2026-10-01 11:38:35,0.4164757728,8913.5996093750,141.0666656494,190.5333404541,1.2013332843,108.5999984741,921.1467895507,921.1467895507,921.1467895507,74.6666641235,18.5599975585,15.3399991989,12.9366655349,1.1200000047,0.0000000000,0.0000000000,0.0000000000
2026-10-01 11:44:09,0.3898642349,11302.5332031250,142.4666595458,191.9333343505,1.7126666069,131.8666687011,921.1334838867,921.1334838867,921.1334838867,74.5333328247,18.6599998474,15.3533334732,12.9480009078,1.1200000047,0.0000000000,0.0000000000,0.0000000000
2026-10-01 11:49:44,0.3714959383,10597.8662109375,137.1333312988,186.6666717529,1.7406667709,126.5999984741,921.1201171875,921.1201171875,921.1201171875,74.0000000000,18.7600021362,15.3999996185,12.9733333587,1.1200000047,0.0000000000,0.0000000000,0.0000000000
2026-10-01 11:55:38,0.3688283443,11466.6669921875,0.0000000000,0.0000000000,0.0000000000,0.0000000000,0.0000000000,0.0000000000,0.0000000000,0.0000000000,0.0000000000,0.0000000000,0.0000000000,0.0000000000,0.0000000000,0.0000000000,0.0000000000
2026-10-01 12:01:32,0.3681352376,13845.0000000000,18.6666660308,25.7333335876,0.2013333320,21.1333332061,131.5733337402,131.5733337402,131.5733337402,10.5333337783,2.7200002670,2.2333333492,1.8846666336,0.1600000143,0.0000000000,0.0000000000,0.0000000000
2026-10-01 12:07:28,0.3665085315,9847.7998046875,9.7333335876,13.2666664123,0.1746666526,10.3333330154,65.7866668701,65.7866668701,65.7866668701,5.1999998092,1.3666666746,1.1133333444,0.9359999656,0.0800000095,0.0000000000,0.0000000000,0.0000000000
2026-10-01 12:13:23,0.3656718254,6979.2666015625,13.8666667938,17.3999996185,0.0133333325,6.3333334922,65.7866668701,65.7866668701,65.7866668701,5.2666668891,1.3733333349,1.1200001239,0.9446666717,0.0800000095,0.0000000000,0.0000000000,0.0000000000
2026-10-01 12:19:19,0.3656067848,7695.9331054687,17.3999996185,20.9333324432,0.0746666669,7.3333334922,65.7933349609,65.7933349609,65.7933349609,5.1999998092,1.3733333349,1.1200001239,0.9433333396,0.0800000095,0.0000000000,0.0000000000,0.0000000000
2026-10-01 12:25:14,0.3654761552,10010.5332031250,10.9333333969,14.4666662216,0.1906666660,8.3999996185,65.7933349609,65.7933349609,65.7933349609,5.1999998092,1.3799999952,1.1200001239,0.9413333892,0.0800000095,0.0000000000,0.0000000000,0.0000000000
2026-10-01 12:31:10,0.3667865991,6689.7333984375,8.3333330154,11.8666667938,0.1926666641,5.4000000953,65.7799987792,65.7799987792,65.7799987792,5.1999998092,1.3866667747,1.1266666650,0.9479999542,0.0800000095,0.0000000000,0.0000000000,0.0000000000
2026-10-01 12:37:06,0.3668225765,4791.9331054687,13.6000003814,17.1333332061,0.1726666545,4.8666667938,65.7799987792,65.7799987792,65.7799987792,5.1999998092,1.3866667747,1.1266666650,0.9466666221,0.0800000095,0.0000000000,0.0000000000,0.0000000000
2026-10-01 12:42:59,0.3667804718,3799.0000000000,21.6000003814,28.6666660308,0.1513333320,6.7333331108,131.5733337402,131.5733337402,131.5733337402,10.3333330154,2.7866666316,2.2599999904,1.9066665649,0.1600000143,0.0000000000,0.0000000000,0.0000000000
2026-10-01 12:48:55,0.3667718172,3451.6667480468,10.8666667938,14.3999996185,0.0713333225,2.4000000953,65.7866668701,65.7866668701,65.7866668701,5.1999998092,1.3933333206,1.1333333253,0.9526666641,0.0800000095,0.0000000000,0.0000000000,0.0000000000
2026-10-01 12:54:50,0.3667329311,3122.6000976562,13.0666666030,16.6000003814,0.0659999942,2.2666666507,65.7933349609,65.7933349609,65.7933349609,5.1999998092,1.3933333206,1.1333333253,0.9526666641,0.0800000095,0.0000000000,0.0000000000,0.0000000000
2026-10-01 13:00:46,0.3667539358,3125.3999023437,13.8000001907,17.3333339691,0.0500000000,2.5333333015,65.7933349609,65.7933349609,65.7933349609,5.1333332061,1.3999999809,1.1333333253,0.9553333282,0.0800000095,0.0000000000,0.0000000000,0.0000000000
2026-10-01 13:06:41,0.3665738105,2929.1999511718,17.2666664123,20.7999992370,0.1093333244,2.4000000953,65.7933349609,65.7933349609,65.7933349609,5.1333332061,1.4066666603,1.1399999856,0.9573333740,0.0800000095,0.0000000000,0.0000000000,0.0000000000
2026-10-01 13:12:37,0.3664851665,3091.4665527343,8.0000000000,11.5333337783,0.0839999961,2.2666666507,65.7799987792,65.7799987792,65.7799987792,5.1333332061,1.4133334159,1.1399999856,0.9613333702,0.0800000095,0.0000000000,0.0000000000,0.0000000000
2026-10-01 13:18:32,0.3663915395,3873.4665527343,12.0000000000,15.5333337783,0.0379999995,3.2000000476,65.7799987792,65.7799987792,65.7799987792,5.1333332061,1.4266666412,1.1466667652,0.9673332214,0.0800000095,0.0000000000,0.0000000000,0.0000000000
2026-10-01 13:24:28,0.3664797782,3785.3999023437,15.1333332061,18.6666660308,0.1599999904,3.3333332538,65.7733383178,65.7733383178,65.7733383178,5.1333332061,1.4266666412,1.1466667652,0.9646665573,0.0800000095,0.0000000000,0.0000000000,0.0000000000
2026-10-01 13:30:23,0.3663059711,3729.0000000000,18.2000007629,21.7333335876,0.0359999990,3.0666666030,65.7733383178,65.7733383178,65.7733383178,5.1333332061,1.4266666412,1.1533334255,0.9686666488,0.0800000095,0.0000000000,0.0000000000,0.0000000000
2026-10-01 13:36:19,0.3661741733,6135.7333984375,17.3333339691,20.8666667938,0.0766666650,3.8666666030,65.7666702270,65.7666702270,65.7666702270,5.1333332061,1.4400000572,1.1599999666,0.9746666908,0.0800000095,0.0000000000,0.0000000000,0.0000000000
2026-10-01 13:42:14,0.3658959388,7412.3999023437,13.0000000000,16.5333328247,0.0559999990,8.7333335876,65.7600021362,65.7600021362,65.7600021362,5.0666666030,1.4466667175,1.1599999666,0.9786665916,0.0800000095,0.0000000000,0.0000000000,0.0000000000
2026-10-01 13:48:10,0.3658665418,5027.6665039062,12.3333330154,15.8666667938,0.0599999952,4.0666666030,65.7600021362,65.7600021362,65.7600021362,5.0666666030,1.4466667175,1.1599999666,0.9779999732,0.0800000095,0.0000000000,0.0000000000,0.0000000000
2026-10-01 13:54:05,0.3658663988,5988.9331054687,17.5333328247,21.0666675567,0.1306666612,3.7999999523,65.7533340454,65.7533340454,65.7533340454,5.0666666030,1.4533333778,1.1666666269,0.9793333053,0.0800000095,0.0000000000,0.0000000000,0.0000000000
2026-10-01 14:00:01,0.3657097578,7028.6000976562,10.2666664123,13.8000001907,0.1113333344,5.8000001907,65.7466659545,65.7466659545,65.7466659545,5.0666666030,1.4533333778,1.1599999666,0.9786665916,0.0800000095,0.0000000000,0.0000000000,0.0000000000
2026-10-01 14:05:56,0.3655082225,9621.8662109375,12.7333335876,16.2666664123,0.0253333330,6.4000000953,65.7533340454,65.7533340454,65.7533340454,5.0666666030,1.4666666984,1.1733334064,0.9880000114,0.0800000095,0.0000000000,0.0000000000,0.0000000000
2026-10-01 14:11:50,0.3652604818,9497.2001953125,24.6666660308,31.7333335876,0.2173333406,17.8666667938,131.5000000000,131.5000000000,131.5000000000,10.0000000000,2.9600000381,2.3466668128,1.9746665954,0.1600000143,0.0000000000,0.0000000000,0.0000000000
2026-10-01 14:17:46,0.3652346372,7809.9331054687,14.3999996185,17.9333324432,0.1259999990,5.8666667938,65.7533340454,65.7533340454,65.7533340454,4.9333333969,1.4866667747,1.1733334064,0.9873332977,0.0800000095,0.0000000000,0.0000000000,0.0000000000
2026-10-01 14:23:41,0.3652076721,7414.3999023437,11.1999998092,14.7333335876,0.0326666641,7.2666668891,65.7466659545,65.7466659545,65.7466659545,4.9333333969,1.4866667747,1.1733334064,0.9853333473,0.0800000095,0.0000000000,0.0000000000,0.0000000000
2026-10-01 14:29:37,0.3651361942,8423.6669921875,12.6000003814,16.1333332061,0.0946666622,7.4000000953,65.7533340454,65.7533340454,65.7533340454,4.9333333969,1.4933333396,1.1800000667,0.9913332939,0.0800000095,0.0000000000,0.0000000000,0.0000000000
2026-10-01 14:35:32,0.3651110649,7052.3999023437,15.7333335876,19.2666664123,0.0826666641,7.7333331108,65.7466659545,65.7466659545,65.7466659545,4.8666667938,1.4933333396,1.1666666269,0.9819999694,0.0800000095,0.0000000000,0.0000000000,0.0000000000
2026-10-01 14:41:28,0.3651465892,7364.9331054687,11.1333332061,14.6666669845,0.0666666698,6.6666665077,65.7400054931,65.7400054931,65.7400054931,4.9333333969,1.4933333396,1.1733334064,0.9833333969,0.0800000095,0.0000000000,0.0000000000,0.0000000000
2026-10-01 14:47:23,0.3650960683,7241.4667968750,11.9333333969,15.4666662216,0.0879999923,7.1999998092,65.7333297729,65.7333297729,65.7333297729,4.9333333969,1.4933333396,1.1666666269,0.9813333511,0.0800000095,0.0000000000,0.0000000000,0.0000000000
2026-10-01 14:53:19,0.3650774717,5508.6000976562,13.4666662216,17.0000000000,0.0879999923,6.4666666984,65.7333297729,65.7333297729,65.7333297729,4.9333333969,1.5000000000,1.1800000667,0.9913332939,0.0800000095,0.0000000000,0.0000000000,0.0000000000
2026-10-01 14:59:14,0.3651674985,4848.0668945312,10.5333337783,14.0666666030,0.0673333358,4.1333332061,65.7266693115,65.7266693115,65.7266693115,4.9333333969,1.5000000000,1.1733334064,0.9859999656,0.0800000095,0.0000000000,0.0000000000,0.0000000000
2026-10-01 15:05:10,0.3645264148,4305.3999023437,14.2666664123,17.7999992370,0.0573333311,4.0666666030,65.7333297729,65.7333297729,65.7333297729,4.9333333969,1.4933333396,1.1733334064,0.9886666297,0.0800000095,0.0000000000,0.0000000000,0.0000000000
2026-10-01 15:11:05,0.3646313905,3941.5334472656,9.0666666030,12.6000003814,0.0839999961,3.2666666507,65.7333297729,65.7333297729,65.7333297729,4.9333333969,1.4933333396,1.1800000667,0.9913332939,0.0800000095,0.0000000000,0.0000000000,0.0000000000
2026-10-01 15:17:01,0.3647308111,4157.1333007812,8.9333333969,12.4666662216,0.0946666622,3.0666666030,65.7266693115,65.7266693115,65.7266693115,4.9333333969,1.4933333396,1.1733334064,0.9873332977,0.0800000095,0.0000000000,0.0000000000,0.0000000000
2026-10-01 15:22:55,0.3647079944,5016.5332031250,27.3333339691,34.4000015258,0.1366666674,7.8666667938,131.4600067138,131.4600067138,131.4600067138,9.8666667938,2.9800000190,2.3533334732,1.9766665458,0.1600000143,0.0000000000,0.0000000000,0.0000000000
2026-10-01 15:28:51,0.3646466970,4560.6665039062,11.6000003814,15.1333332061,0.1180000066,4.1999998092,65.7266693115,65.7266693115,65.7266693115,4.9333333969,1.4866667747,1.1666666269,0.9833333969,0.0800000095,0.0000000000,0.0000000000,0.0000000000
2026-10-01 15:34:46,0.3646242380,4519.0000000000,10.5333337783,14.0666666030,0.1413333320,3.5999999046,65.7266693115,65.7266693115,65.7266693115,4.9333333969,1.4866667747,1.1599999666,0.9773332595,0.0800000095,0.0000000000,0.0000000000,0.0000000000
2026-10-01 15:40:42,0.3647423744,4644.7998046875,10.7333335876,14.2666664123,0.0986666679,3.5333333015,65.7266693115,65.7266693115,65.7266693115,4.9333333969,1.4866667747,1.1666666269,0.9826666831,0.0800000095,0.0000000000,0.0000000000,0.0000000000
2026-10-01 15:46:37,0.3689077377,4794.2001953125,12.9333333969,16.4666671752,0.0653333282,3.7333333492,65.7266693115,65.7266693115,65.7266693115,4.9333333969,1.4933333396,1.1666666269,0.9819999694,0.0800000095,0.0000000000,0.0000000000,0.0000000000
2026-10-01 15:52:33,0.3704932928,4976.2001953125,13.8666667938,17.3999996185,0.0893333244,3.9333333969,65.7266693115,65.7266693115,65.7266693115,4.9333333969,1.4933333396,1.1666666269,0.9826666831,0.0800000095,0.0000000000,0.0000000000,0.0000000000
2026-10-01 15:58:28,0.3828567028,5696.2666015625,13.9333333969,17.4666671752,0.0779999971,4.1333332061,65.7266693115,65.7266693115,65.7266693115,4.9333333969,1.4933333396,1.1800000667,0.9913332939,0.0800000095,0.0000000000,0.0000000000,0.0000000000
2026-10-01 16:04:24,0.3735349416,4992.0668945312,12.1333332061,15.6666669845,0.0753333330,4.7333331108,65.7200012207,65.7200012207,65.7200012207,4.9333333969,1.4933333396,1.1800000667,0.9946666717,0.0800000095,0.0000000000,0.0000000000,0.0000000000
