2026-10-03 04:15:44,0.6611087799,0.0000000000,230.2666625976,279.7333374023,0.2833333206,1.2000000476,933.4332885742,933.4332885742,933.4332885742,83.0666656494,6.6066660881,5.0533337593,6.5060000419,1.1200000047,0.0000000000,0.0000000000,0.0000000000
2026-10-03 04:21:18,0.6655083656,0.0000000000,261.0666809082,314.0666809082,0.3279999732,1.2000000476,1000.1934204101,1000.1934204101,1000.1934204101,89.0000000000,7.1666655540,5.5466661453,7.0313334465,1.2000000476,0.0000000000,0.0000000000,0.0000000000
2026-10-03 04:26:52,0.6708297729,0.0000000000,275.0666809082,280.0666809082,0.3733333587,1.6666666030,1000.2599487304,1000.2599487304,1000.2599487304,89.0000000000,7.3000011444,5.6666660308,7.0973339080,1.2000000476,0.0000000000,0.0000000000,0.0000000000
2026-10-03 04:32:25,0.6776342868,0.0000000000,300.9333190917,137.9333343505,0.2679999828,1.4666666984,1000.2865600585,1000.2865600585,1000.2865600585,89.0000000000,7.2266659736,5.6199994087,7.0673327445,1.2000000476,0.0000000000,0.0000000000,0.0000000000
2026-10-03 04:37:59,0.6836230278,0.0000000000,285.0666809082,194.0666656494,0.2713333368,1.3333333730,1000.3601074218,1000.3601074218,1000.3601074218,89.0000000000,7.1999988555,5.5533328056,7.0353326797,1.2000000476,0.0000000000,0.0000000000,0.0000000000
2026-10-03 04:43:33,0.6900598526,0.0000000000,271.9333190917,180.9333343505,0.1580000162,2.0000000000,1000.4068603515,1000.4068603515,1000.4068603515,89.0000000000,7.1733326911,5.5599994659,7.0339994430,1.2000000476,0.0000000000,0.0000000000,0.0000000000
2026-10-03 04:49:06,0.6963138103,0.0000000000,304.8666687011,165.8000030517,0.3046666383,2.4666666984,1000.4400634765,1000.4400634765,1000.4400634765,89.0000000000,7.0999989509,5.5000000000,7.0039992332,1.2000000476,0.0000000000,0.0000000000,0.0000000000
2026-10-03 04:54:40,0.7015311241,0.0000000000,246.0000000000,299.0000000000,0.2293333530,2.1333334445,1000.4600219726,1000.4600219726,1000.4600219726,89.0000000000,7.1266655921,5.5000000000,7.0226655006,1.2000000476,0.0000000000,0.0000000000,0.0000000000
2026-10-03 05:00:14,0.7072419643,0.0000000000,204.3999938964,257.4666748046,0.2353332996,2.0000000000,1000.5266113281,1000.5266113281,1000.5266113281,89.0000000000,7.0999989509,5.5000000000,7.0193324089,1.2000000476,0.0000000000,0.0000000000,0.0000000000
2026-10-03 05:05:48,0.7114908695,0.0000000000,151.3999938964,180.3999938964,0.0913333320,2.0000000000,1000.6399536132,1000.6399536132,1000.6399536132,89.0000000000,7.0666661262,5.4466676712,6.9879994392,1.2000000476,0.0000000000,0.0000000000,0.0000000000
2026-10-03 05:11:21,0.7180132389,0.0000000000,308.3999938964,97.3333358764,0.2406666517,2.0000000000,1000.7532348632,1000.7532348632,1000.7532348632,89.0000000000,6.9466676712,5.2933340072,6.9180002212,1.2000000476,0.0000000000,0.0000000000,0.0000000000
2026-10-03 05:16:55,0.7216363906,0.0000000000,305.3999938964,190.3999938964,0.4139999389,2.5999999046,1000.8265991210,1000.8265991210,1000.8265991210,89.0000000000,7.0000000000,5.3800001144,6.9560008049,1.2000000476,0.0000000000,0.0000000000,0.0000000000
2026-10-03 05:22:29,0.7251457691,0.0000000000,260.6000061035,313.6000061035,0.3799999952,2.2000000476,1000.9200439453,1000.9200439453,1000.9200439453,89.1333312988,7.0799994468,5.5133328437,7.0246663093,1.2000000476,0.0000000000,0.0000000000,0.0000000000
2026-10-03 05:28:03,0.7282331466,0.0000000000,200.1333312988,225.6000061035,0.1499999904,1.3999999809,934.2865600585,934.2865600585,934.2865600585,83.9333343505,6.6533327102,5.2266659736,6.5966668128,1.1200000047,0.0000000000,0.0000000000,0.0000000000
2026-10-03 05:33:37,0.7328755378,0.0000000000,210.7333374023,191.7333374023,0.0833333396,1.2000000476,1001.0932006835,1001.0932006835,1001.0932006835,89.0000000000,7.0599994659,5.4933333396,7.0100002288,1.2000000476,0.0000000000,0.0000000000,0.0000000000
2026-10-03 05:39:11,0.7363205432,0.0000000000,227.0000000000,184.0000000000,0.0833333396,1.8666666984,1001.1800537109,1001.1800537109,1001.1800537109,89.0000000000,6.9000010490,5.3000001907,6.9153342247,1.2000000476,0.0000000000,0.0000000000,0.0000000000
2026-10-03 05:44:44,0.7396634101,0.0000000000,279.3333435058,160.8000030517,0.2726666450,1.8666666984,934.4733276367,934.4733276367,934.4733276367,83.0666656494,6.3466672897,4.8199996948,6.4026656150,1.1200000047,0.0000000000,0.0000000000,0.0000000000
2026-10-03 05:50:31,0.7435602664,0.0000000000,143.1333312988,171.3999938964,0.1806666755,1.2000000476,534.0065917968,534.0065917968,534.0065917968,47.4666671752,3.6266665458,2.7733335494,3.6666665077,0.6399999618,0.0000000000,0.0000000000,0.0000000000
2026-10-03 05:56:20,0.7472186565,0.0000000000,122.8000030517,147.5333404541,0.1773333311,0.7333333492,467.2866210937,467.2866210937,467.2866210937,41.5333328247,3.1800000667,2.4466667175,3.2153329849,0.5599999904,0.0000000000,0.0000000000,0.0000000000
2026-10-03 06:02:08,0.7497129440,0.0000000000,118.2666702270,143.0000000000,0.1233333230,0.4666666507,467.2999877929,467.2999877929,467.2999877929,42.0000000000,3.2200002670,2.4733331203,3.2366666793,0.5599999904,0.0000000000,0.0000000000,0.0000000000
2026-10-03 06:07:56,0.7528480529,0.0000000000,127.9333343505,152.6666717529,0.1166666626,0.8666666984,467.3199768066,467.3199768066,467.3199768066,42.0000000000,3.2200002670,2.5200002193,3.2493333816,0.5599999904,0.0000000000,0.0000000000,0.0000000000
2026-10-03 06:13:44,0.7571747779,0.0000000000,137.6000061035,165.8666687011,0.1619999885,0.6666666984,534.1400146484,534.1400146484,534.1400146484,48.0000000000,3.6800003051,2.8800003051,3.7106668949,0.6399999618,0.0000000000,0.0000000000,0.0000000000
2026-10-03 06:19:31,0.7593410015,0.0000000000,140.2666625976,168.5333404541,0.2073333024,1.0000000000,534.1533813476,534.1533813476,534.1533813476,48.0000000000,3.7266666889,2.9266667366,3.7360000610,0.6399999618,0.0000000000,0.0000000000,0.0000000000
2026-10-03 06:25:19,0.7641510009,0.0000000000,110.2666702270,135.0000000000,0.0940000057,0.6666666984,467.4133605957,467.4133605957,467.4133605957,42.0000000000,3.2666666507,2.5666666030,3.2699999809,0.5599999904,0.0000000000,0.0000000000,0.0000000000
2026-10-03 06:31:08,0.7669141769,0.0000000000,122.3333358764,147.0666656494,0.1326666593,0.4666666507,467.4266967773,467.4266967773,467.4266967773,42.0000000000,3.2400000095,2.5200002193,3.2566666603,0.5599999904,0.0000000000,0.0000000000,0.0000000000
2026-10-03 06:36:56,0.7741566658,0.0000000000,104.6666641235,57.4000015258,0.0913333225,0.5333333492,467.4400329589,467.4400329589,467.4400329589,41.6666679382,3.1933331489,2.4866666793,3.2326669692,0.5599999904,0.0000000000,0.0000000000,0.0000000000
2026-10-03 06:42:44,0.7785075187,0.0000000000,124.0000000000,148.7333374023,0.1500000000,0.7333333492,467.4600219726,467.4600219726,467.4600219726,41.5333328247,3.1933333873,2.4666666984,3.2266662120,0.5599999904,0.0000000000,0.0000000000,0.0000000000
2026-10-03 06:48:33,0.7841737270,1.1333333253,130.4666595458,59.2000007629,0.0499999952,0.6666666984,467.4666748046,467.4666748046,467.4666748046,41.5333328247,3.1466670036,2.4066667556,3.2000000476,0.5599999904,0.0000000000,0.0000000000,0.0000000000
