2026-10-09 16:17:32,0.3588877201,4181.1333007812,226.2666625976,251.8000030517,3.7559998035,267.2000122070,929.4133911132,929.4133911132,929.4133911132,34.8666648864,17.7399997711,3.9866668701,5.7653336524,1.1200000047,0.0000000000,0.0000000000,0.0000000000
2026-10-09 16:23:06,0.3585084438,384.0000000000,219.1999969482,268.6666564941,2.8613330841,348.6666564941,929.4400634765,929.4400634765,929.4400634765,35.2000007629,17.9866657257,4.2866668701,5.8880000114,1.1200000047,0.0000000000,0.0000000000,0.0000000000
2026-10-09 16:28:41,0.3582610607,384.0000000000,202.8666687011,252.3333282470,3.4966664314,340.2666625976,929.4733276367,929.4733276367,929.4733276367,33.5999984741,18.1933326721,3.9733338356,5.7473330497,1.1200000047,0.0000000000,0.0000000000,0.0000000000
2026-10-09 16:34:15,0.3581724643,384.0000000000,215.3999938964,264.8666687011,3.3213334083,315.4666748046,929.4398803710,929.4398803710,929.4398803710,33.5333328247,18.2000007629,3.9333335876,5.7346663475,1.1200000047,0.0000000000,0.0000000000,0.0000000000
2026-10-09 16:39:50,0.3582156896,384.0000000000,224.0000000000,273.4666748046,3.3419997692,303.7999877929,929.4600830078,929.4600830078,929.4600830078,33.4000015258,18.2000007629,3.8866670608,5.7093334197,1.1200000047,0.0000000000,0.0000000000,0.0000000000
2026-10-09 16:45:24,0.3581742286,384.0000000000,217.1999969482,242.6666717529,3.4753334522,283.4666748046,929.5067749023,929.5067749023,929.5067749023,33.5999984741,18.0533351898,3.8733334541,5.7059998512,1.1200000047,0.0000000000,0.0000000000,0.0000000000
2026-10-09 16:50:59,0.3582352161,384.0000000000,220.1999969482,269.6666564941,3.4106669425,265.0666809082,929.5533447265,929.5533447265,929.5533447265,34.2666664123,18.0133342742,4.0133337974,5.7720003128,1.1200000047,0.0000000000,0.0000000000,0.0000000000
2026-10-09 16:56:33,0.3582799673,384.0000000000,219.8000030517,269.3333435058,2.8426671028,251.6666717529,929.6333618164,929.6333618164,929.6333618164,35.0666656494,17.9400005340,4.1999998092,5.8519992828,1.1200000047,0.0000000000,0.0000000000,0.0000000000
2026-10-09 17:02:07,0.3582552671,384.0000000000,217.5333404541,267.0000000000,3.3846666812,240.0000000000,929.6932983398,929.6932983398,929.6932983398,35.0000000000,17.8733310699,4.1799998283,5.8453340530,1.1200000047,0.0000000000,0.0000000000,0.0000000000
2026-10-09 17:07:42,0.3582848072,384.0000000000,230.2666625976,279.7333374023,2.7033333778,219.9333343505,929.7467651367,929.7467651367,929.7467651367,34.5999984741,17.8999977111,4.0266671180,5.7773337364,1.1200000047,0.0000000000,0.0000000000,0.0000000000
2026-10-09 17:13:16,0.3582635402,384.0000000000,222.3333282470,271.7999877929,3.3166666030,201.8666687011,929.8265991210,929.8265991210,929.8265991210,34.2666664123,17.8333339691,3.8400001525,5.6979999542,1.1200000047,0.0000000000,0.0000000000,0.0000000000
2026-10-09 17:18:51,0.3582580327,384.0000000000,222.3999938964,271.8666687011,2.5120000839,190.0666656494,929.8399658203,929.8399658203,929.8399658203,33.4666671752,17.7266654968,3.4400000572,5.5279998779,1.1200000047,0.0000000000,0.0000000000,0.0000000000
2026-10-09 17:24:25,0.3582162618,384.0000000000,212.2666625976,261.6666564941,3.2766668796,173.8000030517,929.8267211914,929.8267211914,929.8267211914,32.7333335876,17.5866661071,3.0533335208,5.3740000724,1.1200000047,0.0000000000,0.0000000000,0.0000000000
2026-10-09 17:30:00,0.3582513809,384.0000000000,222.5333404541,272.0000000000,3.2406666278,160.0000000000,929.8134155273,929.8134155273,929.8134155273,32.7999992370,17.5066661834,2.9533336639,5.3366665840,1.1200000047,0.0000000000,0.0000000000,0.0000000000
2026-10-09 17:35:34,0.3583274126,384.0000000000,214.2666625976,263.7333374023,2.4600000381,144.1333312988,929.7933959960,929.7933959960,929.7933959960,34.3333320617,17.3800010681,3.4399998188,5.5420002937,1.1200000047,0.0000000000,0.0000000000,0.0000000000
2026-10-09 17:41:09,0.3584200859,384.3333435058,217.6000061035,267.1333312988,3.2359998226,130.0666656494,929.8599853515,929.8599853515,929.8599853515,34.5333328247,17.3200016021,3.4799997806,5.5553331375,1.1200000047,0.0000000000,0.0000000000,0.0000000000
2026-10-09 17:46:43,0.3577568769,462.6666564941,222.0666656494,271.5333251953,1.9393333435,115.4666671752,929.8866577148,929.8866577148,929.8866577148,34.5333328247,17.2533321380,3.4266667366,5.5306668281,1.1200000047,0.0000000000,0.0000000000,0.0000000000
2026-10-09 17:52:18,0.3578925371,805.8666381835,220.3333282470,269.7999877929,2.1380000114,100.9333343505,930.0333251953,930.0333251953,930.0333251953,33.7333335876,17.2133312225,3.1399998664,5.4166665077,1.1200000047,0.0000000000,0.0000000000,0.0000000000
2026-10-09 17:58:12,0.3580043792,5614.1333007812,0.0000000000,0.0000000000,0.0000000000,0.0000000000,0.0000000000,0.0000000000,0.0000000000,0.0000000000,0.0000000000,0.0000000000,0.0000000000,0.0000000000,0.0000000000,0.0000000000,0.0000000000
2026-10-09 18:04:07,0.3582185506,3617.1333007812,35.7333335876,42.7999992370,0.2759999990,10.8000001907,132.8800048828,132.8800048828,132.8800048828,4.8000001907,2.4200003147,0.4000000000,0.7553333282,0.1600000143,0.0000000000,0.0000000000,0.0000000000
2026-10-09 18:10:01,0.3585083007,3183.6000976562,32.2666664123,39.3333320617,0.3593333244,7.8666667938,132.8866729736,132.8866729736,132.8866729736,4.7333331108,2.3866667747,0.3400000333,0.7306666851,0.1600000143,0.0000000000,0.0000000000,0.0000000000
2026-10-09 18:15:54,0.3586380243,2793.3332519531,42.2666664123,52.8666648864,0.4559999465,3.9333333969,199.3600006103,199.3600006103,199.3600006103,7.1999998092,3.5066666603,0.5066667079,1.0953333377,0.2400000095,0.0000000000,0.0000000000,0.0000000000
2026-10-09 18:21:47,0.3587754011,2387.9333496093,51.0000000000,61.5999984741,0.6306666851,3.4666666984,199.3466644287,199.3466644287,199.3466644287,7.3333334922,3.4733331203,0.4933333396,1.0959999561,0.2400000095,0.0000000000,0.0000000000,0.0000000000
2026-10-09 18:27:41,0.3587953090,1959.9333496093,45.7333335876,56.3333320617,0.2146666526,3.0000000000,199.3933258056,199.3933258056,199.3933258056,7.1999998092,3.4333333969,0.4400000095,1.0753333568,0.2400000095,0.0000000000,0.0000000000,0.0000000000
2026-10-09 18:33:33,0.3588446378,1517.9333496093,55.4666671752,69.5999984741,0.6026666164,3.0000000000,265.8466796875,265.8466796875,265.8466796875,9.6000003814,4.5133337974,0.4933333396,1.3966666412,0.3200000286,0.0000000000,0.0000000000,0.0000000000
2026-10-09 18:39:25,0.3588928222,1089.3333740234,68.1999969482,82.4000015258,0.4346666812,2.2000000476,265.8666687011,265.8666687011,265.8666687011,9.7333335876,4.4733338356,0.5200000286,1.4106667041,0.3200000286,0.0000000000,0.0000000000,0.0000000000
2026-10-09 18:45:16,0.3590072631,702.5333251953,74.9333343505,92.5999984741,0.4153333187,1.7999999523,332.3733520507,332.3733520507,332.3733520507,12.3333330154,5.5266666412,0.6666667461,1.7653332710,0.4000000000,0.0000000000,0.0000000000,0.0000000000
2026-10-09 18:51:07,0.3599477291,390.6666564941,83.4000015258,101.0666656494,0.4486666679,0.8000000000,332.4200134277,332.4200134277,332.4200134277,12.8666667938,5.4400005340,0.7599999904,1.8059999465,0.4000000000,0.0000000000,0.0000000000,0.0000000000
2026-10-09 18:56:59,0.3605523109,178.4666595458,62.1333351135,76.2666702270,0.4746666431,0.2666666746,265.9533386230,265.9533386230,265.9533386230,10.4666662216,4.3000001907,0.6533333778,1.4593333244,0.3200000286,0.0000000000,0.0000000000,0.0000000000
2026-10-09 19:02:52,0.3606145858,63.2666664123,50.5999984741,61.2000007629,0.2259999990,0.0000000000,199.4866638183,199.4866638183,199.4866638183,8.0000000000,3.1800000667,0.5133333683,1.1053333282,0.2400000095,0.0000000000,0.0000000000,0.0000000000
2026-10-09 19:08:43,0.3606461524,18.7999992370,82.2666702270,100.0000000000,0.4840000152,0.0000000000,332.5466918945,332.5466918945,332.5466918945,13.3999996185,5.1933336257,0.7600000381,1.8099998474,0.4000000000,0.0000000000,0.0000000000,0.0000000000
2026-10-09 19:14:34,0.3606744766,6.0000000000,73.2666702270,90.9333343505,0.3473333358,0.1333333373,332.5800170898,332.5800170898,332.5800170898,13.6000003814,5.1266665458,0.7466667175,1.8079999923,0.4000000000,0.0000000000,0.0000000000,0.0000000000
2026-10-09 19:20:25,0.3606891393,2.0666666030,81.9333343505,99.5999984741,0.4159999847,0.0666666698,332.6000061035,332.6000061035,332.6000061035,13.6666669845,5.0933332443,0.7266666889,1.7973332405,0.4000000000,0.0000000000,0.0000000000,0.0000000000
2026-10-09 19:26:16,0.3606537342,0.4666666507,75.9333343505,93.5999984741,0.3293333053,0.0666666698,332.6133422851,332.6133422851,332.6133422851,13.7333335876,5.0266666412,0.7333333492,1.8046665191,0.4000000000,0.0000000000,0.0000000000,0.0000000000
2026-10-09 19:32:07,0.3607479095,0.0666666698,82.0666656494,99.8000030517,0.4053333282,0.0666666698,332.6600036621,332.6600036621,332.6600036621,13.6666669845,5.0000000000,0.6800000190,1.7833333015,0.4000000000,0.0000000000,0.0000000000,0.0000000000
2026-10-09 19:37:58,0.3606595754,0.0000000000,73.8000030517,91.4666671752,0.4400000095,0.1333333373,332.6933593750,332.6933593750,332.6933593750,13.5333337783,4.9866666793,0.6066666603,1.7540000915,0.4000000000,0.0000000000,0.0000000000,0.0000000000
2026-10-09 19:43:48,0.3606411933,0.0000000000,77.1333312988,94.8000030517,0.6673333644,0.0666666698,332.7466430664,332.7466430664,332.7466430664,13.3333330154,4.9600000381,0.5200000286,1.7233333587,0.4000000000,0.0000000000,0.0000000000,0.0000000000
2026-10-09 19:49:38,0.3605398893,0.0000000000,95.7333297729,116.9333343505,0.7699999332,0.0666666698,399.3266601562,399.3266601562,399.3266601562,16.0666675567,5.9333333969,0.6066666603,2.0586667060,0.4799999713,0.0000000000,0.0000000000,0.0000000000
