2026-10-08 04:17:06,0.3695067167,0.0000000000,209.1999969482,258.7333374023,1.0339999198,0.8000000000,917.4200439453,917.4200439453,917.4200439453,74.6666641235,9.9866647720,7.0000000000,7.4006662368,1.1200000047,0.0000000000,0.0000000000,0.0000000000
2026-10-08 04:22:40,0.3693983078,0.0000000000,227.3333282470,280.3333435058,1.1853332519,0.5333333492,982.9267578125,982.9267578125,982.9267578125,80.0000000000,10.6466665267,7.4400010108,7.9033327102,1.2000000476,0.0000000000,0.0000000000,0.0000000000
2026-10-08 04:28:13,0.3693829774,0.0000000000,245.7333374023,298.7333374023,1.0286667346,0.2666666746,983.0332641601,983.0332641601,983.0332641601,80.0000000000,10.6000003814,7.3333344459,7.8633332252,1.2000000476,0.0000000000,0.0000000000,0.0000000000
2026-10-08 04:33:47,0.3694247722,0.0000000000,233.5333404541,286.7333374023,0.9653331756,0.2000000000,983.1668090820,983.1668090820,983.1668090820,80.0000000000,10.5000000000,7.2733325958,7.8260006904,1.2000000476,0.0000000000,0.0000000000,0.0000000000
2026-10-08 04:39:21,0.3692889451,0.0000000000,236.3999938964,289.3999938964,1.1740000247,0.3333333492,983.1800537109,983.1800537109,983.1800537109,80.0000000000,10.4466667175,7.1999988555,7.7853326797,1.2000000476,0.0000000000,0.0000000000,0.0000000000
2026-10-08 04:44:54,0.3690880298,0.0000000000,233.8000030517,286.7999877929,1.3013331890,0.6000000000,983.2666015625,983.2666015625,983.2666015625,80.0000000000,10.3999996185,7.1133327484,7.7480006217,1.2000000476,0.0000000000,0.0000000000,0.0000000000
2026-10-08 04:50:28,0.3687599658,0.0000000000,233.0000000000,286.0000000000,1.4926666259,0.6666666984,983.3265991210,983.3265991210,983.3265991210,79.9333343505,10.3999996185,7.0999989509,7.7300000190,1.2000000476,0.0000000000,0.0000000000,0.0000000000
2026-10-08 04:56:02,0.3682029724,0.0000000000,231.9333343505,284.9333190917,1.5173334121,0.9333333015,983.3331909179,983.3331909179,983.3331909179,79.0000000000,10.3999996185,7.0399999618,7.7066664695,1.2000000476,0.0000000000,0.0000000000,0.0000000000
2026-10-08 05:01:36,0.3682259082,0.0000000000,227.3999938964,280.3999938964,1.3073333501,0.8666666984,983.3867797851,983.3867797851,983.3867797851,79.0000000000,10.3999996185,7.0000000000,7.6793322563,1.2000000476,0.0000000000,0.0000000000,0.0000000000
2026-10-08 05:07:10,0.3682414531,0.0000000000,244.2666625976,297.4666748046,1.1726666688,0.9333333015,983.4866333007,983.4866333007,983.4866333007,79.0000000000,10.3999996185,6.9200005531,7.6493334770,1.2000000476,0.0000000000,0.0000000000,0.0000000000
2026-10-08 05:12:43,0.3682796716,0.0000000000,211.1999969482,260.6666564941,1.3913333415,0.6666666984,917.9465942382,917.9465942382,917.9465942382,73.7333297729,9.7066669464,6.4400010108,7.1313328742,1.1200000047,0.0000000000,0.0000000000,0.0000000000
2026-10-08 05:18:17,0.3683621644,0.0000000000,246.2666625976,299.3999938964,1.2179999351,0.5333333492,983.5999145507,983.5999145507,983.5999145507,79.0000000000,10.3000011444,6.9000010490,7.6379995346,1.2000000476,0.0000000000,0.0000000000,0.0000000000
2026-10-08 05:23:51,0.3683233261,0.0000000000,229.6666717529,282.6666564941,1.4666667938,0.8000000000,983.6600341796,983.6600341796,983.6600341796,79.0000000000,10.2399988174,6.8933343887,7.6240000724,1.2000000476,0.0000000000,0.0000000000,0.0000000000
2026-10-08 05:29:25,0.3683712720,0.0000000000,220.6000061035,273.6000061035,1.0913332748,0.5333333492,983.7001342773,983.7001342773,983.7001342773,79.0000000000,10.1999988555,6.8866672515,7.6186676025,1.2000000476,0.0000000000,0.0000000000,0.0000000000
2026-10-08 05:34:59,0.3684194326,0.0000000000,229.3999938964,282.3999938964,1.2859998893,0.6666666984,983.7466430664,983.7466430664,983.7466430664,79.0000000000,10.1999988555,6.9000010490,7.6273336410,1.2000000476,0.0000000000,0.0000000000,0.0000000000
2026-10-08 05:40:33,0.3684122323,0.0000000000,228.3333282470,281.4666748046,1.2980000972,0.5333333492,983.8267211914,983.8267211914,983.8267211914,79.0000000000,10.1999988555,6.8466672897,7.6153340339,1.2000000476,0.0000000000,0.0000000000,0.0000000000
2026-10-08 05:46:06,0.3676000595,0.0000000000,215.4666595458,265.0000000000,1.5073331832,0.7333333492,918.2733764648,918.2733764648,918.2733764648,74.0000000000,9.5199995040,6.4200005531,7.1119995117,1.1200000047,0.0000000000,0.0000000000,0.0000000000
2026-10-08 05:51:54,0.3681519269,0.0000000000,118.1999969482,146.4666595458,0.6413333415,0.2000000000,524.7332763671,524.7332763671,524.7332763671,42.3333320617,5.4400000572,3.6733336448,4.0613336563,0.6399999618,0.0000000000,0.0000000000,0.0000000000
2026-10-08 05:57:42,0.3681043624,0.0000000000,114.5999984741,139.3999938964,0.4646667003,0.4000000000,459.1933288574,459.1933288574,459.1933288574,37.3333320617,4.7133331298,3.1733331680,3.5493330955,0.5599999904,0.0000000000,0.0000000000,0.0000000000
2026-10-08 06:03:31,0.3680928945,0.0000000000,116.1333312988,140.8666687011,0.6286666870,0.3333333492,459.2400512695,459.2400512695,459.2400512695,37.3333320617,4.7133331298,3.1866667270,3.5513334274,0.5599999904,0.0000000000,0.0000000000,0.0000000000
2026-10-08 06:09:20,0.3681165695,0.0000000000,107.2666702270,132.0000000000,0.7899999618,0.2666666746,459.2600402832,459.2600402832,459.2600402832,37.3333320617,4.7066664695,3.1733331680,3.5466663837,0.5599999904,0.0000000000,0.0000000000,0.0000000000
2026-10-08 06:15:08,0.3683996438,0.0000000000,109.4000015258,134.1333312988,0.5353333473,0.0000000000,459.3333129882,459.3333129882,459.3333129882,37.3333320617,4.6666665077,3.1733331680,3.5453331470,0.5599999904,0.6000000000,0.0000000000,0.0000000000
2026-10-08 06:20:57,0.3683524608,0.0000000000,110.5999984741,135.3333282470,0.6379999637,0.2000000000,459.3999938964,459.3999938964,459.3999938964,37.5333328247,4.6666665077,3.1933336257,3.5553331375,0.5599999904,1.2000000476,0.0000000000,0.0000000000
2026-10-08 06:26:45,0.3683925628,0.0000000000,113.5999984741,138.3333282470,0.8159999847,0.0666666698,459.4600219726,459.4600219726,459.4600219726,37.7999992370,4.6666665077,3.2200002670,3.5706665515,0.5599999904,3.0666666030,0.0000000000,0.0000000000
2026-10-08 06:32:34,0.3682056665,0.0000000000,108.5333328247,133.2666625976,0.8659999847,0.3333333492,459.5200195312,459.5200195312,459.5200195312,37.7999992370,4.6866664886,3.2666666507,3.5880000591,0.5599999904,1.7999999523,0.0000000000,0.0000000000
2026-10-08 06:38:22,0.3682706594,0.0000000000,105.8666687011,130.6000061035,0.6793333053,0.2000000000,459.5799865722,459.5799865722,459.5799865722,37.7999992370,4.7133331298,3.2666666507,3.5919997692,0.5599999904,0.0000000000,0.0000000000,0.0000000000
2026-10-08 06:44:11,0.3691199302,0.0000000000,112.4666671752,137.2666625976,0.5466666698,0.0666666698,459.5999755859,459.5999755859,459.5999755859,37.7999992370,4.7066664695,3.2666666507,3.5933332443,0.5599999904,0.0000000000,0.0000000000,0.0000000000
2026-10-08 06:49:59,0.3694802522,0.2000000000,113.0000000000,137.7333374023,0.9846666336,0.2000000000,459.6199951171,459.6199951171,459.6199951171,37.7999992370,4.7133331298,3.2666666507,3.5980000495,0.5599999904,0.0000000000,0.0000000000,0.0000000000
2026-10-08 06:55:48,0.3694504261,1.2666666507,109.3333358764,110.1333312988,0.9033332824,0.0666666698,459.6400146484,459.6400146484,459.6400146484,37.7999992370,4.6666665077,3.2666666507,3.5866663455,0.5599999904,2.3333332538,0.0000000000,0.0000000000
2026-10-08 07:01:37,0.3693867206,4.2666668891,109.4666671752,134.1999969482,0.7340000152,0.1333333373,459.6399841308,459.6399841308,459.6399841308,37.7999992370,4.6733331680,3.2733333110,3.5979998111,0.5599999904,1.7999999523,0.0000000000,0.0000000000
