2026-10-08 10:17:11,0.3648630619,5469.7998046875,0.0000000000,0.0000000000,0.0000000000,0.0000000000,0.0000000000,0.0000000000,0.0000000000,0.0000000000,0.0000000000,0.0000000000,0.0000000000,0.0000000000,0.0000000000,0.0000000000,0.0000000000
2026-10-08 10:22:45,0.3643301963,5599.2666015625,0.0000000000,0.0000000000,0.0000000000,0.0000000000,0.0000000000,0.0000000000,0.0000000000,0.0000000000,0.0000000000,0.0000000000,0.0000000000,0.0000000000,0.0000000000,0.0000000000,0.0000000000
2026-10-08 10:28:19,0.3642915725,7272.0668945312,0.0000000000,0.0000000000,0.0000000000,0.0000000000,0.0000000000,0.0000000000,0.0000000000,0.0000000000,0.0000000000,0.0000000000,0.0000000000,0.0000000000,0.0000000000,0.0000000000,0.0000000000
2026-10-08 10:33:54,0.3638301849,1053.8000488281,0.0000000000,0.0000000000,0.0000000000,0.0000000000,0.0000000000,0.0000000000,0.0000000000,0.0000000000,0.0000000000,0.0000000000,0.0000000000,0.0000000000,0.0000000000,0.0000000000,0.0000000000
2026-10-08 10:39:28,0.3635446071,384.0000000000,0.0000000000,0.0000000000,0.0000000000,0.0000000000,0.0000000000,0.0000000000,0.0000000000,0.0000000000,0.0000000000,0.0000000000,0.0000000000,0.0000000000,0.0000000000,0.0000000000,0.0000000000
2026-10-08 10:45:02,0.3632549047,1405.4666748046,0.0000000000,0.0000000000,0.0000000000,0.0000000000,0.0000000000,0.0000000000,0.0000000000,0.0000000000,0.0000000000,0.0000000000,0.0000000000,0.0000000000,0.0000000000,0.0000000000,0.0000000000
2026-10-08 10:50:37,0.3628714561,8998.1337890625,0.0000000000,0.0000000000,0.0000000000,0.0000000000,0.0000000000,0.0000000000,0.0000000000,0.0000000000,0.0000000000,0.0000000000,0.0000000000,0.0000000000,0.0000000000,0.0000000000,0.0000000000
2026-10-08 10:56:11,0.3629218339,6460.2666015625,0.0000000000,0.0000000000,0.0000000000,0.0000000000,0.0000000000,0.0000000000,0.0000000000,0.0000000000,0.0000000000,0.0000000000,0.0000000000,0.0000000000,0.0000000000,0.0000000000,0.0000000000
2026-10-08 11:01:45,0.3626824855,4671.6665039062,0.0000000000,0.0000000000,0.0000000000,0.0000000000,0.0000000000,0.0000000000,0.0000000000,0.0000000000,0.0000000000,0.0000000000,0.0000000000,0.0000000000,0.0000000000,0.0000000000,0.0000000000
2026-10-08 11:07:20,0.3622447013,10251.4003906250,0.0000000000,0.0000000000,0.0000000000,0.0000000000,0.0000000000,0.0000000000,0.0000000000,0.0000000000,0.0000000000,0.0000000000,0.0000000000,0.0000000000,0.0000000000,0.0000000000,0.0000000000
2026-10-08 11:12:54,0.3620571613,11491.1337890625,0.0000000000,0.0000000000,0.0000000000,0.0000000000,0.0000000000,0.0000000000,0.0000000000,0.0000000000,0.0000000000,0.0000000000,0.0000000000,0.0000000000,0.0000000000,0.0000000000,0.0000000000
2026-10-08 11:18:29,0.3624725818,5501.0000000000,0.0000000000,0.0000000000,0.0000000000,0.0000000000,0.0000000000,0.0000000000,0.0000000000,0.0000000000,0.0000000000,0.0000000000,0.0000000000,0.0000000000,0.0000000000,0.0000000000,0.0000000000
2026-10-08 11:24:03,0.3619651556,10525.8662109375,0.0000000000,0.0000000000,0.0000000000,0.0000000000,0.0000000000,0.0000000000,0.0000000000,0.0000000000,0.0000000000,0.0000000000,0.0000000000,0.0000000000,0.0000000000,0.0000000000,0.0000000000
2026-10-08 11:29:38,0.3619962930,11030.3330078125,0.0000000000,0.0000000000,0.0000000000,0.0000000000,0.0000000000,0.0000000000,0.0000000000,0.0000000000,0.0000000000,0.0000000000,0.0000000000,0.0000000000,0.0000000000,0.0000000000,0.0000000000
2026-10-08 11:35:12,0.3619394540,8997.0664062500,0.0000000000,0.0000000000,0.0000000000,0.0000000000,0.0000000000,0.0000000000,0.0000000000,0.0000000000,0.0000000000,0.0000000000,0.0000000000,0.0000000000,0.0000000000,0.0000000000,0.0000000000
2026-10-08 11:40:47,0.3615841388,9154.0000000000,0.0000000000,0.0000000000,0.0000000000,0.0000000000,0.0000000000,0.0000000000,0.0000000000,0.0000000000,0.0000000000,0.0000000000,0.0000000000,0.0000000000,0.0000000000,0.0000000000,0.0000000000
2026-10-08 11:46:21,0.3614264726,10162.2666015625,0.0000000000,0.0000000000,0.0000000000,0.0000000000,0.0000000000,0.0000000000,0.0000000000,0.0000000000,0.0000000000,0.0000000000,0.0000000000,0.0000000000,0.0000000000,0.0000000000,0.0000000000
2026-10-08 11:51:56,0.3611676931,11108.2666015625,0.0000000000,0.0000000000,0.0000000000,0.0000000000,0.0000000000,0.0000000000,0.0000000000,0.0000000000,0.0000000000,0.0000000000,0.0000000000,0.0000000000,0.0000000000,0.0000000000,0.0000000000
2026-10-08 11:57:49,0.3609144210,9015.4003906250,0.0000000000,0.0000000000,0.0000000000,0.0000000000,0.0000000000,0.0000000000,0.0000000000,0.0000000000,0.0000000000,0.0000000000,0.0000000000,0.0000000000,0.0000000000,0.0000000000,0.0000000000
2026-10-08 12:03:43,0.3607534408,6282.7998046875,33.2666664123,40.4666671752,0.5326666355,86.0666656494,131.6333312988,131.6333312988,131.6333312988,6.5333333015,2.2933335304,0.8666666984,0.9666666030,0.1600000143,0.0000000000,0.0000000000,0.0000000000
2026-10-08 12:09:38,0.3605482101,390.6000061035,31.2666664123,38.4666671752,0.5193333148,87.8666687011,131.6266632080,131.6266632080,131.6266632080,6.8000001907,2.2999999523,0.9533332824,1.0099999904,0.1600000143,0.0000000000,0.0000000000,0.0000000000
2026-10-08 12:15:33,0.3603988647,384.0000000000,14.4666662216,18.0666675567,0.1840000057,44.9333343505,65.8133316040,65.8133316040,65.8133316040,3.4000000953,1.1599999666,0.4866666793,0.5099999904,0.0800000095,0.0000000000,0.0000000000,0.0000000000
2026-10-08 12:21:29,0.3600748538,384.0000000000,15.8000001907,19.3999996185,0.2019999980,43.9333343505,65.8133316040,65.8133316040,65.8133316040,3.3333332538,1.1733334064,0.4666666507,0.5006666660,0.0800000095,0.0000000000,0.0000000000,0.0000000000
2026-10-08 12:27:23,0.3591923952,384.0000000000,34.5333328247,41.6666679382,0.2393333435,95.1333312988,131.6266632080,131.6266632080,131.6266632080,6.5333333015,2.3866665363,0.9533332824,1.0073332786,0.1600000143,0.0000000000,0.0000000000,0.0000000000
2026-10-08 12:33:19,0.3592032909,1505.5999755859,15.4666662216,19.0666675567,0.2486666679,47.4000015258,65.8133316040,65.8133316040,65.8133316040,3.2666666507,1.2133333683,0.5000000000,0.5173333168,0.0800000095,0.0000000000,0.0000000000,0.0000000000
2026-10-08 12:39:14,0.3591582536,1608.3333740234,14.2666664123,17.8666667938,0.2759999990,15.7333335876,65.8199996948,65.8199996948,65.8199996948,3.2666666507,1.2000000476,0.4866666793,0.5079999923,0.0800000095,0.0000000000,0.0000000000,0.0000000000
2026-10-08 12:45:10,0.3589221239,384.0000000000,17.3333339691,20.9333324432,0.2859999847,45.9333343505,65.8199996948,65.8199996948,65.8199996948,3.2000000476,1.2200000286,0.4800000190,0.5039999961,0.0800000095,0.0000000000,0.0000000000,0.0000000000
2026-10-08 12:51:05,0.3589098691,902.2666625976,15.6000003814,19.2000007629,0.2206666707,51.5999984741,65.8199996948,65.8199996948,65.8199996948,3.1333334445,1.2133333683,0.4466666698,0.4893332958,0.0800000095,0.0000000000,0.0000000000,0.0000000000
2026-10-08 12:57:01,0.3584368705,384.0000000000,17.7999992370,21.3999996185,0.1480000019,53.4666671752,65.8199996948,65.8199996948,65.8199996948,3.1333334445,1.2400000095,0.4866666793,0.5099999904,0.0800000095,0.0000000000,0.0000000000,0.0000000000
2026-10-08 13:02:56,0.3585491657,6838.2666015625,18.7999992370,22.3999996185,0.0406666660,50.1333351135,65.8199996948,65.8199996948,65.8199996948,2.9333333969,1.2533334493,0.4333333492,0.4799999713,0.0800000095,0.0000000000,0.0000000000,0.0000000000
2026-10-08 13:08:52,0.3591861963,11703.5332031250,12.0000000000,15.6000003814,0.1740000009,25.2000007629,65.8133316040,65.8133316040,65.8133316040,3.0000000000,1.2400000095,0.4333333492,0.4826666355,0.0800000095,0.0000000000,0.0000000000,0.0000000000
2026-10-08 13:14:47,0.3595298528,11826.8662109375,15.6000003814,19.2000007629,0.1486666679,10.5333337783,65.8066711425,65.8066711425,65.8066711425,3.0000000000,1.2000000476,0.3933333396,0.4640000343,0.0800000095,0.0000000000,0.0000000000,0.0000000000
2026-10-08 13:20:42,0.3597307205,9169.5332031250,26.7333335876,33.9333343505,0.4613333225,63.6666679382,131.6200103759,131.6200103759,131.6200103759,6.1333332061,2.3600001335,0.8066666603,0.9346666336,0.1600000143,0.0000000000,0.0000000000,0.0000000000
2026-10-08 13:26:37,0.3590831279,3361.0666503906,16.7333335876,20.2666664123,0.2526666641,14.5333337783,65.8066711425,65.8066711425,65.8066711425,3.0666666030,1.2066667079,0.4200000286,0.4759999752,0.0800000095,0.0000000000,0.0000000000,0.0000000000
2026-10-08 13:32:32,0.3602074146,8262.0000000000,29.2666664123,36.3333320617,0.3413333415,34.5333328247,131.6000061035,131.6000061035,131.6000061035,6.0666666030,2.4400000572,0.8533333778,0.9573333740,0.1600000143,0.0000000000,0.0000000000,0.0000000000
2026-10-08 13:38:26,0.3604233026,10563.0000000000,31.5333328247,38.6666679382,0.4166666507,37.0000000000,131.6200103759,131.6200103759,131.6200103759,6.0666666030,2.4266667366,0.8466667175,0.9533332824,0.1600000143,0.0000000000,0.0000000000,0.0000000000
2026-10-08 13:44:21,0.3604990959,9522.7998046875,17.6000003814,21.1333332061,0.1753333187,15.7333335876,65.8199996948,65.8199996948,65.8199996948,3.0000000000,1.2200000286,0.4266666889,0.4780000209,0.0800000095,0.0000000000,0.0000000000,0.0000000000
2026-10-08 13:50:17,0.3599581956,5426.4667968750,13.7333335876,17.2666664123,0.3779999971,22.1333332061,65.8199996948,65.8199996948,65.8199996948,3.0000000000,1.2066667079,0.4066666603,0.4699999809,0.0800000095,0.0000000000,0.0000000000,0.0000000000
2026-10-08 13:56:11,0.3604240655,8721.9335937500,31.3333339691,38.4000015258,0.4899999618,12.9333333969,131.6000061035,131.6000061035,131.6000061035,6.0666666030,2.3933334350,0.8199999809,0.9413333892,0.1600000143,0.0000000000,0.0000000000,0.0000000000
2026-10-08 14:02:07,0.3606109857,5265.7998046875,16.4666671752,20.0000000000,0.2953333377,6.0666666030,65.8066711425,65.8066711425,65.8066711425,3.0000000000,1.1800000667,0.3933333396,0.4613333225,0.0800000095,0.0000000000,0.0000000000,0.0000000000
2026-10-08 14:08:01,0.3596505165,1697.9333496093,34.6666679382,41.7333335876,0.4053333282,87.5999984741,131.6266632080,131.6266632080,131.6266632080,5.8000001907,2.4399998188,0.7800000190,0.9206665992,0.1600000143,0.0000000000,0.0000000000,0.0000000000
2026-10-08 14:13:54,0.3590913057,384.0000000000,25.6000003814,32.6666679382,0.2686666488,85.4666671752,131.6066741943,131.6066741943,131.6066741943,5.7333331108,2.5066666603,0.8199999809,0.9366665840,0.1600000143,0.0000000000,0.0000000000,0.0000000000
2026-10-08 14:19:48,0.3591866731,6246.8666992187,27.8666667938,34.9333343505,0.5439999580,55.7333335876,131.5933380126,131.5933380126,131.5933380126,5.8666667938,2.5000000000,0.8600000381,0.9560000419,0.1600000143,0.0000000000,0.0000000000,0.0000000000
2026-10-08 14:25:42,0.3597747802,5661.6000976562,33.7333335876,40.7999992370,0.3599999904,62.6666679382,131.6000061035,131.6000061035,131.6000061035,6.0000000000,2.4800000190,0.8800000190,0.9686666488,0.1600000143,0.0000000000,0.0000000000,0.0000000000
2026-10-08 14:31:37,0.3593827247,384.0000000000,15.0666666030,18.6666660308,0.1093333244,44.7333335876,65.8133316040,65.8133316040,65.8133316040,3.0666666030,1.2333333492,0.4599999904,0.4940000057,0.0800000095,0.0000000000,0.0000000000,0.0000000000
2026-10-08 14:37:33,0.3593008041,384.0000000000,15.2666664123,18.7999992370,0.2566666603,43.7999992370,65.8066711425,65.8066711425,65.8066711425,3.0000000000,1.2533334493,0.4466666698,0.4866666316,0.0800000095,0.0000000000,0.0000000000,0.0000000000
2026-10-08 14:43:25,0.3590329885,384.0000000000,45.5999984741,56.2000007629,0.8100000381,125.8666687011,197.3866729736,197.3866729736,197.3866729736,9.0666666030,3.7800002098,1.3866666603,1.4839999675,0.2400000095,0.0000000000,0.0000000000,0.0000000000
2026-10-08 14:49:18,0.3591125488,384.0000000000,31.2666664123,38.3333320617,0.5826666355,81.5333328247,131.5866699218,131.5866699218,131.5866699218,6.0000000000,2.5000000000,0.9066666603,0.9813333511,0.1600000143,0.0000000000,0.0000000000,0.0000000000
2026-10-08 14:55:14,0.3588739871,384.0000000000,15.0666666030,18.6000003814,0.2633333206,40.4000015258,65.7933349609,65.7933349609,65.7933349609,2.9333333969,1.2533334493,0.4266666889,0.4773333549,0.0800000095,0.0000000000,0.0000000000,0.0000000000
2026-10-08 15:01:08,0.3586940526,384.0000000000,33.2000007629,40.2666664123,0.5926666259,82.4000015258,131.5866699218,131.5866699218,131.5866699218,5.9333333969,2.5466666221,0.9066666603,0.9799999237,0.1600000143,0.0000000000,0.0000000000,0.0000000000
2026-10-08 15:07:01,0.3585861206,6164.7333984375,27.7333335876,34.7999992370,0.4260000228,86.0666656494,131.5933380126,131.5933380126,131.5933380126,5.8000001907,2.5600001811,0.8733333587,0.9646665573,0.1600000143,0.0000000000,0.0000000000,0.0000000000
2026-10-08 15:12:55,0.3591236591,8719.2666015625,29.7333335876,36.7999992370,0.6006667137,28.0666675567,131.5933380126,131.5933380126,131.5933380126,5.5999999046,2.4800000190,0.7400000095,0.9033332824,0.1600000143,0.0000000000,0.0000000000,0.0000000000
2026-10-08 15:18:50,0.3590047836,7917.2666015625,15.8666667938,19.3999996185,0.2286666393,11.6666669845,65.8000030517,65.8000030517,65.8000030517,2.7333333492,1.2466666698,0.3600000143,0.4446666717,0.0800000095,0.0000000000,0.0000000000,0.0000000000
2026-10-08 15:24:46,0.3590537071,7134.0668945312,16.6666660308,20.2000007629,0.2433333158,9.2666664123,65.8000030517,65.8000030517,65.8000030517,2.5999999046,1.2466666698,0.3200000286,0.4266666412,0.0800000095,0.0000000000,0.0000000000,0.0000000000
2026-10-08 15:30:40,0.3585116386,5630.0000000000,28.0666675567,35.1333351135,0.4940000057,48.4666671752,131.6133422851,131.6133422851,131.6133422851,5.4000000953,2.5199999809,0.7066667079,0.8853332519,0.1600000143,0.0000000000,0.0000000000,0.0000000000
2026-10-08 15:36:33,0.3592152357,10508.6669921875,30.0000000000,37.1333351135,0.3773333072,13.5333337783,131.6133270263,131.6133270263,131.6133270263,5.5333333015,2.4533336162,0.7066667079,0.8840000152,0.1600000143,0.0000000000,0.0000000000,0.0000000000
2026-10-08 15:42:29,0.3594402790,6175.1333007812,15.1999998092,18.7333335876,0.2493333339,6.7333331108,65.8133316040,65.8133316040,65.8133316040,2.7999999523,1.2133333683,0.3600000143,0.4453333377,0.0800000095,0.0000000000,0.0000000000,0.0000000000
2026-10-08 15:48:24,0.3588628292,8037.0668945312,18.6000003814,22.1333332061,0.2660000085,6.6666665077,65.8266677856,65.8266677856,65.8266677856,2.8666666030,1.2133333683,0.3666666746,0.4506666183,0.0800000095,0.0000000000,0.0000000000,0.0000000000
2026-10-08 15:54:20,0.3591107845,11876.0664062500,15.9333333969,19.4666671752,0.1046666622,10.7333335876,65.8266677856,65.8266677856,65.8266677856,2.9333333969,1.2066667079,0.3866666793,0.4606666564,0.0800000095,0.0000000000,0.0000000000,0.0000000000
2026-10-08 16:00:15,0.3592609167,12456.4003906250,12.0000000000,15.5333337783,0.4733333110,23.5333328247,65.8400039672,65.8400039672,65.8400039672,3.1333334445,1.2066667079,0.4599999904,0.4946666240,0.0800000095,0.0000000000,0.0000000000,0.0000000000
2026-10-08 16:06:11,0.3597848892,6625.6665039062,15.6000003814,19.1333332061,0.1006666660,10.8666667938,65.8400039672,65.8400039672,65.8400039672,3.7999999523,1.1599999666,0.5866666793,0.5640000343,0.0800000095,0.0000000000,0.0000000000,0.0000000000
