2026-09-28 10:14:23,0.3632002115,14687.4667968750,0.0000000000,0.0000000000,0.0000000000,0.0000000000,0.0000000000,0.0000000000,0.0000000000,0.0000000000,0.0000000000,0.0000000000,0.0000000000,0.0000000000,0.0000000000,0.0000000000,0.0000000000
2026-09-28 10:19:56,0.3629706859,13616.5332031250,0.0000000000,0.0000000000,0.0000000000,0.0000000000,0.0000000000,0.0000000000,0.0000000000,0.0000000000,0.0000000000,0.0000000000,0.0000000000,0.0000000000,0.0000000000,0.0000000000,0.0000000000
2026-09-28 10:25:29,0.3627811431,13421.2001953125,0.0000000000,0.0000000000,0.0000000000,0.0000000000,0.0000000000,0.0000000000,0.0000000000,0.0000000000,0.0000000000,0.0000000000,0.0000000000,0.0000000000,0.0000000000,0.0000000000,0.0000000000
2026-09-28 10:31:02,0.3627663135,16610.2675781250,0.0000000000,0.0000000000,0.0000000000,0.0000000000,0.0000000000,0.0000000000,0.0000000000,0.0000000000,0.0000000000,0.0000000000,0.0000000000,0.0000000000,0.0000000000,0.0000000000,0.0000000000
2026-09-28 10:36:35,0.3626866579,16130.5996093750,0.0000000000,0.0000000000,0.0000000000,0.0000000000,0.0000000000,0.0000000000,0.0000000000,0.0000000000,0.0000000000,0.0000000000,0.0000000000,0.0000000000,0.0000000000,0.0000000000,0.0000000000
2026-09-28 10:42:08,0.3625170946,13545.5996093750,0.0000000000,0.0000000000,0.0000000000,0.0000000000,0.0000000000,0.0000000000,0.0000000000,0.0000000000,0.0000000000,0.0000000000,0.0000000000,0.0000000000,0.0000000000,0.0000000000,0.0000000000
2026-09-28 10:47:41,0.3624553918,12814.6669921875,0.0000000000,0.0000000000,0.0000000000,0.0000000000,0.0000000000,0.0000000000,0.0000000000,0.0000000000,0.0000000000,0.0000000000,0.0000000000,0.0000000000,0.0000000000,0.0000000000,0.0000000000
2026-09-28 10:53:14,0.3623068571,8143.2001953125,0.0000000000,0.0000000000,0.0000000000,0.0000000000,0.0000000000,0.0000000000,0.0000000000,0.0000000000,0.0000000000,0.0000000000,0.0000000000,0.0000000000,0.0000000000,0.0000000000,0.0000000000
2026-09-28 10:58:47,0.3618508577,2006.9333496093,0.0000000000,0.0000000000,0.0000000000,0.0000000000,0.0000000000,0.0000000000,0.0000000000,0.0000000000,0.0000000000,0.0000000000,0.0000000000,0.0000000000,0.0000000000,0.0000000000,0.0000000000
2026-09-28 11:04:20,0.3615667343,1713.5999755859,0.0000000000,0.0000000000,0.0000000000,0.0000000000,0.0000000000,0.0000000000,0.0000000000,0.0000000000,0.0000000000,0.0000000000,0.0000000000,0.0000000000,0.0000000000,0.0000000000,0.0000000000
2026-09-28 11:09:53,0.3614572525,6757.3334960937,0.0000000000,0.0000000000,0.0000000000,0.0000000000,0.0000000000,0.0000000000,0.0000000000,0.0000000000,0.0000000000,0.0000000000,0.0000000000,0.0000000000,0.0000000000,0.0000000000,0.0000000000
2026-09-28 11:15:26,0.3616271018,9366.5996093750,0.0000000000,0.0000000000,0.0000000000,0.0000000000,0.0000000000,0.0000000000,0.0000000000,0.0000000000,0.0000000000,0.0000000000,0.0000000000,0.0000000000,0.0000000000,0.0000000000,0.0000000000
2026-09-28 11:21:00,0.3618478775,9274.7333984375,0.0000000000,0.0000000000,0.0000000000,0.0000000000,0.0000000000,0.0000000000,0.0000000000,0.0000000000,0.0000000000,0.0000000000,0.0000000000,0.0000000000,0.0000000000,0.0000000000,0.0000000000
2026-09-28 11:26:35,0.3616070747,6617.4667968750,0.0000000000,0.0000000000,0.0000000000,0.0000000000,0.0000000000,0.0000000000,0.0000000000,0.0000000000,0.0000000000,0.0000000000,0.0000000000,0.0000000000,0.0000000000,0.0000000000,0.0000000000
2026-09-28 11:32:09,0.3613786458,7980.5332031250,0.0000000000,0.0000000000,0.0000000000,0.0000000000,0.0000000000,0.0000000000,0.0000000000,0.0000000000,0.0000000000,0.0000000000,0.0000000000,0.0000000000,0.0000000000,0.0000000000,0.0000000000
2026-09-28 11:37:44,0.3613765716,7600.0668945312,0.0000000000,0.0000000000,0.0000000000,0.0000000000,0.0000000000,0.0000000000,0.0000000000,0.0000000000,0.0000000000,0.0000000000,0.0000000000,0.0000000000,0.0000000000,0.0000000000,0.0000000000
2026-09-28 11:43:17,0.3610041379,6080.5332031250,0.0000000000,0.0000000000,0.0000000000,0.0000000000,0.0000000000,0.0000000000,0.0000000000,0.0000000000,0.0000000000,0.0000000000,0.0000000000,0.0000000000,0.0000000000,0.0000000000,0.0000000000
2026-09-28 11:48:51,0.3609708309,5700.8666992187,0.0000000000,0.0000000000,0.0000000000,0.0000000000,0.0000000000,0.0000000000,0.0000000000,0.0000000000,0.0000000000,0.0000000000,0.0000000000,0.0000000000,0.0000000000,0.0000000000,0.0000000000
2026-09-28 11:54:46,0.3611851692,9454.6669921875,0.0000000000,0.0000000000,0.0000000000,0.0000000000,0.0000000000,0.0000000000,0.0000000000,0.0000000000,0.0000000000,0.0000000000,0.0000000000,0.0000000000,0.0000000000,0.0000000000,0.0000000000
2026-09-28 12:00:41,0.3612645626,12459.4003906250,21.7333335876,1.2666666507,0.0266666650,21.3333339691,66.0400009155,66.0400009155,66.0400009155,4.0666666030,1.2800000953,0.7733333587,0.6773333072,0.0800000095,0.0000000000,0.0000000000,0.0000000000
2026-09-28 12:06:37,0.3613473892,15245.2001953125,17.8666667938,21.3999996185,0.0093333330,18.0666675567,66.0466690063,66.0466690063,66.0466690063,4.0666666030,1.2999999523,0.7933333396,0.6893333435,0.0800000095,0.0000000000,0.0000000000,0.0000000000
2026-09-28 12:12:32,0.3613443851,15928.5996093750,23.2000007629,2.7333333492,0.0799999952,15.7333335876,66.0466690063,66.0466690063,66.0466690063,4.1333332061,1.2933332920,0.8000000000,0.6926666259,0.0800000095,0.0000000000,0.0000000000,0.0000000000
2026-09-28 12:18:28,0.3613679170,16759.1992187500,0.4000000000,3.9333333969,0.0459999990,17.1333332061,66.0466690063,66.0466690063,66.0466690063,4.0000000000,1.2999999523,0.7666666507,0.6739999771,0.0800000095,0.0000000000,0.0000000000,0.0000000000
2026-09-28 12:24:23,0.3605147838,13179.7998046875,21.6000003814,1.1333333253,0.0806666564,21.2666664123,66.0466690063,66.0466690063,66.0466690063,4.0000000000,1.2999999523,0.7733333587,0.6780000209,0.0800000095,0.0000000000,0.0000000000,0.0000000000
2026-09-28 12:30:19,0.3603170871,10232.0000000000,22.6666660308,2.2000000476,0.0259999990,24.2000007629,66.0466690063,66.0466690063,66.0466690063,4.0666666030,1.3266665935,0.8133333206,0.7026666641,0.0800000095,0.0000000000,0.0000000000,0.0000000000
2026-09-28 12:36:14,0.3600566864,5642.4667968750,0.1333333373,3.6666667461,0.0833333396,25.1333332061,66.0466690063,66.0466690063,66.0466690063,3.8666666030,1.3400000333,0.7799999713,0.6813333034,0.0800000095,0.0000000000,0.0000000000,0.0000000000
2026-09-28 12:42:10,0.3595976591,3368.2666015625,23.4666671752,3.0000000000,0.0159999990,28.0666675567,66.0333328247,66.0333328247,66.0333328247,3.9333333969,1.3666666746,0.8133333206,0.7019999504,0.0800000095,0.0000000000,0.0000000000,0.0000000000
2026-09-28 12:48:05,0.3595168352,3274.4665527343,20.8666667938,0.4000000000,0.1266666650,30.6666660308,66.0266647338,66.0266647338,66.0266647338,3.8666666030,1.3733333349,0.8133333206,0.7026666641,0.0800000095,0.0000000000,0.0000000000,0.0000000000
2026-09-28 12:54:01,0.3597116470,8104.3334960937,20.9333324432,0.4666666507,0.1753333187,25.2666664123,66.0266647338,66.0266647338,66.0266647338,3.8666666030,1.3666666746,0.8066666603,0.6953332901,0.0800000095,0.0000000000,0.0000000000,0.0000000000
2026-09-28 12:59:56,0.3597979068,10691.5332031250,4.5999999046,8.1333332061,0.0706666660,21.7333335876,66.0266647338,66.0266647338,66.0266647338,3.8666666030,1.3933333206,0.8333333015,0.7126666069,0.0800000095,0.0000000000,0.0000000000,0.0000000000
2026-09-28 13:05:52,0.3597485780,3269.4665527343,20.9333324432,0.4666666507,0.2039999961,24.6000003814,66.0266647338,66.0266647338,66.0266647338,3.7999999523,1.3799999952,0.8066666603,0.6946666717,0.0800000095,0.0000000000,0.0000000000,0.0000000000
2026-09-28 13:11:47,0.3590432167,384.0000000000,20.3333339691,23.8666667938,0.0500000000,40.4666671752,66.0266647338,66.0266647338,66.0266647338,3.9333333969,1.4266666412,0.8733333587,0.7406666278,0.0800000095,0.0000000000,0.0000000000,0.0000000000
2026-09-28 13:17:43,0.3585198879,485.3333435058,21.3999996185,0.9333333015,0.0633333301,37.9333343505,66.0133361816,66.0133361816,66.0133361816,3.8666666030,1.4466667175,0.8733333587,0.7420000076,0.0800000095,0.0000000000,0.0000000000,0.0000000000
2026-09-28 13:23:38,0.3588953971,429.4666748046,21.4666671752,1.0000000000,0.0993333339,32.8666648864,66.0066680908,66.0066680908,66.0066680908,3.5999999046,1.4666666984,0.8266667366,0.7066666603,0.0800000095,0.0000000000,0.0000000000,0.0000000000
2026-09-28 13:29:34,0.3584846973,1296.8666992187,12.6666669845,16.2000007629,0.0580000019,53.1333351135,66.0066680908,66.0066680908,66.0066680908,3.5333333015,1.4533333778,0.7866666793,0.6806666851,0.0800000095,0.0000000000,0.0000000000,0.0000000000
2026-09-28 13:35:29,0.3586870431,2504.8666992187,22.2666664123,1.7999999523,0.0599999952,26.8666667938,66.0000000000,66.0000000000,66.0000000000,3.5333333015,1.4933333396,0.8333333015,0.7093333244,0.0800000095,0.0000000000,0.0000000000,0.0000000000
2026-09-28 13:41:25,0.3589102268,3721.8000488281,22.5333328247,2.0666666030,0.0393333320,24.7999992370,66.0000000000,66.0000000000,66.0000000000,3.6666667461,1.4866667747,0.8533333778,0.7259999275,0.0800000095,0.0000000000,0.0000000000,0.0000000000
2026-09-28 13:47:20,0.3600821495,4347.4667968750,1.1333333253,4.6666665077,0.0333333349,25.5333328247,65.9933319091,65.9933319091,65.9933319091,3.4000000953,1.5066666603,0.8133333206,0.6979999542,0.0800000095,0.0000000000,0.0000000000,0.0000000000
2026-09-28 13:53:16,0.3602884769,3057.1333007812,20.1333332061,23.6666660308,0.0746666669,25.1333332061,65.9800033569,65.9800033569,65.9800033569,3.6666667461,1.4733333587,0.8533333778,0.7253333091,0.0800000095,0.0000000000,0.0000000000,0.0000000000
2026-09-28 13:59:11,0.3599223852,2264.1999511718,20.7333335876,0.2666666746,0.0519999980,27.0666675567,65.9933319091,65.9933319091,65.9933319091,3.5333333015,1.5200000762,0.8533333778,0.7226666927,0.0800000095,0.0000000000,0.0000000000,0.0000000000
2026-09-28 14:05:07,0.3596512317,1988.6666259765,20.7333335876,0.2666666746,0.0580000019,27.4666671752,65.9866638183,65.9866638183,65.9866638183,3.4666666984,1.5466667175,0.8600000381,0.7286665916,0.0800000095,0.0000000000,0.0000000000,0.0000000000
2026-09-28 14:11:02,0.3597470521,9477.8662109375,15.8000001907,19.3333339691,0.0386666660,24.8666667938,65.9733352661,65.9733352661,65.9733352661,3.3333332538,1.5266666412,0.8066666603,0.6920000076,0.0800000095,0.0000000000,0.0000000000,0.0000000000
2026-09-28 14:16:58,0.3603201866,16624.8007812500,20.0000000000,23.5333328247,0.0406666660,16.3333339691,65.9800033569,65.9800033569,65.9800033569,3.4666666984,1.5200000762,0.8266667366,0.7066666603,0.0800000095,0.0000000000,0.0000000000,0.0000000000
2026-09-28 14:22:53,0.3607392787,16466.3339843750,14.1333332061,17.6666660308,0.0913333320,14.5333337783,65.9800033569,65.9800033569,65.9800033569,3.5333333015,1.4733333587,0.8066666603,0.6933333396,0.0800000095,0.0000000000,0.0000000000,0.0000000000
2026-09-28 14:28:49,0.3607510089,16166.5996093750,19.6000003814,23.1333332061,0.0519999980,14.8666667938,65.9733352661,65.9733352661,65.9733352661,3.7333333492,1.4733333587,0.8600000381,0.7293333053,0.0800000095,0.0000000000,0.0000000000,0.0000000000
2026-09-28 14:34:44,0.3606158256,15642.2001953125,20.4666671752,0.0000000000,0.0939999961,13.8666667938,65.9733352661,65.9733352661,65.9733352661,3.7333333492,1.4800000190,0.8733333587,0.7413332939,0.0800000095,0.0000000000,0.0000000000,0.0000000000
2026-09-28 14:40:40,0.3605684995,17295.3339843750,22.0000000000,1.5333333015,0.0206666660,14.6000003814,65.9800033569,65.9800033569,65.9800033569,3.6666667461,1.4866667747,0.8733333587,0.7393333435,0.0800000095,0.0000000000,0.0000000000,0.0000000000
2026-09-28 14:46:36,0.3606521129,14991.8662109375,16.7999992370,20.3333339691,0.0626666641,13.8666667938,65.9733352661,65.9733352661,65.9733352661,3.6666667461,1.4733333587,0.8533333778,0.7233333110,0.0800000095,0.0000000000,0.0000000000,0.0000000000
2026-09-28 14:52:31,0.3608577728,15965.4003906250,16.2000007629,19.7333335876,0.1806666755,14.1333332061,65.9666671752,65.9666671752,65.9666671752,3.5999999046,1.4599999427,0.8199999809,0.7026666641,0.0800000095,0.0000000000,0.0000000000,0.0000000000
2026-09-28 14:58:27,0.3607461690,14593.4667968750,4.6666665077,8.1999998092,0.0466666650,13.8000001907,65.9733352661,65.9733352661,65.9733352661,3.7333333492,1.4733333587,0.8666666984,0.7340000152,0.0800000095,0.0000000000,0.0000000000,0.0000000000
2026-09-28 15:04:22,0.3609036207,12758.4003906250,20.2000007629,23.7333335876,0.0686666679,12.3999996185,65.9666671752,65.9666671752,65.9666671752,3.7999999523,1.4333333015,0.8400000572,0.7173333644,0.0800000095,0.0000000000,0.0000000000,0.0000000000
2026-09-28 15:10:18,0.3610730171,11353.4667968750,22.4666671752,2.0000000000,0.0299999980,10.3333330154,65.9666671752,65.9666671752,65.9666671752,3.7333333492,1.4400000572,0.8333333015,0.7126666069,0.0800000095,0.0000000000,0.0000000000,0.0000000000
2026-09-28 15:16:13,0.3611153364,10353.0664062500,0.0666666698,3.5999999046,0.0486666631,10.0000000000,65.9666671752,65.9666671752,65.9666671752,3.8666666030,1.4266666412,0.8533333778,0.7286665916,0.0800000095,0.0000000000,0.0000000000,0.0000000000
2026-09-28 15:22:09,0.3610101222,10171.3330078125,16.1333332061,19.6666660308,0.0426666688,9.0666666030,65.9800033569,65.9800033569,65.9800033569,3.7333333492,1.4333333015,0.8333333015,0.7126666069,0.0800000095,0.0000000000,0.0000000000,0.0000000000
2026-09-28 15:28:04,0.3610331773,9643.0664062500,1.5333333015,5.0666666030,0.0199999990,8.8000001907,65.9733352661,65.9733352661,65.9733352661,3.7999999523,1.4466667175,0.8600000381,0.7326666831,0.0800000095,0.0000000000,0.0000000000,0.0000000000
2026-09-28 15:34:00,0.3612154722,9515.3330078125,9.4666662216,13.0000000000,0.0799999952,8.4666662216,65.9800033569,65.9800033569,65.9800033569,3.7999999523,1.4400000572,0.8533333778,0.7293333053,0.0800000095,0.0000000000,0.0000000000,0.0000000000
2026-09-28 15:39:55,0.3613893747,11347.2001953125,10.3333330154,13.8666667938,0.0693333244,9.2666664123,65.9733352661,65.9733352661,65.9733352661,3.9333333969,1.3933333206,0.8533333778,0.7259999275,0.0800000095,0.0000000000,0.0000000000,0.0000000000
2026-09-28 15:45:49,0.3613497257,14387.5996093750,21.7999992370,32.4000015258,0.1013333320,34.5999984741,197.9199981689,197.9199981689,197.9199981689,11.9333333969,4.1666665077,2.5666666030,2.1906666755,0.2400000095,0.0000000000,0.0000000000,0.0000000000
2026-09-28 15:51:44,0.3613438844,11222.7333984375,10.8000001907,14.3333330154,0.0733333349,9.0000000000,65.9666671752,65.9666671752,65.9666671752,3.9333333969,1.3799999952,0.8400000572,0.7206666469,0.0800000095,0.0000000000,0.0000000000,0.0000000000
2026-09-28 15:57:40,0.3614426136,11481.5996093750,9.0000000000,12.5333337783,0.1113333344,11.1999998092,65.9666671752,65.9666671752,65.9666671752,4.0000000000,1.3600000143,0.8266667366,0.7119999408,0.0800000095,0.0000000000,0.0000000000,0.0000000000
2026-09-28 16:03:35,0.3613140344,13528.0000000000,8.4666662216,12.0000000000,0.0313333320,12.5333337783,65.9666671752,65.9666671752,65.9666671752,4.0000000000,1.3799999952,0.8533333778,0.7299999713,0.0800000095,0.0000000000,0.0000000000,0.0000000000
